5.591402805293910205e-05 9.999440908432006836e-01
1.226519088959321380e-05 9.999877214431762695e-01
2.557506377343088388e-06 9.999974966049194336e-01
2.473108224876341410e-06 9.999974966049194336e-01
6.805101975260186009e-07 9.999992847442626953e-01
1.851572392297384795e-06 9.999980926513671875e-01
8.818171409075148404e-06 9.999911785125732422e-01
5.558647899306379259e-06 9.999943971633911133e-01
7.513328455388545990e-04 9.992486834526062012e-01
1.081131586033734493e-06 9.999989271163940430e-01
6.685991538688540459e-04 9.993314743041992188e-01
4.364798314782092348e-06 9.999955892562866211e-01
4.986245185136795044e-03 9.950137734413146973e-01
9.534006153444352094e-07 9.999990463256835938e-01
5.470552082442736719e-07 9.999994039535522461e-01
2.948145083792041987e-05 9.999705553054809570e-01
4.791441824636422098e-06 9.999952316284179688e-01
1.230695033882511780e-05 9.999877214431762695e-01
1.685064489720389247e-06 9.999983310699462891e-01
8.998835596685239580e-07 9.999990463256835938e-01
1.147080411101342179e-06 9.999988079071044922e-01
2.620246277729165740e-06 9.999973773956298828e-01
2.977400981762912124e-06 9.999970197677612305e-01
2.174918790842639282e-06 9.999978542327880859e-01
4.401578735269140452e-06 9.999955892562866211e-01
2.650821697898209095e-04 9.997349381446838379e-01
4.129296168684959412e-02 9.587070345878601074e-01
9.999588727951049805e-01 4.117617936572059989e-05
1.541010383516550064e-02 9.845898151397705078e-01
6.628803163766860962e-02 9.337119460105895996e-01
1.868678443133831024e-02 9.813132286071777344e-01
1.203474198518961202e-06 9.999988079071044922e-01
4.270532826922135428e-06 9.999957084655761719e-01
1.366622086607094388e-06 9.999986886978149414e-01
7.423208444379270077e-05 9.999257326126098633e-01
2.134551095878123306e-06 9.999978542327880859e-01
4.540225745586212724e-06 9.999954700469970703e-01
2.180006276830681600e-06 9.999978542327880859e-01
2.169371555282850750e-06 9.999978542327880859e-01
4.964286745234858245e-06 9.999949932098388672e-01
1.577664352953433990e-02 9.842233061790466309e-01
9.998569488525390625e-01 1.430447446182370186e-04
4.275690391659736633e-02 9.572430253028869629e-01
9.563982486724853516e-03 9.904360175132751465e-01
2.079105797747615725e-06 9.999979734420776367e-01
2.535264684411231428e-06 9.999974966049194336e-01
2.575947940349578857e-01 7.424051761627197266e-01
8.660901585244573653e-06 9.999912977218627930e-01
9.200326894642785192e-05 9.999079704284667969e-01
3.759670289582572877e-05 9.999624490737915039e-01
9.922786951065063477e-01 7.721361238509416580e-03
1.033369812830642331e-06 9.999989271163940430e-01
3.289479764134739526e-06 9.999966621398925781e-01
7.693736115470528603e-04 9.992306232452392578e-01
2.769889868795871735e-02 9.723010659217834473e-01
1.116913855075836182e-01 8.883085846900939941e-01
5.970271104160929099e-06 9.999940395355224609e-01
3.387703145563136786e-06 9.999966621398925781e-01
9.088696837425231934e-01 9.113030880689620972e-02
2.531770860514370725e-06 9.999974966049194336e-01
2.224191091954708099e-03 9.977758526802062988e-01
6.741631750628584996e-06 9.999932050704956055e-01
3.087934455834329128e-04 9.996912479400634766e-01
6.354947388172149658e-02 9.364505410194396973e-01
3.105437144768075086e-06 9.999969005584716797e-01
1.271488144993782043e-06 9.999986886978149414e-01
8.842771057970821857e-05 9.999115467071533203e-01
1.532921008765697479e-02 9.846707582473754883e-01
1.117012929171323776e-03 9.988829493522644043e-01
8.172967682185117155e-06 9.999917745590209961e-01
3.347759729876997881e-06 9.999966621398925781e-01
8.960726631812576670e-07 9.999990463256835938e-01
1.659755944274365902e-03 9.983402490615844727e-01
1.388451664752210490e-06 9.999985694885253906e-01
3.904362529283389449e-06 9.999960660934448242e-01
2.693425049073994160e-04 9.997306466102600098e-01
1.782748768164310604e-06 9.999982118606567383e-01
1.750484952935948968e-04 9.998249411582946777e-01
3.134680127914180048e-06 9.999969005584716797e-01
1.671122390689561144e-06 9.999983310699462891e-01
3.678767825476825237e-06 9.999963045120239258e-01
6.457154086092486978e-06 9.999935626983642578e-01
2.789362270050332882e-06 9.999972581863403320e-01
1.662229260546155274e-05 9.999834299087524414e-01
3.935799933969974518e-03 9.960642457008361816e-01
1.001856435323134065e-05 9.999899864196777344e-01
6.698961897200206295e-06 9.999933242797851562e-01
1.350624579936265945e-02 9.864937067031860352e-01
4.272724709153408185e-06 9.999957084655761719e-01
7.581205964088439941e-01 2.418794184923171997e-01
1.012254273518919945e-03 9.989877343177795410e-01
9.114733934402465820e-01 8.852659165859222412e-02
1.720589026808738708e-02 9.827941656112670898e-01
1.955284915311494842e-06 9.999980926513671875e-01
1.475936869610450231e-06 9.999985694885253906e-01
2.796449962261249311e-06 9.999972581863403320e-01
2.503792755305767059e-03 9.974961876869201660e-01
1.460582097934093326e-06 9.999985694885253906e-01
6.111832044553011656e-05 9.999388456344604492e-01
1.880524223452084698e-06 9.999980926513671875e-01
3.189390301704406738e-01 6.810609698295593262e-01
7.463887413905467838e-06 9.999924898147583008e-01
5.809120535850524902e-01 4.190879762172698975e-01
1.694420689091202803e-06 9.999983310699462891e-01
1.005316376686096191e-01 8.994683027267456055e-01
1.700963912298902869e-05 9.999829530715942383e-01
4.517115030466811731e-06 9.999954700469970703e-01
1.991851604543626308e-06 9.999979734420776367e-01
5.537225206353468820e-06 9.999945163726806641e-01
2.839604121618322097e-06 9.999971389770507812e-01
2.663906116140424274e-06 9.999973773956298828e-01
1.620949774405744392e-06 9.999983310699462891e-01
4.091896116733551025e-03 9.959081411361694336e-01
5.549827474169433117e-04 9.994450211524963379e-01
7.906978680694010109e-06 9.999921321868896484e-01
3.181032980137388222e-06 9.999967813491821289e-01
2.526724756535259075e-06 9.999974966049194336e-01
2.030845644185319543e-05 9.999797344207763672e-01
1.651534624397754669e-02 9.834846854209899902e-01
1.134565449319779873e-03 9.988654851913452148e-01
2.593065573819330893e-06 9.999973773956298828e-01
1.906303964460676070e-06 9.999980926513671875e-01
9.546147339278832078e-06 9.999904632568359375e-01
4.032093659043312073e-02 9.596790075302124023e-01
2.358871142860152759e-06 9.999976158142089844e-01
1.396182028656767216e-06 9.999985694885253906e-01
1.623247377574443817e-02 9.837675094604492188e-01
1.960877625606372021e-06 9.999980926513671875e-01
1.849415866672643460e-06 9.999980926513671875e-01
2.268887328682467341e-06 9.999977350234985352e-01
2.913143672049045563e-02 9.708685278892517090e-01
2.896138084906851873e-06 9.999971389770507812e-01
3.616477670220774598e-06 9.999964237213134766e-01
1.630735769867897034e-02 9.836926460266113281e-01
9.994550347328186035e-01 5.449305172078311443e-04
1.661080432313610800e-06 9.999983310699462891e-01
3.960148023907095194e-04 9.996040463447570801e-01
2.670644562385859899e-06 9.999973773956298828e-01
3.574310312615125440e-06 9.999964237213134766e-01
1.587981532793492079e-04 9.998412132263183594e-01
2.904333450715057552e-05 9.999709129333496094e-01
4.823185463465051726e-06 9.999952316284179688e-01
3.301161314084311016e-06 9.999966621398925781e-01
5.775581485067959875e-06 9.999942779541015625e-01
9.052785634994506836e-01 9.472142159938812256e-02
9.879020974040031433e-03 9.901210069656372070e-01
7.761920243501663208e-02 9.223808050155639648e-01
4.743041245092172176e-06 9.999952316284179688e-01
9.976143836975097656e-01 2.385692670941352844e-03
2.491965642548166215e-05 9.999750852584838867e-01
1.451260322937741876e-04 9.998548030853271484e-01
2.777237341433647089e-06 9.999972581863403320e-01
1.823866972699761391e-03 9.981760978698730469e-01
1.116053434088826180e-03 9.988839030265808105e-01
1.250345235348504502e-06 9.999988079071044922e-01
1.743266011544619687e-06 9.999982118606567383e-01
1.260990835726261139e-02 9.873901605606079102e-01
2.959842731797834858e-06 9.999970197677612305e-01
6.888460367918014526e-02 9.311154484748840332e-01
9.113388841797132045e-06 9.999909400939941406e-01
1.326409110333770514e-04 9.998673200607299805e-01
1.395363369738333859e-06 9.999985694885253906e-01
9.998587369918823242e-01 1.411950797773897648e-04
7.440755325660575181e-06 9.999926090240478516e-01
4.864844413532409817e-06 9.999951124191284180e-01
1.476139573242107872e-06 9.999985694885253906e-01
9.929124712944030762e-01 7.087502628564834595e-03
8.053949102759361267e-03 9.919460415840148926e-01
4.267349140718579292e-06 9.999957084655761719e-01
3.810504949797177687e-06 9.999961853027343750e-01
9.999361038208007812e-01 6.393752846634015441e-05
9.301312267780303955e-02 9.069868326187133789e-01
5.092544142826227471e-06 9.999948740005493164e-01
3.632017524068942294e-06 9.999964237213134766e-01
1.055871695280075073e-01 8.944127559661865234e-01
1.332617375737754628e-05 9.999866485595703125e-01
5.630768646369688213e-05 9.999437332153320312e-01
2.666974296516855247e-06 9.999973773956298828e-01
2.322592990822158754e-06 9.999977350234985352e-01
5.283482096274383366e-06 9.999947547912597656e-01
3.529749438166618347e-02 9.647024869918823242e-01
5.083676660433411598e-05 9.999492168426513672e-01
1.793744559108745307e-05 9.999821186065673828e-01
5.556771531701087952e-02 9.444322586059570312e-01
2.701411176531109959e-06 9.999972581863403320e-01
2.845763674486079253e-06 9.999971389770507812e-01
3.472599387168884277e-02 9.652740359306335449e-01
2.523420789657393470e-06 9.999974966049194336e-01
4.419990091264480725e-06 9.999955892562866211e-01
1.374692374156438746e-06 9.999985694885253906e-01
2.702292287722229958e-03 9.972977042198181152e-01
3.765274595934897661e-04 9.996234178543090820e-01
6.512700347229838371e-04 9.993487000465393066e-01
2.068435773253440857e-03 9.979315996170043945e-01
