4.589554853737354279e-03 9.954105019569396973e-01
2.870435714721679688e-01 7.129564285278320312e-01
9.948118925094604492e-01 5.188085604459047318e-03
9.284061379730701447e-04 9.990715980529785156e-01
7.314836382865905762e-01 2.685163915157318115e-01
1.794456147763412446e-05 9.999819993972778320e-01
6.206428632140159607e-02 9.379357099533081055e-01
9.215357303619384766e-01 7.846429944038391113e-02
9.893503785133361816e-01 1.064962148666381836e-02
6.076813936233520508e-01 3.923186361789703369e-01
1.153099816292524338e-02 9.884690642356872559e-01
6.086084613343700767e-05 9.999390840530395508e-01
5.741107463836669922e-01 4.258891940116882324e-01
1.570420317875687033e-05 9.999842643737792969e-01
8.270114064216613770e-01 1.729886680841445923e-01
3.401634991168975830e-01 6.598364710807800293e-01
1.791365502867847681e-04 9.998208880424499512e-01
1.007899758405983448e-03 9.989921450614929199e-01
2.112117409706115723e-02 9.788788557052612305e-01
1.178841814398765564e-01 8.821157813072204590e-01
3.873480558395385742e-01 6.126519441604614258e-01
9.424003362655639648e-01 5.759961530566215515e-02
9.126930308411829174e-06 9.999908208847045898e-01
2.789780199527740479e-01 7.210220098495483398e-01
9.997500777244567871e-01 2.498713729437440634e-04
9.935588240623474121e-01 6.441239267587661743e-03
1.228992005053441972e-05 9.999877214431762695e-01
7.529124268330633640e-04 9.992470741271972656e-01
9.868343472480773926e-01 1.316564716398715973e-02
9.980960488319396973e-01 1.903963275253772736e-03
7.593173980712890625e-01 2.406826317310333252e-01
5.367432832717895508e-01 4.632567167282104492e-01
4.331592645030468702e-04 9.995668530464172363e-01
3.319787992950296029e-06 9.999966621398925781e-01
9.774994850158691406e-02 9.022501111030578613e-01
1.818201038986444473e-03 9.981818199157714844e-01
1.100462177419103682e-04 9.998899698257446289e-01
3.884079866111278534e-03 9.961159229278564453e-01
9.626966118812561035e-01 3.730337694287300110e-02
1.235089031979441643e-03 9.987649917602539062e-01
2.165350876748561859e-02 9.783465266227722168e-01
9.998012185096740723e-01 1.988322910619899631e-04
2.292640693485736847e-02 9.770736098289489746e-01
6.322318688035011292e-03 9.936776757240295410e-01
1.948585850186645985e-03 9.980514049530029297e-01
3.970698118209838867e-01 6.029302477836608887e-01
1.621675938367843628e-01 8.378324508666992188e-01
1.688998378813266754e-02 9.831099510192871094e-01
3.147737979888916016e-01 6.852262020111083984e-01
2.896630321629345417e-04 9.997102618217468262e-01
5.398055145633406937e-05 9.999459981918334961e-01
5.965194304735632613e-06 9.999940395355224609e-01
4.367614383227191865e-05 9.999563694000244141e-01
4.928621929138898849e-04 9.995071887969970703e-01
6.874954700469970703e-02 9.312504529953002930e-01
6.790700717829167843e-04 9.993209838867187500e-01
9.997866749763488770e-01 2.133553207386285067e-04
1.912901527248322964e-03 9.980871677398681641e-01
7.433369010686874390e-02 9.256662726402282715e-01
9.628705382347106934e-01 3.712946176528930664e-02
7.716050837188959122e-03 9.922839999198913574e-01
9.823024868965148926e-01 1.769747771322727203e-02
6.051283795386552811e-03 9.939486980438232422e-01
3.323773489682935178e-05 9.999667406082153320e-01
1.428021350875496864e-03 9.985719919204711914e-01
1.578056835569441319e-03 9.984219074249267578e-01
5.344553301256382838e-06 9.999946355819702148e-01
3.257932141423225403e-02 9.674206376075744629e-01
5.766814574599266052e-02 9.423318505287170410e-01
4.084324609721079469e-05 9.999591112136840820e-01
9.998788833618164062e-01 1.211583003168925643e-04
6.137123107910156250e-01 3.862877190113067627e-01
3.946091048419475555e-03 9.960539340972900391e-01
6.937007904052734375e-01 3.062992393970489502e-01
9.278606176376342773e-01 7.213930785655975342e-02
2.650741487741470337e-03 9.973492622375488281e-01
1.089182387659093365e-05 9.999891519546508789e-01
8.974127769470214844e-01 1.025872752070426941e-01
6.971089243888854980e-01 3.028911054134368896e-01
7.818496227264404297e-02 9.218150377273559570e-01
4.165835343883372843e-05 9.999583959579467773e-01
3.486260771751403809e-03 9.965137839317321777e-01
1.815397081372793764e-05 9.999818801879882812e-01
8.668734431266784668e-01 1.331265866756439209e-01
3.155614016577601433e-03 9.968444108963012695e-01
9.996534585952758789e-01 3.465646877884864807e-04
3.813585638999938965e-02 9.618641734123229980e-01
1.041425930452533066e-04 9.998958110809326172e-01
9.942208528518676758e-01 5.779224913567304611e-03
2.347053123230580240e-05 9.999765157699584961e-01
6.483194738393649459e-05 9.999351501464843750e-01
1.175176803371869028e-04 9.998824596405029297e-01
6.894023418426513672e-01 3.105976283550262451e-01
3.952105995267629623e-03 9.960479140281677246e-01
9.703451991081237793e-01 2.965478040277957916e-02
5.225135684013366699e-01 4.774864912033081055e-01
2.189058141084387898e-04 9.997810721397399902e-01
9.998397827148437500e-01 1.602219126652926207e-04
9.578532576560974121e-01 4.214676842093467712e-02
3.936366283596726134e-06 9.999960660934448242e-01
8.879546658135950565e-04 9.991120696067810059e-01
5.967738628387451172e-01 4.032261371612548828e-01
8.824560642242431641e-01 1.175439432263374329e-01
6.604689359664916992e-02 9.339531064033508301e-01
2.658720016479492188e-01 7.341280579566955566e-01
1.803637295961380005e-02 9.819636344909667969e-01
4.354436993598937988e-01 5.645563006401062012e-01
5.436585284769535065e-03 9.945634007453918457e-01
1.278929761610925198e-03 9.987210631370544434e-01
8.098715916275978088e-03 9.919012188911437988e-01
9.996217489242553711e-01 3.781860577873885632e-04
7.333391904830932617e-02 9.266661405563354492e-01
7.498668506741523743e-03 9.925013184547424316e-01
1.288062930107116699e-01 8.711936473846435547e-01
9.995185136795043945e-01 4.815151914954185486e-04
6.721394062042236328e-01 3.278605937957763672e-01
3.933388143195770681e-05 9.999606609344482422e-01
9.921110235154628754e-03 9.900789260864257812e-01
5.068651717010652646e-06 9.999948740005493164e-01
1.867366768419742584e-02 9.813263416290283203e-01
2.084634453058242798e-02 9.791536331176757812e-01
4.596638027578592300e-03 9.954034090042114258e-01
2.062020357698202133e-03 9.979379773139953613e-01
5.526915658265352249e-03 9.944730401039123535e-01
7.332376241683959961e-01 2.667624056339263916e-01
8.804752724245190620e-06 9.999911785125732422e-01
9.096583724021911621e-02 9.090341329574584961e-01
5.592749118804931641e-01 4.407250583171844482e-01
7.838288545608520508e-01 2.161711007356643677e-01
3.563267178833484650e-03 9.964367151260375977e-01
3.112148046493530273e-01 6.887851953506469727e-01
1.065837293863296509e-01 8.934162855148315430e-01
3.428852260112762451e-01 6.571148037910461426e-01
2.117341318808030337e-05 9.999787807464599609e-01
4.020329117774963379e-01 5.979670882225036621e-01
9.612225890159606934e-01 3.877739235758781433e-02
3.483668115222826600e-05 9.999651908874511719e-01
9.283121228218078613e-01 7.168792933225631714e-02
1.016571279615163803e-02 9.898343086242675781e-01
1.459403847547946498e-05 9.999854564666748047e-01
4.479670524597167969e-01 5.520329475402832031e-01
5.031381845474243164e-01 4.968617856502532959e-01
8.797537884674966335e-05 9.999120235443115234e-01
3.791620433330535889e-01 6.208379268646240234e-01
4.242491908371448517e-03 9.957575201988220215e-01
1.091605401597917080e-03 9.989084005355834961e-01
6.673297029919922352e-04 9.993326067924499512e-01
9.008499979972839355e-01 9.915002435445785522e-02
7.570162415504455566e-03 9.924297928810119629e-01
9.195444732904434204e-02 9.080455303192138672e-01
2.217829605797305703e-04 9.997782111167907715e-01
9.888644218444824219e-01 1.113560982048511505e-02
9.994248151779174805e-01 5.751549615524709225e-04
3.993158042430877686e-01 6.006842255592346191e-01
1.093881856650114059e-02 9.890612363815307617e-01
6.056043639546260238e-05 9.999394416809082031e-01
2.397164404392242432e-01 7.602835297584533691e-01
9.796832203865051270e-01 2.031682059168815613e-02
9.942561984062194824e-01 5.743761546909809113e-03
9.980346560478210449e-01 1.965349772945046425e-03
8.969528600573539734e-03 9.910304546356201172e-01
5.678857564926147461e-01 4.321142435073852539e-01
2.555148601531982422e-01 7.444851398468017578e-01
9.993349909782409668e-01 6.650244467891752720e-04
5.538381519727408886e-04 9.994460940361022949e-01
8.981569408206269145e-06 9.999910593032836914e-01
1.019687973894178867e-03 9.989803433418273926e-01
1.169884204864501953e-01 8.830115795135498047e-01
6.910145202709827572e-06 9.999930858612060547e-01
2.416150718927383423e-01 7.583849430084228516e-01
7.434252620441839099e-05 9.999256134033203125e-01
2.613923847675323486e-01 7.386076450347900391e-01
9.365732073783874512e-01 6.342682242393493652e-02
1.887815597001463175e-05 9.999811649322509766e-01
4.044113156851381063e-04 9.995955824851989746e-01
9.531453251838684082e-01 4.685469716787338257e-02
3.107892721891403198e-02 9.689211249351501465e-01
1.935725740622729063e-04 9.998064637184143066e-01
6.968805789947509766e-01 3.031194210052490234e-01
1.150470748543739319e-01 8.849529623985290527e-01
4.024575650691986084e-02 9.597542285919189453e-01
7.153200507164001465e-01 2.846800088882446289e-01
9.370046257972717285e-01 6.299538910388946533e-02
2.162358141504228115e-04 9.997838139533996582e-01
9.752187132835388184e-01 2.478125877678394318e-02
9.976742863655090332e-01 2.325726673007011414e-03
2.493413921911269426e-04 9.997506737709045410e-01
6.531529834319371730e-06 9.999934434890747070e-01
4.097232818603515625e-01 5.902767181396484375e-01
7.520875334739685059e-02 9.247912168502807617e-01
4.168561995029449463e-01 5.831437706947326660e-01
4.358109086751937866e-02 9.564189314842224121e-01
1.901743416965473443e-05 9.999809265136718750e-01
9.942147135734558105e-01 5.785298999398946762e-03
4.547159746289253235e-02 9.545284509658813477e-01
5.605838894844055176e-01 4.394161105155944824e-01
9.950783252716064453e-01 4.921630024909973145e-03
4.413579517859034240e-05 9.999558925628662109e-01
1.117615178227424622e-01 8.882384896278381348e-01
8.349356055259704590e-01 1.650643646717071533e-01
9.449087381362915039e-01 5.509124696254730225e-02
1.876906258985400200e-03 9.981231093406677246e-01
5.124628543853759766e-01 4.875371456146240234e-01
5.341493524610996246e-04 9.994658827781677246e-01
9.839152097702026367e-01 1.608480513095855713e-02
8.975918292999267578e-01 1.024081259965896606e-01
9.573580026626586914e-01 4.264201223850250244e-02
8.506145604769699275e-06 9.999915361404418945e-01
4.516472836257889867e-05 9.999548196792602539e-01
8.345974087715148926e-01 1.654026061296463013e-01
4.734418325824663043e-05 9.999526739120483398e-01
4.473240551305934787e-05 9.999552965164184570e-01
1.020601484924554825e-03 9.989793896675109863e-01
4.811061322689056396e-01 5.188938975334167480e-01
1.588068553246557713e-03 9.984118938446044922e-01
6.359783583320677280e-05 9.999363422393798828e-01
9.833864569664001465e-01 1.661354489624500275e-02
1.389369834214448929e-03 9.986106157302856445e-01
3.578449413180351257e-02 9.642154574394226074e-01
4.629702270030975342e-01 5.370297431945800781e-01
7.674339413642883301e-02 9.232566356658935547e-01
9.986384510993957520e-01 1.361596980132162571e-03
1.378896832466125488e-02 9.862110018730163574e-01
3.048056503757834435e-03 9.969519376754760742e-01
1.720413118600845337e-01 8.279587626457214355e-01
1.022274864226346835e-05 9.999897480010986328e-01
1.965819895267486572e-01 8.034180402755737305e-01
2.337461628485471010e-04 9.997662901878356934e-01
1.047623753547668457e-01 8.952375650405883789e-01
2.286465896759182215e-04 9.997714161872863770e-01
9.769292473793029785e-01 2.307073771953582764e-02
8.543922901153564453e-01 1.456076651811599731e-01
2.132688969140872359e-04 9.997867941856384277e-01
8.872224134393036366e-05 9.999113082885742188e-01
3.389481455087661743e-02 9.661051630973815918e-01
6.971026062965393066e-01 3.028973340988159180e-01
1.910088467411696911e-04 9.998089671134948730e-01
9.919945001602172852e-01 8.005538955330848694e-03
5.635590641759335995e-04 9.994364380836486816e-01
3.255583345890045166e-01 6.744416356086730957e-01
5.023449193686246872e-04 9.994976520538330078e-01
9.998854398727416992e-01 1.145959904533810914e-04
4.727141931653022766e-03 9.952729344367980957e-01
1.295125839533284307e-04 9.998704195022583008e-01
8.690687536727637053e-06 9.999912977218627930e-01
6.218667626380920410e-01 3.781332671642303467e-01
2.683901693671941757e-04 9.997316002845764160e-01
3.346444373164558783e-06 9.999966621398925781e-01
6.653502583503723145e-01 3.346497714519500732e-01
7.362886667251586914e-01 2.637113630771636963e-01
3.202666342258453369e-01 6.797333955764770508e-01
1.286064652958884835e-04 9.998713731765747070e-01
7.166664004325866699e-01 2.833335995674133301e-01
5.025828722864389420e-04 9.994974136352539062e-01
3.230643415008671582e-05 9.999676942825317383e-01
9.956604838371276855e-01 4.339523613452911377e-03
2.246848453069105744e-04 9.997753500938415527e-01
5.970057472586631775e-02 9.402994513511657715e-01
8.854863117448985577e-04 9.991144537925720215e-01
3.924987316131591797e-01 6.075012683868408203e-01
2.579596936702728271e-01 7.420402765274047852e-01
3.246091073378920555e-04 9.996753931045532227e-01
1.732712239027023315e-01 8.267288208007812500e-01
4.754317615152103826e-06 9.999952316284179688e-01
1.034345291554927826e-02 9.896565675735473633e-01
7.391843828372657299e-04 9.992608428001403809e-01
9.653608202934265137e-01 3.463917970657348633e-02
1.702325046062469482e-02 9.829767942428588867e-01
1.251489575952291489e-02 9.874851107597351074e-01
2.870745956897735596e-03 9.971292614936828613e-01
5.868328213691711426e-01 4.131671786308288574e-01
9.981831908226013184e-01 1.816796953789889812e-03
9.996913671493530273e-01 3.086768847424536943e-04
4.139286000281572342e-03 9.958607554435729980e-01
3.112289588898420334e-03 9.968877434730529785e-01
6.743860989809036255e-02 9.325613975524902344e-01
9.948284029960632324e-01 5.171573255211114883e-03
6.288343071937561035e-01 3.711656928062438965e-01
3.875106200575828552e-02 9.612489342689514160e-01
9.910055398941040039e-01 8.994431234896183014e-03
6.736913323402404785e-01 3.263086378574371338e-01
2.362384984735399485e-04 9.997637867927551270e-01
2.228830158710479736e-01 7.771170139312744141e-01
8.513694774592295289e-05 9.999148845672607422e-01
3.435952294239541516e-06 9.999965429306030273e-01
6.329610943794250488e-01 3.670389354228973389e-01
1.050872651831014082e-05 9.999895095825195312e-01
8.187636267393827438e-04 9.991812109947204590e-01
9.994997978210449219e-01 5.001522949896752834e-04
9.362339369545225054e-06 9.999905824661254883e-01
8.843779214657843113e-04 9.991156458854675293e-01
1.039030402898788452e-01 8.960969448089599609e-01
1.275062561035156250e-01 8.724938035011291504e-01
4.500941336154937744e-01 5.499058365821838379e-01
4.968247376382350922e-04 9.995031356811523438e-01
1.406534138368442655e-04 9.998593330383300781e-01
1.418835454387590289e-04 9.998581409454345703e-01
3.907956124749034643e-05 9.999608993530273438e-01
1.219890778884291649e-03 9.987800717353820801e-01
8.611138910055160522e-04 9.991388320922851562e-01
3.461829572916030884e-02 9.653816819190979004e-01
4.064919650554656982e-01 5.935080051422119141e-01
5.875591887161135674e-04 9.994124174118041992e-01
5.010838061571121216e-02 9.498916268348693848e-01
4.323156550526618958e-03 9.956768155097961426e-01
9.997349116019904613e-05 9.998999834060668945e-01
6.583369337022304535e-03 9.934166669845581055e-01
9.973095655441284180e-01 2.690503606572747231e-03
3.421247005462646484e-01 6.578753590583801270e-01
3.654691157862544060e-03 9.963453412055969238e-01
1.049703061580657959e-01 8.950297236442565918e-01
6.998746097087860107e-02 9.300125241279602051e-01
6.908752024173736572e-02 9.309124946594238281e-01
3.598353639245033264e-02 9.640164375305175781e-01
8.218271136283874512e-01 1.781729310750961304e-01
1.067834673449397087e-03 9.989321827888488770e-01
1.964499056339263916e-02 9.803550243377685547e-01
5.448634055937873200e-06 9.999945163726806641e-01
1.407754570245742798e-01 8.592246174812316895e-01
6.655891425907611847e-03 9.933440685272216797e-01
2.728137373924255371e-01 7.271862030029296875e-01
8.845663978718221188e-05 9.999115467071533203e-01
9.973374009132385254e-01 2.662545535713434219e-03
5.997214317321777344e-01 4.002785682678222656e-01
8.320782333612442017e-03 9.916792511940002441e-01
3.327158920001238585e-04 9.996672868728637695e-01
8.489043712615966797e-01 1.510956138372421265e-01
8.684222120791673660e-05 9.999130964279174805e-01
2.649696543812751770e-03 9.973503351211547852e-01
1.090762764215469360e-01 8.909237384796142578e-01
1.801641881465911865e-01 8.198358416557312012e-01
1.842515356838703156e-02 9.815748333930969238e-01
1.149358940892852843e-04 9.998850822448730469e-01
4.052284061908721924e-01 5.947715640068054199e-01
5.421159863471984863e-01 4.578840434551239014e-01
1.841351913753896952e-04 9.998158812522888184e-01
7.834211587905883789e-01 2.165788859128952026e-01
6.870495676994323730e-01 3.129504024982452393e-01
6.213233064045198262e-06 9.999938011169433594e-01
7.936917245388031006e-03 9.920631051063537598e-01
4.349726736545562744e-01 5.650272965431213379e-01
6.474686414003372192e-02 9.352531433105468750e-01
7.078942656517028809e-01 2.921057343482971191e-01
1.043997853994369507e-01 8.956001996994018555e-01
9.053612947463989258e-01 9.463865309953689575e-02
1.600458490429446101e-04 9.998399019241333008e-01
7.649507460882887244e-05 9.999234676361083984e-01
5.608228221535682678e-02 9.439176917076110840e-01
7.621184922754764557e-04 9.992378950119018555e-01
4.087799694389104843e-03 9.959121942520141602e-01
1.684843897819519043e-01 8.315156102180480957e-01
6.281252950429916382e-03 9.937187433242797852e-01
1.257764250040054321e-01 8.742235898971557617e-01
5.364398360252380371e-01 4.635601639747619629e-01
1.650874764891341329e-04 9.998348951339721680e-01
7.137350621633231640e-04 9.992862343788146973e-01
5.366361737251281738e-01 4.633637964725494385e-01
2.127682382706552744e-04 9.997872710227966309e-01
4.142696980125037953e-06 9.999958276748657227e-01
9.825965166091918945e-01 1.740354672074317932e-02
9.976116418838500977e-01 2.388343913480639458e-03
4.354013653937727213e-04 9.995645880699157715e-01
4.394725328893400729e-05 9.999560117721557617e-01
9.499189443886280060e-03 9.905008077621459961e-01
1.133896759711205959e-03 9.988660812377929688e-01
9.997701048851013184e-01 2.298551116837188601e-04
9.958398342132568359e-01 4.160142969340085983e-03
6.220331415534019470e-02 9.377966523170471191e-01
5.796180921606719494e-04 9.994204044342041016e-01
3.421033761696889997e-05 9.999657869338989258e-01
1.309160288656130433e-04 9.998691082000732422e-01
9.999012947082519531e-01 9.865062020253390074e-05
9.801486134529113770e-01 1.985136978328227997e-02
9.998007416725158691e-01 1.993126934394240379e-04
1.082400977611541748e-01 8.917599320411682129e-01
4.982053269486641511e-06 9.999949932098388672e-01
9.885912537574768066e-01 1.140876207500696182e-02
9.871810078620910645e-01 1.281905360519886017e-02
9.983945488929748535e-01 1.605489756911993027e-03
3.893939554691314697e-01 6.106060743331909180e-01
7.448816671967506409e-03 9.925512075424194336e-01
2.786346711218357086e-03 9.972136616706848145e-01
7.747269410174340010e-05 9.999225139617919922e-01
6.702495156787335873e-04 9.993298053741455078e-01
7.696484923362731934e-01 2.303515076637268066e-01
2.152136992663145065e-03 9.978479146957397461e-01
5.887244343757629395e-01 4.112755656242370605e-01
4.368022564449347556e-05 9.999563694000244141e-01
1.576578617095947266e-02 9.842342734336853027e-01
5.838502645492553711e-01 4.161497354507446289e-01
6.222987576620653272e-05 9.999377727508544922e-01
7.165591716766357422e-01 2.834407985210418701e-01
9.993019104003906250e-01 6.980500183999538422e-04
9.999017715454101562e-01 9.820760169532150030e-05
5.023322046326939017e-06 9.999949932098388672e-01
1.296123082283884287e-04 9.998704195022583008e-01
1.554242074489593506e-01 8.445757627487182617e-01
6.860813591629266739e-03 9.931392073631286621e-01
1.038021966814994812e-02 9.896197915077209473e-01
1.946099698543548584e-01 8.053900003433227539e-01
7.092397660017013550e-02 9.290760159492492676e-01
4.111662972718477249e-03 9.958882927894592285e-01
5.428187251091003418e-01 4.571812748908996582e-01
1.619060640223324299e-03 9.983808994293212891e-01
4.790265262126922607e-01 5.209734439849853516e-01
6.608373671770095825e-02 9.339162707328796387e-01
2.723900042474269867e-02 9.727609753608703613e-01
9.999040365219116211e-01 9.591527486918494105e-05
6.597726345062255859e-01 3.402273654937744141e-01
1.555538969114422798e-03 9.984444975852966309e-01
4.025053203804418445e-05 9.999597072601318359e-01
1.278241164982318878e-03 9.987217783927917480e-01
2.276782691478729248e-02 9.772321581840515137e-01
8.981320261955261230e-01 1.018679663538932800e-01
1.226870249956846237e-02 9.877312779426574707e-01
1.357558630843413994e-05 9.999864101409912109e-01
2.332703024148941040e-02 9.766729474067687988e-01
1.570285880006849766e-03 9.984297156333923340e-01
2.282534353435039520e-02 9.771746993064880371e-01
5.543924570083618164e-01 4.456075131893157959e-01
3.072373569011688232e-01 6.927626729011535645e-01
2.055136792478151619e-05 9.999794960021972656e-01
6.075341254472732544e-02 9.392466545104980469e-01
1.568160601891577244e-03 9.984318614006042480e-01
9.750759005546569824e-01 2.492409385740756989e-02
1.260249409824609756e-04 9.998739957809448242e-01
1.217589087900705636e-04 9.998781681060791016e-01
2.744763914961367846e-04 9.997255206108093262e-01
1.064890675479546189e-04 9.998935461044311523e-01
7.302194833755493164e-01 2.697805464267730713e-01
6.739902892149984837e-05 9.999326467514038086e-01
3.669077123049646616e-04 9.996330738067626953e-01
9.812426567077636719e-01 1.875734329223632812e-02
9.886879324913024902e-01 1.131200976669788361e-02
8.770309686660766602e-01 1.229691132903099060e-01
5.544875264167785645e-01 4.455124735832214355e-01
9.216410517692565918e-01 7.835891842842102051e-02
6.654841126874089241e-04 9.993345141410827637e-01
1.529437303543090820e-01 8.470562100410461426e-01
4.380016624927520752e-01 5.619983077049255371e-01
6.403580307960510254e-01 3.596420288085937500e-01
1.003048382699489594e-04 9.998996257781982422e-01
1.909699756652116776e-03 9.980903267860412598e-01
9.994082450866699219e-01 5.917094531469047070e-04
1.120411980082280934e-04 9.998879432678222656e-01
1.146699560194974765e-05 9.999885559082031250e-01
6.973672952881315723e-06 9.999930858612060547e-01
6.536384113132953644e-03 9.934636354446411133e-01
4.351770257926546037e-05 9.999564886093139648e-01
5.366781726479530334e-03 9.946331977844238281e-01
5.715422958019189537e-05 9.999428987503051758e-01
2.205260992050170898e-01 7.794739007949829102e-01
4.530388687271624804e-04 9.995469450950622559e-01
3.307415172457695007e-04 9.996693134307861328e-01
9.388470207341015339e-04 9.990611672401428223e-01
4.837579908780753613e-04 9.995162487030029297e-01
6.871076822280883789e-01 3.128922879695892334e-01
9.976281523704528809e-01 2.371839713305234909e-03
1.239371369592845440e-03 9.987605810165405273e-01
1.666621537879109383e-04 9.998333454132080078e-01
8.412582799792289734e-03 9.915873408317565918e-01
1.987825930118560791e-01 8.012173771858215332e-01
6.211577057838439941e-01 3.788422644138336182e-01
6.765744090080261230e-01 3.234255313873291016e-01
4.607727532857097685e-05 9.999538660049438477e-01
8.875735511537641287e-05 9.999111890792846680e-01
3.294095222372561693e-04 9.996706247329711914e-01
4.636306257452815771e-04 9.995363950729370117e-01
5.834665298461914062e-01 4.165334701538085938e-01
9.998831748962402344e-01 1.168364251498132944e-04
1.351015269756317139e-01 8.648985028266906738e-01
1.629842561669647694e-03 9.983702301979064941e-01
6.252785096876323223e-04 9.993748068809509277e-01
3.026648461818695068e-01 6.973351836204528809e-01
6.699606031179428101e-02 9.330039620399475098e-01
4.958055797033011913e-06 9.999949932098388672e-01
9.988195300102233887e-01 1.180461840704083443e-03
3.135680162813514471e-04 9.996864795684814453e-01
3.777873644139617682e-04 9.996222257614135742e-01
9.930291771888732910e-01 6.970865186303853989e-03
2.852247953414916992e-01 7.147752642631530762e-01
9.775127768516540527e-01 2.248721942305564880e-02
5.213037729263305664e-01 4.786962270736694336e-01
2.139928191900253296e-01 7.860071659088134766e-01
5.130857974290847778e-02 9.486913681030273438e-01
1.546110259369015694e-03 9.984538555145263672e-01
8.657154440879821777e-01 1.342845857143402100e-01
9.996139407157897949e-01 3.861162404064089060e-04
9.245958924293518066e-01 7.540413737297058105e-02
9.509724378585815430e-01 4.902749136090278625e-02
9.995891451835632324e-01 4.108718421775847673e-04
3.701137029565870762e-05 9.999630451202392578e-01
5.108185578137636185e-04 9.994891881942749023e-01
9.940354824066162109e-01 5.964465904980897903e-03
7.025733590126037598e-01 2.974266111850738525e-01
9.400926501257345080e-05 9.999059438705444336e-01
8.021481633186340332e-01 1.978518217802047729e-01
1.170822302810847759e-03 9.988291859626770020e-01
3.318728804588317871e-01 6.681270599365234375e-01
6.591032433789223433e-05 9.999340772628784180e-01
1.439381274394690990e-03 9.985606074333190918e-01
1.841055345721542835e-04 9.998158812522888184e-01
7.159942984580993652e-01 2.840057015419006348e-01
2.833895450748968869e-05 9.999716281890869141e-01
4.122737300349399447e-05 9.999587535858154297e-01
1.122313115047290921e-04 9.998877048492431641e-01
1.424069923814386129e-04 9.998575448989868164e-01
1.409337967634201050e-01 8.590661883354187012e-01
9.937772899866104126e-02 9.006222486495971680e-01
4.139579236507415771e-01 5.860420465469360352e-01
6.321818102151155472e-03 9.936781525611877441e-01
1.714757680892944336e-01 8.285242319107055664e-01
7.377719884971156716e-05 9.999262094497680664e-01
9.123469591140747070e-01 8.765304833650588989e-02
3.232153540011495352e-05 9.999676942825317383e-01
1.196446828544139862e-02 9.880355000495910645e-01
8.162350654602050781e-01 1.837649047374725342e-01
4.906036257743835449e-01 5.093963742256164551e-01
9.997566342353820801e-01 2.433797053527086973e-04
1.037252321839332581e-01 8.962747454643249512e-01
4.122946993447840214e-04 9.995877146720886230e-01
1.206525191664695740e-01 8.793474435806274414e-01
2.421732497168704867e-04 9.997578263282775879e-01
5.429556495073484257e-06 9.999945163726806641e-01
1.437983242794871330e-03 9.985620379447937012e-01
4.351937386672943830e-04 9.995648264884948730e-01
3.263636827468872070e-01 6.736363172531127930e-01
5.205668458074796945e-06 9.999947547912597656e-01
2.016540383920073509e-03 9.979834556579589844e-01
1.029019826091825962e-03 9.989709854125976562e-01
7.087340054567903280e-05 9.999290704727172852e-01
4.114273542654700577e-05 9.999588727951049805e-01
2.821274101734161377e-04 9.997178912162780762e-01
9.997276663780212402e-01 2.722846402321010828e-04
8.860303163528442383e-01 1.139697358012199402e-01
8.223916888236999512e-01 1.776083409786224365e-01
2.850645105354487896e-04 9.997149109840393066e-01
1.246050032932544127e-05 9.999874830245971680e-01
1.886651261884253472e-05 9.999811649322509766e-01
9.993594288825988770e-01 6.405549938790500164e-04
9.257507324218750000e-01 7.424920797348022461e-02
1.568555980920791626e-01 8.431444168090820312e-01
1.664918614551424980e-03 9.983350634574890137e-01
2.111594949383288622e-04 9.997888207435607910e-01
3.182053193449974060e-02 9.681794643402099609e-01
3.347674757242202759e-02 9.665232300758361816e-01
8.429928129771724343e-06 9.999915361404418945e-01
2.533145248889923096e-01 7.466854453086853027e-01
6.575161387445405126e-05 9.999341964721679688e-01
7.375059794867411256e-05 9.999262094497680664e-01
1.279055178165435791e-01 8.720945119857788086e-01
2.012649774551391602e-01 7.987350821495056152e-01
2.661478065419942141e-04 9.997338652610778809e-01
4.859565198421478271e-01 5.140434503555297852e-01
5.245452374219894409e-02 9.475455284118652344e-01
2.230337858200073242e-01 7.769662141799926758e-01
1.524254828691482544e-01 8.475745320320129395e-01
1.527711137896403670e-04 9.998471736907958984e-01
1.039493246935307980e-03 9.989604949951171875e-01
8.213733235606923699e-05 9.999178647994995117e-01
9.543192982673645020e-01 4.568066820502281189e-02
3.606367111206054688e-01 6.393633484840393066e-01
8.586337566375732422e-01 1.413662284612655640e-01
3.444471210241317749e-02 9.655552506446838379e-01
2.853363156318664551e-01 7.146636843681335449e-01
1.592233078554272652e-03 9.984077811241149902e-01
4.828882869333028793e-03 9.951711297035217285e-01
5.404934883117675781e-01 4.595065116882324219e-01
9.105998906306922436e-04 9.990893602371215820e-01
1.119288572226651013e-04 9.998880624771118164e-01
5.523088038899004459e-04 9.994476437568664551e-01
9.998697042465209961e-01 1.303164463024586439e-04
3.046490624547004700e-02 9.695351123809814453e-01
8.206859638448804617e-05 9.999179840087890625e-01
1.845177146606147289e-03 9.981548190116882324e-01
5.241287499666213989e-02 9.475871324539184570e-01
9.958626031875610352e-01 4.137330222874879837e-03
1.327145379036664963e-03 9.986728429794311523e-01
4.965788125991821289e-01 5.034211874008178711e-01
9.937971830368041992e-01 6.202864460647106171e-03
9.569603204727172852e-01 4.303966462612152100e-02
2.843158654286526144e-05 9.999715089797973633e-01
1.377747021615505219e-02 9.862225651741027832e-01
8.305406081490218639e-04 9.991694688796997070e-01
2.558641321957111359e-02 9.744136333465576172e-01
9.953106045722961426e-01 4.689412191510200500e-03
1.113360631279647350e-03 9.988866448402404785e-01
7.434463477693498135e-04 9.992565512657165527e-01
7.179327803896740079e-05 9.999282360076904297e-01
1.216764226555824280e-01 8.783236145973205566e-01
5.704107880592346191e-01 4.295891821384429932e-01
9.995799660682678223e-01 4.200491239316761494e-04
3.682730495929718018e-01 6.317269802093505859e-01
9.965937733650207520e-01 3.406152129173278809e-03
5.416427254676818848e-01 4.583572745323181152e-01
3.473340068012475967e-03 9.965266585350036621e-01
3.361161947250366211e-01 6.638838648796081543e-01
9.982763528823852539e-01 1.723673543892800808e-03
9.911686182022094727e-01 8.831329643726348877e-03
3.396788379177451134e-03 9.966032505035400391e-01
9.799751639366149902e-01 2.002485468983650208e-02
4.273487138561904430e-05 9.999572038650512695e-01
3.450364619493484497e-02 9.654963612556457520e-01
9.976104497909545898e-01 2.389537170529365540e-03
5.272554062685230747e-06 9.999947547912597656e-01
2.266987692564725876e-03 9.977329969406127930e-01
9.992685914039611816e-01 7.313736132346093655e-04
2.317169308662414551e-01 7.682830691337585449e-01
1.291528530418872833e-02 9.870846867561340332e-01
7.736240979284048080e-03 9.922637939453125000e-01
5.580750703811645508e-01 4.419249296188354492e-01
3.062748350203037262e-03 9.969372749328613281e-01
6.839108467102050781e-02 9.316089153289794922e-01
2.348777052247896791e-04 9.997650980949401855e-01
1.717232044029515237e-05 9.999828338623046875e-01
9.998294115066528320e-01 1.705179456621408463e-04
4.724196624010801315e-04 9.995275735855102539e-01
1.084164367057383060e-03 9.989157915115356445e-01
2.155698311980813742e-04 9.997844099998474121e-01
7.015600204467773438e-01 2.984399199485778809e-01
1.673342585563659668e-01 8.326657414436340332e-01
4.444700665771961212e-03 9.955553412437438965e-01
5.944519042968750000e-01 4.055480659008026123e-01
9.995787739753723145e-01 4.211723862681537867e-04
2.333374768495559692e-01 7.666624784469604492e-01
1.719830334186553955e-01 8.280169963836669922e-01
8.194668292999267578e-01 1.805332303047180176e-01
8.429750778304878622e-06 9.999915361404418945e-01
9.998291730880737305e-01 1.708113704808056355e-04
2.925814260379411280e-05 9.999707937240600586e-01
3.287036379333585501e-04 9.996713399887084961e-01
9.141741611529141665e-05 9.999085664749145508e-01
2.415180279058404267e-05 9.999758005142211914e-01
1.568755018524825573e-03 9.984312653541564941e-01
5.736477905884385109e-04 9.994263648986816406e-01
2.000234235310927033e-05 9.999799728393554688e-01
9.878012537956237793e-01 1.219866983592510223e-02
4.120029188925400376e-05 9.999587535858154297e-01
8.137636780738830566e-01 1.862362772226333618e-01
7.242512702941894531e-01 2.757486999034881592e-01
1.725961374177131802e-05 9.999827146530151367e-01
9.611586332321166992e-01 3.884141892194747925e-02
6.164681508380454034e-06 9.999938011169433594e-01
2.310649579158052802e-04 9.997689127922058105e-01
2.464813769620377570e-05 9.999753236770629883e-01
1.850917324190959334e-04 9.998149275779724121e-01
4.188552702544257045e-05 9.999581575393676758e-01
4.079307895153760910e-03 9.959206581115722656e-01
7.264648957061581314e-06 9.999927282333374023e-01
9.998997449874877930e-01 1.002319841063581407e-04
2.890902978833764791e-04 9.997108578681945801e-01
8.963068723678588867e-01 1.036930531263351440e-01
9.842266440391540527e-01 1.577340997755527496e-02
3.354434855282306671e-03 9.966455101966857910e-01
1.396820698573719710e-05 9.999860525131225586e-01
3.395665884017944336e-01 6.604334115982055664e-01
9.975862503051757812e-01 2.413762500509619713e-03
3.580176830291748047e-01 6.419823169708251953e-01
5.342898964881896973e-01 4.657100737094879150e-01
8.862044523993972689e-06 9.999911785125732422e-01
3.198852209607139230e-05 9.999680519104003906e-01
1.849601976573467255e-02 9.815039634704589844e-01
5.656200647354125977e-01 4.343799650669097900e-01
9.997249245643615723e-01 2.750267449300736189e-04
9.912225008010864258e-01 8.777515031397342682e-03
1.284533936996012926e-04 9.998714923858642578e-01
9.920440912246704102e-01 7.955843582749366760e-03
1.523644081316888332e-03 9.984763264656066895e-01
