1.142926339525729418e-05 9.999885559082031250e-01
1.512891230959212407e-06 9.999984502792358398e-01
1.788629106158623472e-06 9.999982118606567383e-01
3.944114723708480597e-06 9.999960660934448242e-01
2.701934135984629393e-06 9.999972581863403320e-01
1.232213617186062038e-05 9.999877214431762695e-01
2.553565536800306290e-06 9.999974966049194336e-01
3.609972054618992843e-06 9.999964237213134766e-01
1.593103547747887205e-06 9.999984502792358398e-01
7.794784903526306152e-01 2.205215245485305786e-01
2.680593524928553961e-06 9.999973773956298828e-01
1.074080137186683714e-05 9.999892711639404297e-01
4.971745423972606659e-03 9.950283169746398926e-01
1.887212602014187723e-05 9.999811649322509766e-01
1.079953790394938551e-06 9.999989271163940430e-01
1.762623665854334831e-03 9.982373714447021484e-01
1.636555862205568701e-05 9.999836683273315430e-01
3.051555950150941499e-06 9.999969005584716797e-01
3.242090770072536543e-06 9.999967813491821289e-01
1.054922267940128222e-05 9.999895095825195312e-01
9.960330128669738770e-01 3.966935910284519196e-03
3.695739433169364929e-04 9.996304512023925781e-01
1.386623625876381993e-05 9.999861717224121094e-01
3.306424332549795508e-05 9.999669790267944336e-01
7.664388976991176605e-05 9.999233484268188477e-01
2.127537754859076813e-06 9.999978542327880859e-01
9.383023098052944988e-06 9.999905824661254883e-01
1.272784538741689175e-05 9.999872446060180664e-01
2.659249678254127502e-02 9.734075069427490234e-01
1.984356686079991050e-06 9.999979734420776367e-01
9.968949556350708008e-01 3.105022013187408447e-03
4.107539098185952753e-06 9.999959468841552734e-01
1.301133306697010994e-05 9.999870061874389648e-01
3.122307134617585689e-06 9.999969005584716797e-01
1.334475473413476720e-05 9.999866485595703125e-01
2.929910579041461460e-06 9.999970197677612305e-01
4.426080977282254025e-06 9.999955892562866211e-01
2.213626248703803867e-05 9.999778270721435547e-01
4.527959972620010376e-04 9.995471835136413574e-01
4.039738996652886271e-05 9.999595880508422852e-01
9.144826435658615083e-06 9.999908208847045898e-01
2.592306137084960938e-01 7.407693862915039062e-01
6.069003575248643756e-06 9.999939203262329102e-01
2.160739131795708090e-05 9.999784231185913086e-01
6.681875220237998292e-06 9.999933242797851562e-01
4.686111878982046619e-06 9.999953508377075195e-01
4.757129318022634834e-06 9.999952316284179688e-01
1.203395368065685034e-05 9.999879598617553711e-01
9.646883010864257812e-01 3.531168773770332336e-02
4.039306077174842358e-06 9.999959468841552734e-01
1.166845140687655658e-05 9.999883174896240234e-01
2.988806045323144644e-06 9.999970197677612305e-01
1.000487191049614921e-05 9.999899864196777344e-01
5.998989581712521613e-05 9.999400377273559570e-01
6.252833827602444217e-06 9.999938011169433594e-01
1.797188588170683943e-06 9.999982118606567383e-01
6.519995331764221191e-01 3.480004966259002686e-01
3.616063850131467916e-06 9.999964237213134766e-01
2.697616309887962416e-06 9.999972581863403320e-01
9.809125065803527832e-01 1.908747293055057526e-02
7.720208959653973579e-04 9.992280006408691406e-01
1.317422402280499227e-06 9.999986886978149414e-01
1.770549170032609254e-05 9.999822378158569336e-01
3.679546807688893750e-06 9.999963045120239258e-01
5.130679710418917239e-06 9.999948740005493164e-01
7.185425602074246854e-06 9.999928474426269531e-01
6.792498879804043099e-06 9.999932050704956055e-01
7.295279829122591764e-06 9.999927282333374023e-01
2.615288167362450622e-06 9.999973773956298828e-01
2.436508566461270675e-06 9.999976158142089844e-01
3.456624881437164731e-06 9.999965429306030273e-01
2.285215259689721279e-06 9.999977350234985352e-01
4.976236596121452749e-06 9.999949932098388672e-01
1.091566537070320919e-05 9.999890327453613281e-01
2.090061570925172418e-06 9.999978542327880859e-01
8.717982382222544402e-06 9.999912977218627930e-01
6.226757250260561705e-06 9.999938011169433594e-01
5.893145953450584784e-06 9.999941587448120117e-01
1.904917098727310076e-06 9.999980926513671875e-01
1.084873929357854649e-05 9.999891519546508789e-01
1.955943162101902999e-06 9.999980926513671875e-01
4.523814368440071121e-06 9.999954700469970703e-01
6.439786830014782026e-06 9.999935626983642578e-01
1.751306094229221344e-02 9.824869036674499512e-01
9.789716386876534671e-06 9.999902248382568359e-01
9.999268054962158203e-01 7.319291034946218133e-05
1.633287683944217861e-05 9.999836683273315430e-01
1.479167349316412583e-05 9.999852180480957031e-01
3.764438908547163010e-03 9.962355494499206543e-01
1.670897472649812698e-05 9.999833106994628906e-01
5.688919827662175521e-06 9.999942779541015625e-01
1.049567617883440107e-05 9.999895095825195312e-01
9.944649338722229004e-01 5.535056814551353455e-03
3.492351197564858012e-06 9.999965429306030273e-01
4.538333541859174147e-06 9.999954700469970703e-01
5.433316346170613542e-06 9.999945163726806641e-01
2.637183115439256653e-06 9.999973773956298828e-01
1.475597741773526650e-06 9.999985694885253906e-01
8.393460120714735240e-06 9.999916553497314453e-01
1.944028554135002196e-05 9.999805688858032227e-01
6.322341505438089371e-06 9.999936819076538086e-01
1.647391627557226457e-06 9.999983310699462891e-01
1.106883928514434956e-06 9.999989271163940430e-01
4.127577540202764794e-06 9.999958276748657227e-01
7.204001885838806629e-04 9.992795586585998535e-01
1.003682773443870246e-04 9.998996257781982422e-01
3.235089025110937655e-06 9.999967813491821289e-01
1.200221595354378223e-05 9.999879598617553711e-01
3.146480821669683792e-06 9.999969005584716797e-01
3.255270257795928046e-06 9.999967813491821289e-01
8.044252991676330566e-01 1.955747306346893311e-01
1.759411650709807873e-03 9.982405900955200195e-01
3.686568334160256200e-06 9.999963045120239258e-01
1.256360555998980999e-04 9.998743534088134766e-01
1.044390425086021423e-01 8.955609202384948730e-01
1.956857431650860235e-06 9.999980926513671875e-01
3.310394959044060670e-06 9.999966621398925781e-01
1.526262518018484116e-02 9.847373366355895996e-01
9.922226126946043223e-06 9.999901056289672852e-01
1.131169847212731838e-05 9.999886751174926758e-01
8.107233043119776994e-06 9.999918937683105469e-01
3.710871624207356945e-06 9.999963045120239258e-01
1.058958059729775414e-05 9.999893903732299805e-01
8.262521077995188534e-06 9.999917745590209961e-01
1.690406520538090263e-06 9.999983310699462891e-01
9.714070984045974910e-06 9.999903440475463867e-01
5.212509222474182025e-06 9.999947547912597656e-01
6.145609859231626615e-06 9.999938011169433594e-01
1.142292148870183155e-05 9.999885559082031250e-01
2.820716417772928253e-06 9.999971389770507812e-01
2.369743469898821786e-06 9.999976158142089844e-01
1.705793329165317118e-05 9.999829530715942383e-01
5.219353624852374196e-06 9.999947547912597656e-01
5.848590262758079916e-06 9.999941587448120117e-01
6.357934034895151854e-05 9.999364614486694336e-01
2.286719563926453702e-06 9.999977350234985352e-01
1.995418415390304290e-06 9.999979734420776367e-01
9.371326304972171783e-03 9.906286597251892090e-01
1.623685079721326474e-06 9.999983310699462891e-01
3.117698361165821552e-05 9.999687671661376953e-01
6.143711289041675627e-06 9.999938011169433594e-01
2.081633510897518136e-06 9.999979734420776367e-01
1.588941086083650589e-05 9.999841451644897461e-01
1.272551715373992920e-03 9.987273812294006348e-01
5.001719728170428425e-06 9.999949932098388672e-01
7.039143145084381104e-02 9.296085238456726074e-01
2.288508540004841052e-06 9.999977350234985352e-01
3.177982534907641821e-06 9.999967813491821289e-01
9.465168659517075866e-06 9.999905824661254883e-01
3.244416802772320807e-06 9.999967813491821289e-01
1.606844307389110327e-05 9.999839067459106445e-01
2.484557444404345006e-05 9.999752044677734375e-01
2.667259541340172291e-04 9.997332692146301270e-01
4.974514013156294823e-06 9.999949932098388672e-01
1.671209793130401522e-05 9.999833106994628906e-01
1.118279305956093594e-05 9.999887943267822266e-01
1.046019224304473028e-05 9.999895095825195312e-01
2.650204805831890553e-06 9.999973773956298828e-01
8.966241148300468922e-05 9.999103546142578125e-01
2.234092789876740426e-06 9.999977350234985352e-01
6.001055680826539174e-06 9.999940395355224609e-01
2.849025477189570665e-04 9.997150301933288574e-01
6.929249138920567930e-06 9.999930858612060547e-01
5.666598305106163025e-02 9.433339834213256836e-01
1.997460640268400311e-05 9.999799728393554688e-01
2.389036126260180026e-06 9.999976158142089844e-01
2.363936619076412171e-05 9.999763965606689453e-01
2.303542487425147556e-06 9.999977350234985352e-01
1.856532094279828016e-06 9.999980926513671875e-01
1.084849827748257667e-06 9.999989271163940430e-01
1.306706781178945675e-05 9.999868869781494141e-01
5.297563802741933614e-06 9.999947547912597656e-01
9.576825541444122791e-04 9.990423321723937988e-01
1.199016969621879980e-05 9.999879598617553711e-01
1.385113591823028401e-06 9.999985694885253906e-01
3.077253233641386032e-03 9.969226717948913574e-01
2.094579258482553996e-06 9.999978542327880859e-01
4.237323537381598726e-06 9.999957084655761719e-01
1.000674143433570862e-01 8.999325633049011230e-01
1.118989894166588783e-05 9.999887943267822266e-01
1.751224226609338075e-05 9.999824762344360352e-01
1.353577317786403000e-06 9.999986886978149414e-01
1.663684088271111250e-04 9.998335838317871094e-01
8.808296115603297949e-06 9.999911785125732422e-01
1.051560411724494770e-05 9.999895095825195312e-01
3.155200829496607184e-06 9.999969005584716797e-01
9.674298780737444758e-06 9.999903440475463867e-01
1.510647052782587707e-05 9.999848604202270508e-01
3.336833060529897921e-06 9.999966621398925781e-01
3.300556727481307462e-06 9.999966621398925781e-01
5.840324774908367544e-06 9.999941587448120117e-01
1.806045702323899604e-06 9.999982118606567383e-01
1.138993957283673808e-05 9.999885559082031250e-01
9.733466868055984378e-07 9.999990463256835938e-01
7.597951684147119522e-03 9.924020767211914062e-01
9.183416962623596191e-01 8.165828883647918701e-02
9.005782604217529297e-01 9.942178428173065186e-02
7.696681677771266550e-06 9.999922513961791992e-01
5.894658443139633164e-06 9.999941587448120117e-01
4.368279405753128231e-06 9.999955892562866211e-01
6.550131274707382545e-06 9.999934434890747070e-01
1.184525171993300319e-05 9.999881982803344727e-01
3.075793574680574238e-05 9.999692440032958984e-01
7.433605787809938192e-06 9.999926090240478516e-01
1.023143909151258413e-06 9.999989271163940430e-01
1.743369011819595471e-06 9.999982118606567383e-01
5.067603069619508460e-06 9.999948740005493164e-01
1.357197902507323306e-06 9.999986886978149414e-01
1.908326339616905898e-06 9.999980926513671875e-01
9.816386699676513672e-01 1.836128160357475281e-02
1.433380020898766816e-05 9.999856948852539062e-01
2.875741074603865854e-06 9.999971389770507812e-01
9.334328025579452515e-02 9.066566824913024902e-01
2.268052776344120502e-05 9.999773502349853516e-01
2.093021521432092413e-06 9.999978542327880859e-01
9.282831342716235667e-06 9.999907016754150391e-01
1.905605927277065348e-06 9.999980926513671875e-01
6.095372555137146264e-06 9.999939203262329102e-01
3.245242851335206069e-06 9.999967813491821289e-01
2.499542683362960815e-01 7.500457763671875000e-01
1.705591216705215629e-06 9.999983310699462891e-01
9.804830551147460938e-01 1.951699145138263702e-02
5.640231847792165354e-06 9.999943971633911133e-01
3.948001904063858092e-06 9.999960660934448242e-01
4.320727288722991943e-02 9.567927718162536621e-01
1.945575422723777592e-05 9.999805688858032227e-01
6.178984676807885990e-06 9.999938011169433594e-01
6.633576049352996051e-06 9.999933242797851562e-01
2.257050255138892680e-06 9.999977350234985352e-01
1.379354944219812751e-05 9.999861717224121094e-01
9.912219047546386719e-01 8.778071962296962738e-03
5.118452008900931105e-06 9.999948740005493164e-01
9.099164344661403447e-06 9.999909400939941406e-01
2.647511246323119849e-05 9.999735355377197266e-01
1.969885033759055659e-06 9.999979734420776367e-01
1.597643631612299941e-06 9.999984502792358398e-01
1.023102981889678631e-06 9.999989271163940430e-01
9.995548129081726074e-01 4.452200955711305141e-04
3.489408072709920816e-06 9.999965429306030273e-01
5.310228516464121640e-06 9.999946355819702148e-01
3.402242958545684814e-01 6.597756743431091309e-01
2.162047621823148802e-06 9.999978542327880859e-01
1.902096187222923618e-06 9.999980926513671875e-01
2.426856781312380917e-06 9.999976158142089844e-01
9.093317203223705292e-06 9.999909400939941406e-01
3.021295924554578960e-06 9.999970197677612305e-01
1.601698168087750673e-04 9.998397827148437500e-01
7.070587344060186297e-06 9.999929666519165039e-01
3.686049953103065491e-02 9.631395339965820312e-01
2.691338977456325665e-06 9.999972581863403320e-01
1.438395556760951877e-04 9.998561143875122070e-01
1.138826701208017766e-05 9.999885559082031250e-01
2.410746674286201596e-06 9.999976158142089844e-01
5.771457381342770532e-06 9.999942779541015625e-01
2.614627192087937146e-06 9.999973773956298828e-01
2.657200023531913757e-02 9.734279513359069824e-01
1.809057663194835186e-03 9.981909394264221191e-01
3.536326403263956308e-05 9.999645948410034180e-01
6.466656486736610532e-06 9.999935626983642578e-01
2.040145091086742468e-06 9.999979734420776367e-01
1.339137838840542827e-06 9.999986886978149414e-01
1.521731428510975093e-05 9.999847412109375000e-01
1.381736728944815695e-05 9.999861717224121094e-01
7.195314083219273016e-06 9.999928474426269531e-01
9.651846289634704590e-01 3.481537103652954102e-02
1.385488121741218492e-05 9.999861717224121094e-01
5.374864485929720104e-06 9.999946355819702148e-01
3.406230007385602221e-06 9.999965429306030273e-01
9.689481854438781738e-01 3.105175681412220001e-02
2.405138957328745164e-06 9.999976158142089844e-01
3.712598982019699179e-06 9.999963045120239258e-01
2.335013705305755138e-04 9.997665286064147949e-01
4.242376890033483505e-03 9.957576394081115723e-01
9.732299986353609711e-06 9.999902248382568359e-01
7.280809768417384475e-06 9.999927282333374023e-01
2.323830849491059780e-04 9.997676014900207520e-01
5.179769173264503479e-02 9.482022523880004883e-01
1.885273377411067486e-05 9.999811649322509766e-01
6.372494972310960293e-04 9.993627667427062988e-01
5.312057055562036112e-06 9.999946355819702148e-01
3.164083636875147931e-06 9.999967813491821289e-01
5.799552582175238058e-06 9.999941587448120117e-01
3.422073405090486631e-06 9.999965429306030273e-01
1.213956056744791567e-05 9.999878406524658203e-01
3.734993470061453991e-06 9.999963045120239258e-01
3.149410758851445280e-06 9.999969005584716797e-01
1.496786467214406002e-06 9.999984502792358398e-01
4.681667633121833205e-06 9.999953508377075195e-01
2.143541451005148701e-06 9.999978542327880859e-01
1.490604881837498397e-05 9.999850988388061523e-01
1.451817297493107617e-05 9.999854564666748047e-01
1.603294094820739701e-06 9.999984502792358398e-01
1.100672488973941654e-05 9.999890327453613281e-01
1.634517539059743285e-04 9.998365640640258789e-01
4.460173845291137695e-02 9.553982615470886230e-01
1.493725631007691845e-05 9.999850988388061523e-01
1.518697172286920249e-05 9.999848604202270508e-01
1.111659184971358627e-05 9.999889135360717773e-01
7.921061296656262130e-06 9.999921321868896484e-01
1.635649141462636180e-06 9.999983310699462891e-01
3.716969513334333897e-04 9.996283054351806641e-01
6.675454974174499512e-02 9.332454204559326172e-01
2.279756017742329277e-06 9.999977350234985352e-01
1.450661693525034934e-05 9.999854564666748047e-01
3.009336523973615840e-06 9.999970197677612305e-01
6.545516498590586707e-06 9.999934434890747070e-01
3.354515456521767192e-06 9.999966621398925781e-01
3.840157660306431353e-05 9.999616146087646484e-01
4.926726433041039854e-06 9.999951124191284180e-01
2.212522085756063461e-03 9.977874755859375000e-01
1.002006814815104008e-03 9.989979863166809082e-01
7.094002328813076019e-03 9.929059743881225586e-01
2.717823008424602449e-06 9.999972581863403320e-01
7.535359145549591631e-06 9.999924898147583008e-01
7.148939403123222291e-06 9.999928474426269531e-01
1.250802870345069095e-05 9.999874830245971680e-01
1.723068180581321940e-06 9.999983310699462891e-01
1.720280852168798447e-05 9.999828338623046875e-01
3.518023277138127014e-06 9.999964237213134766e-01
9.303623301093466580e-06 9.999907016754150391e-01
3.852154768537729979e-04 9.996147155761718750e-01
1.338693255092948675e-05 9.999866485595703125e-01
3.937020373996347189e-04 9.996063113212585449e-01
4.540608788374811411e-04 9.995458722114562988e-01
7.575766630907310173e-06 9.999923706054687500e-01
9.824387234402820468e-06 9.999902248382568359e-01
3.628070999184274115e-06 9.999964237213134766e-01
1.117811189033091068e-05 9.999887943267822266e-01
3.500199236441403627e-04 9.996500015258789062e-01
3.829696652246639132e-06 9.999961853027343750e-01
9.157438762485980988e-05 9.999084472656250000e-01
9.644714593887329102e-01 3.552851080894470215e-02
3.597283694034558721e-06 9.999964237213134766e-01
9.944340586662292480e-01 5.565924569964408875e-03
2.131965402440982871e-06 9.999978542327880859e-01
3.940444912586826831e-06 9.999960660934448242e-01
5.925842560827732086e-04 9.994074106216430664e-01
3.798451871261931956e-06 9.999961853027343750e-01
1.298491770285181701e-05 9.999870061874389648e-01
3.133608400821685791e-01 6.866391301155090332e-01
1.847736029958468862e-06 9.999982118606567383e-01
3.922033101844135672e-06 9.999960660934448242e-01
3.901291929651051760e-04 9.996098875999450684e-01
4.723621714219916612e-06 9.999952316284179688e-01
1.317058631684631109e-04 9.998682737350463867e-01
8.014684681256767362e-06 9.999920129776000977e-01
5.161273293197154999e-06 9.999948740005493164e-01
2.516965196264209226e-06 9.999974966049194336e-01
4.539208021014928818e-06 9.999954700469970703e-01
1.965001320058945566e-05 9.999803304672241211e-01
4.567002179101109505e-06 9.999954700469970703e-01
6.404209216270828620e-06 9.999935626983642578e-01
9.475573278905358166e-06 9.999905824661254883e-01
3.353380179760279134e-06 9.999966621398925781e-01
1.261339184566168115e-05 9.999873638153076172e-01
6.769676474505104125e-06 9.999932050704956055e-01
2.132298959622858092e-06 9.999978542327880859e-01
9.787579074327368289e-06 9.999902248382568359e-01
5.619619059871183708e-06 9.999943971633911133e-01
9.104043245315551758e-03 9.908959269523620605e-01
5.835767835378646851e-02 9.416422843933105469e-01
5.541609880310716107e-06 9.999945163726806641e-01
3.045456423933501355e-06 9.999969005584716797e-01
3.453929366514785215e-06 9.999965429306030273e-01
3.688375727506354451e-06 9.999963045120239258e-01
5.564550519920885563e-06 9.999943971633911133e-01
4.918923877994529903e-06 9.999951124191284180e-01
9.954695997294038534e-06 9.999899864196777344e-01
4.118694505450548604e-06 9.999958276748657227e-01
1.920609065564349294e-05 9.999808073043823242e-01
1.954127219505608082e-05 9.999804496765136719e-01
9.992097616195678711e-01 7.901546778157353401e-04
9.842647314071655273e-01 1.573522761464118958e-02
2.736136593739502132e-06 9.999972581863403320e-01
1.983589027076959610e-04 9.998016953468322754e-01
8.976577191788237542e-06 9.999910593032836914e-01
3.162656639688066207e-06 9.999967813491821289e-01
4.304059530113590881e-06 9.999957084655761719e-01
9.246859699487686157e-03 9.907531738281250000e-01
4.008823452750220895e-06 9.999959468841552734e-01
1.146081831393530592e-05 9.999885559082031250e-01
4.847457408905029297e-01 5.152543187141418457e-01
6.198135088197886944e-04 9.993801116943359375e-01
3.652176474133739248e-06 9.999963045120239258e-01
1.859257167780015152e-06 9.999980926513671875e-01
1.221277398144593462e-05 9.999878406524658203e-01
7.203566838143160567e-06 9.999928474426269531e-01
1.751634840729821008e-06 9.999982118606567383e-01
1.215941938426112756e-05 9.999878406524658203e-01
1.316215616498084273e-06 9.999986886978149414e-01
6.450555702031124383e-06 9.999935626983642578e-01
8.311368219438008964e-06 9.999916553497314453e-01
2.445622347295284271e-02 9.755437374114990234e-01
9.999394416809082031e-01 6.052423486835323274e-05
9.799739927984774113e-06 9.999902248382568359e-01
7.252714567584916949e-06 9.999927282333374023e-01
1.207703007821692154e-06 9.999988079071044922e-01
2.569355501691461541e-06 9.999973773956298828e-01
1.270340662449598312e-02 9.872965812683105469e-01
9.828595466387923807e-06 9.999902248382568359e-01
2.184753839173936285e-06 9.999978542327880859e-01
9.531085193157196045e-02 9.046891331672668457e-01
1.039647713696467690e-06 9.999989271163940430e-01
4.834836545342113823e-06 9.999951124191284180e-01
4.699336386693175882e-06 9.999953508377075195e-01
1.408163916494231671e-05 9.999859333038330078e-01
3.137934299957123585e-06 9.999969005584716797e-01
9.982923865318298340e-01 1.707555842585861683e-03
2.272325195372104645e-02 9.772766828536987305e-01
8.053935744101181626e-06 9.999918937683105469e-01
1.822611125135153998e-06 9.999982118606567383e-01
1.183215408673277125e-05 9.999881982803344727e-01
6.903706192970275879e-01 3.096293807029724121e-01
5.660281658492749557e-06 9.999943971633911133e-01
1.816251824493519962e-06 9.999982118606567383e-01
1.816245821828488261e-05 9.999818801879882812e-01
1.971841811609920114e-06 9.999979734420776367e-01
3.254901002947008237e-06 9.999967813491821289e-01
5.866888538002967834e-02 9.413310885429382324e-01
3.039561079276609235e-06 9.999970197677612305e-01
2.174457185901701450e-04 9.997826218605041504e-01
1.565044294693507254e-05 9.999843835830688477e-01
2.568625177445937879e-06 9.999973773956298828e-01
5.270825113257160410e-06 9.999947547912597656e-01
3.640492423073737882e-06 9.999963045120239258e-01
3.862568974000168964e-06 9.999961853027343750e-01
2.575700171291828156e-03 9.974243640899658203e-01
8.088466529443394393e-06 9.999918937683105469e-01
1.317374699283391237e-05 9.999867677688598633e-01
7.752231787890195847e-03 9.922478199005126953e-01
6.835485237388638780e-06 9.999932050704956055e-01
2.102803364323335700e-06 9.999978542327880859e-01
6.108645720814820379e-06 9.999939203262329102e-01
4.408862878335639834e-05 9.999558925628662109e-01
3.645387589931488037e-01 6.354612112045288086e-01
6.600037977477768436e-06 9.999934434890747070e-01
9.892671187117230147e-06 9.999901056289672852e-01
1.373360573779791594e-04 9.998626708984375000e-01
1.722302499729266856e-06 9.999983310699462891e-01
1.956180130946449935e-05 9.999804496765136719e-01
5.112499820825178176e-06 9.999948740005493164e-01
4.906850517727434635e-05 9.999508857727050781e-01
3.563272912288084626e-06 9.999964237213134766e-01
4.930288923787884414e-06 9.999951124191284180e-01
8.003808034118264914e-06 9.999920129776000977e-01
2.516175118216779083e-05 9.999748468399047852e-01
1.161797445092815906e-05 9.999884366989135742e-01
1.604798490006942302e-05 9.999839067459106445e-01
3.196134002791950479e-06 9.999967813491821289e-01
8.912676094041671604e-06 9.999910593032836914e-01
5.304307705955579877e-06 9.999947547912597656e-01
9.627717190596740693e-06 9.999903440475463867e-01
3.686786158141330816e-06 9.999963045120239258e-01
2.122998557751998305e-05 9.999787807464599609e-01
1.297937251365510747e-05 9.999870061874389648e-01
1.169027655123500153e-06 9.999988079071044922e-01
4.167558927292702720e-06 9.999958276748657227e-01
3.371999127921299078e-06 9.999966621398925781e-01
1.722224078548606485e-05 9.999828338623046875e-01
1.419929776602657512e-05 9.999858140945434570e-01
5.652433173963800073e-06 9.999943971633911133e-01
7.798741535225417465e-06 9.999922513961791992e-01
6.367694368236698210e-06 9.999936819076538086e-01
6.717603810102446005e-06 9.999933242797851562e-01
6.372134521370753646e-06 9.999936819076538086e-01
6.732573183398926631e-06 9.999933242797851562e-01
3.426207740631070919e-06 9.999965429306030273e-01
3.275602921348763630e-06 9.999967813491821289e-01
3.022025921382009983e-04 9.996978044509887695e-01
7.336170256166951731e-06 9.999926090240478516e-01
2.526633124944055453e-06 9.999974966049194336e-01
3.098381739619071595e-06 9.999969005584716797e-01
7.834648386051412672e-06 9.999921321868896484e-01
9.886490106582641602e-01 1.135100238025188446e-02
1.395717390550998971e-06 9.999985694885253906e-01
1.432651606592116877e-05 9.999856948852539062e-01
5.030364718550117686e-06 9.999949932098388672e-01
4.069903752679238096e-06 9.999959468841552734e-01
4.420943241711938754e-06 9.999955892562866211e-01
1.188677742902655154e-06 9.999988079071044922e-01
7.048511179164052010e-06 9.999929666519165039e-01
4.622564119927119464e-06 9.999953508377075195e-01
1.692287623882293701e-02 9.830771088600158691e-01
9.888020940707065165e-06 9.999901056289672852e-01
5.421738478617044166e-06 9.999946355819702148e-01
4.849900506087578833e-06 9.999951124191284180e-01
3.631096205936046317e-06 9.999964237213134766e-01
9.981302618980407715e-01 1.869700383394956589e-03
7.263416424393653870e-03 9.927365779876708984e-01
3.936775101465173066e-06 9.999960660934448242e-01
1.477090108892298304e-06 9.999985694885253906e-01
1.889564828161383048e-06 9.999980926513671875e-01
6.504229077108902857e-06 9.999934434890747070e-01
5.137365660630166531e-04 9.994862079620361328e-01
6.179797765071270987e-06 9.999938011169433594e-01
7.515450761275133118e-06 9.999924898147583008e-01
1.014078516163863242e-04 9.998985528945922852e-01
5.147002957528457046e-05 9.999485015869140625e-01
9.104120545089244843e-03 9.908958077430725098e-01
2.676904841791838408e-04 9.997323155403137207e-01
1.483217147324467078e-05 9.999852180480957031e-01
9.728198165248613805e-06 9.999902248382568359e-01
3.485787194222211838e-03 9.965142607688903809e-01
5.121215053804917261e-06 9.999948740005493164e-01
1.186869030789239332e-05 9.999880790710449219e-01
5.663073534378781915e-05 9.999433755874633789e-01
4.675906893680803478e-06 9.999953508377075195e-01
3.110413445028825663e-06 9.999969005584716797e-01
1.292887759518634994e-06 9.999986886978149414e-01
8.243497177318204194e-06 9.999917745590209961e-01
1.146110298577696085e-05 9.999885559082031250e-01
1.240055439666321035e-06 9.999988079071044922e-01
9.127392331720329821e-06 9.999908208847045898e-01
2.598457285785116255e-06 9.999973773956298828e-01
7.169702712417347357e-06 9.999928474426269531e-01
1.643398172745946795e-05 9.999835491180419922e-01
6.174978352646576241e-06 9.999938011169433594e-01
8.653205037117004395e-01 1.346795260906219482e-01
9.683143496513366699e-01 3.168559446930885315e-02
2.173214397771516815e-06 9.999978542327880859e-01
4.401415026222821325e-06 9.999955892562866211e-01
3.976690550189232454e-06 9.999960660934448242e-01
3.798799525611684658e-06 9.999961853027343750e-01
3.467781880317488685e-06 9.999965429306030273e-01
7.446235485986107960e-06 9.999926090240478516e-01
1.964893005788326263e-02 9.803510308265686035e-01
9.565726486471248791e-07 9.999990463256835938e-01
9.991399565478786826e-06 9.999899864196777344e-01
1.952372440428007394e-05 9.999804496765136719e-01
1.791468560695648193e-01 8.208531737327575684e-01
1.046226088874391280e-06 9.999989271163940430e-01
5.432394118543015793e-06 9.999945163726806641e-01
1.616102963453158736e-06 9.999983310699462891e-01
3.580684715416282415e-04 9.996418952941894531e-01
3.677835166454315186e-01 6.322164535522460938e-01
8.193039320758543909e-06 9.999917745590209961e-01
1.599405186425428838e-05 9.999840259552001953e-01
1.826824700401630253e-05 9.999817609786987305e-01
5.529921509150881320e-06 9.999945163726806641e-01
2.138844820365193300e-06 9.999978542327880859e-01
2.616924803078291006e-06 9.999973773956298828e-01
5.184301244298694655e-06 9.999948740005493164e-01
6.157718871691031381e-06 9.999938011169433594e-01
5.300221801007864997e-06 9.999947547912597656e-01
2.918894324466236867e-06 9.999971389770507812e-01
9.928794503211975098e-01 7.120538502931594849e-03
8.413318937527947128e-06 9.999915361404418945e-01
1.022651304083410650e-05 9.999897480010986328e-01
7.292692771443398669e-06 9.999927282333374023e-01
8.949607945396564901e-06 9.999910593032836914e-01
2.402259497102932073e-06 9.999976158142089844e-01
2.247650991193950176e-05 9.999774694442749023e-01
1.025752567329618614e-06 9.999989271163940430e-01
1.196278753923252225e-04 9.998803138732910156e-01
4.951491973770316690e-06 9.999949932098388672e-01
5.511226390808587894e-06 9.999945163726806641e-01
1.603376003913581371e-04 9.998396635055541992e-01
2.962092366942670196e-05 9.999704360961914062e-01
7.810835086274892092e-06 9.999921321868896484e-01
1.083921119970909785e-06 9.999989271163940430e-01
1.637212903915497009e-06 9.999983310699462891e-01
4.160355274507310241e-06 9.999958276748657227e-01
3.083835542201995850e-01 6.916164159774780273e-01
1.572818655404262245e-05 9.999842643737792969e-01
2.649113349616527557e-02 9.735088348388671875e-01
2.492556534707546234e-02 9.750744104385375977e-01
3.783960664804908447e-06 9.999961853027343750e-01
1.397510823153425008e-05 9.999860525131225586e-01
6.715009931212989613e-06 9.999933242797851562e-01
1.158994382421951741e-05 9.999884366989135742e-01
8.959710612543858588e-06 9.999910593032836914e-01
2.701189714571228251e-06 9.999972581863403320e-01
2.149560675024986267e-02 9.785044193267822266e-01
5.262708327791187912e-06 9.999947547912597656e-01
7.851388545532245189e-06 9.999921321868896484e-01
3.810316002272884361e-06 9.999961853027343750e-01
4.569239390548318624e-04 9.995430707931518555e-01
1.013388464343734086e-05 9.999898672103881836e-01
1.342071685940027237e-03 9.986579418182373047e-01
1.299841983382066246e-06 9.999986886978149414e-01
2.382528691668994725e-06 9.999976158142089844e-01
3.694804263432160951e-06 9.999963045120239258e-01
1.137253002525540069e-05 9.999886751174926758e-01
4.313007957534864545e-05 9.999568462371826172e-01
9.217085789714474231e-06 9.999908208847045898e-01
1.067727339432167355e-06 9.999989271163940430e-01
2.957085825983085670e-06 9.999970197677612305e-01
8.026043360587209463e-06 9.999920129776000977e-01
9.426405085832811892e-06 9.999905824661254883e-01
5.262095015496015549e-03 9.947379231452941895e-01
1.019195071421563625e-03 9.989808201789855957e-01
1.619872637093067169e-04 9.998379945755004883e-01
1.108664150706317741e-06 9.999989271163940430e-01
1.350521301901608240e-06 9.999986886978149414e-01
4.373865522211417556e-06 9.999955892562866211e-01
1.848481588240247220e-05 9.999815225601196289e-01
1.132248257817991544e-06 9.999989271163940430e-01
6.925391554832458496e-01 3.074608445167541504e-01
4.352660198492230847e-06 9.999955892562866211e-01
2.436499244140577503e-06 9.999976158142089844e-01
1.934415427967905998e-03 9.980655312538146973e-01
9.892482012219261378e-06 9.999901056289672852e-01
4.094465111847966909e-06 9.999959468841552734e-01
1.006081674859160557e-05 9.999899864196777344e-01
1.796493779693264514e-05 9.999819993972778320e-01
4.969630026607774198e-06 9.999949932098388672e-01
8.806869983673095703e-01 1.193130388855934143e-01
2.880080501199699938e-06 9.999971389770507812e-01
3.143775074931909330e-06 9.999969005584716797e-01
1.600164796400349587e-05 9.999840259552001953e-01
6.845772986707743257e-06 9.999932050704956055e-01
9.387918908032588661e-06 9.999905824661254883e-01
1.337681396762491204e-06 9.999986886978149414e-01
2.875348087400197983e-03 9.971246123313903809e-01
7.236430064949672669e-06 9.999927282333374023e-01
9.753410816192626953e-01 2.465896680951118469e-02
6.208980266819708049e-06 9.999938011169433594e-01
1.919142596307210624e-05 9.999808073043823242e-01
7.093515250744530931e-06 9.999928474426269531e-01
4.657297540688887239e-05 9.999533891677856445e-01
1.256256382475839928e-05 9.999874830245971680e-01
8.879446795617695898e-06 9.999911785125732422e-01
2.502434426787658595e-06 9.999974966049194336e-01
1.628318500479508657e-06 9.999983310699462891e-01
6.333639472723007202e-02 9.366635680198669434e-01
5.946632199993473478e-07 9.999994039535522461e-01
2.023261004069354385e-06 9.999979734420776367e-01
2.731112999754259363e-06 9.999972581863403320e-01
2.726646926021203399e-06 9.999972581863403320e-01
2.569835714893997647e-06 9.999973773956298828e-01
1.310889365413459018e-05 9.999868869781494141e-01
3.273541778980870731e-06 9.999967813491821289e-01
2.979872078867629170e-06 9.999970197677612305e-01
3.134396299719810486e-02 9.686560630798339844e-01
2.516813992770039476e-06 9.999974966049194336e-01
2.361286078667035326e-06 9.999976158142089844e-01
4.977541721018496901e-06 9.999949932098388672e-01
6.728523294441401958e-05 9.999327659606933594e-01
9.995301961898803711e-01 4.698696720879524946e-04
3.753414830498513766e-06 9.999963045120239258e-01
1.286361202801344916e-05 9.999871253967285156e-01
5.071717623650329188e-06 9.999948740005493164e-01
7.161590929172234610e-06 9.999928474426269531e-01
8.708525456313509494e-06 9.999912977218627930e-01
1.029721988743403926e-05 9.999897480010986328e-01
1.616731992726272438e-06 9.999983310699462891e-01
3.265238547101034783e-06 9.999967813491821289e-01
2.298964545843773521e-06 9.999977350234985352e-01
7.720587746007367969e-06 9.999922513961791992e-01
9.998997449874877930e-01 1.002173594315536320e-04
3.168060175084974617e-06 9.999967813491821289e-01
2.035712823271751404e-03 9.979642629623413086e-01
4.011620283126831055e-01 5.988379120826721191e-01
8.689324749866500497e-05 9.999130964279174805e-01
8.013469596335198730e-06 9.999920129776000977e-01
6.056260190234752372e-06 9.999939203262329102e-01
4.246356487274169922e-01 5.753642916679382324e-01
1.825693743739975616e-06 9.999982118606567383e-01
7.081167495925910771e-06 9.999929666519165039e-01
8.608349162386730313e-06 9.999914169311523438e-01
3.929438662453321740e-06 9.999960660934448242e-01
2.771302888504578732e-06 9.999972581863403320e-01
9.952607750892639160e-01 4.739303607493638992e-03
7.685267178203503136e-07 9.999992847442626953e-01
1.993485739149036817e-06 9.999979734420776367e-01
7.177857241913443431e-06 9.999928474426269531e-01
2.953543344119680114e-06 9.999970197677612305e-01
8.518894319422543049e-04 9.991481304168701172e-01
