9.998914003372192383e-01 1.085902840713970363e-04
1.881878706626594067e-03 9.981181621551513672e-01
9.984265565872192383e-01 1.573460409417748451e-03
1.283511985093355179e-03 9.987164735794067383e-01
9.999408721923828125e-01 5.916056761634536088e-05
9.997417330741882324e-01 2.582788874860852957e-04
9.988701939582824707e-01 1.129734562709927559e-03
9.998768568038940430e-01 1.230817433679476380e-04
5.557267069816589355e-01 4.442732632160186768e-01
9.990440011024475098e-01 9.559239842928946018e-04
2.077366458252072334e-03 9.979227185249328613e-01
9.762342572212219238e-01 2.376576326787471771e-02
9.685562849044799805e-01 3.144370019435882568e-02
3.911981880664825439e-01 6.088017821311950684e-01
9.547526836395263672e-01 4.524728283286094666e-02
9.826068282127380371e-01 1.739317737519741058e-02
1.431016176939010620e-01 8.568984270095825195e-01
9.998633861541748047e-01 1.366475044051185250e-04
9.998674392700195312e-01 1.325733755948022008e-04
9.953476786613464355e-01 4.652339965105056763e-03
3.125131130218505859e-02 9.687486886978149414e-01
4.833358898758888245e-02 9.516663551330566406e-01
9.990449547767639160e-01 9.550788090564310551e-04
9.998638629913330078e-01 1.361565082333981991e-04
9.610564112663269043e-01 3.894352912902832031e-02
9.954192638397216797e-01 4.580786451697349548e-03
7.375217676162719727e-01 2.624781727790832520e-01
4.392572343349456787e-01 5.607427358627319336e-01
9.193267822265625000e-01 8.067314326763153076e-02
6.887046694755554199e-01 3.112953603267669678e-01
9.997726082801818848e-01 2.273474674439057708e-04
1.518053710460662842e-01 8.481946587562561035e-01
9.813480377197265625e-01 1.865202933549880981e-02
9.907202720642089844e-01 9.279688820242881775e-03
9.996552467346191406e-01 3.447006165515631437e-04
9.972557425498962402e-01 2.744280267506837845e-03
9.999408721923828125e-01 5.916858208365738392e-05
4.451058339327573776e-03 9.955489635467529297e-01
1.213299948722124100e-02 9.878669977188110352e-01
4.778834772878326476e-05 9.999521970748901367e-01
8.116773329675197601e-03 9.918831586837768555e-01
9.748215079307556152e-01 2.517851255834102631e-02
1.728129573166370392e-03 9.982718229293823242e-01
8.973366618156433105e-01 1.026633530855178833e-01
8.266088962554931641e-01 1.733911484479904175e-01
1.581384390592575073e-01 8.418615460395812988e-01
9.991946816444396973e-01 8.053842466324567795e-04
9.563818573951721191e-01 4.361810907721519470e-02
9.948486089706420898e-01 5.151464603841304779e-03
9.569386839866638184e-01 4.306125640869140625e-02
2.937079071998596191e-01 7.062920928001403809e-01
9.903210997581481934e-01 9.678910486400127411e-03
1.538200158393010497e-04 9.998461008071899414e-01
9.971470236778259277e-01 2.853010315448045731e-03
9.849480986595153809e-01 1.505189388990402222e-02
9.960001111030578613e-01 3.999884705990552902e-03
4.764062166213989258e-01 5.235937833786010742e-01
8.678432703018188477e-01 1.321566700935363770e-01
9.998008608818054199e-01 1.992066827369853854e-04
5.136811733245849609e-01 4.863187670707702637e-01
9.858145117759704590e-01 1.418547611683607101e-02
1.507944427430629730e-03 9.984920024871826172e-01
9.636191129684448242e-01 3.638083487749099731e-02
9.383689612150192261e-03 9.906162619590759277e-01
9.964799284934997559e-01 3.520116675645112991e-03
1.693816296756267548e-02 9.830617904663085938e-01
9.643409252166748047e-01 3.565903007984161377e-02
9.959465861320495605e-01 4.053423646837472916e-03
7.017567288130521774e-03 9.929823875427246094e-01
1.898246556520462036e-01 8.101752996444702148e-01
3.833064110949635506e-03 9.961668848991394043e-01
9.985435009002685547e-01 1.456532394513487816e-03
9.991610050201416016e-01 8.389964932575821877e-04
9.814008474349975586e-01 1.859912462532520294e-02
2.060814586002379656e-04 9.997939467430114746e-01
9.835568666458129883e-01 1.644313149154186249e-02
6.185112148523330688e-02 9.381488561630249023e-01
9.708043932914733887e-01 2.919567003846168518e-02
9.897552132606506348e-01 1.024480536580085754e-02
4.266687929630279541e-01 5.733311772346496582e-01
2.336552888154983521e-01 7.663446664810180664e-01
5.745788216590881348e-01 4.254211485385894775e-01
9.820069670677185059e-01 1.799299754202365875e-02
3.646521642804145813e-02 9.635347723960876465e-01
8.982792496681213379e-03 9.910172224044799805e-01
4.884694237262010574e-03 9.951152801513671875e-01
9.403498172760009766e-01 5.965017899870872498e-02
8.647792935371398926e-01 1.352206915616989136e-01
6.322580575942993164e-01 3.677418828010559082e-01
1.804932020604610443e-03 9.981951117515563965e-01
9.997929930686950684e-01 2.069754846161231399e-04
5.406420212239027023e-03 9.945935606956481934e-01
1.583110657520592213e-03 9.984169006347656250e-01
9.584690332412719727e-01 4.153098538517951965e-02
9.875491959974169731e-04 9.990124702453613281e-01
9.990068078041076660e-01 9.931934764608740807e-04
4.136484116315841675e-02 9.586351513862609863e-01
3.370741382241249084e-03 9.966292977333068848e-01
9.996618032455444336e-01 3.382072900421917439e-04
9.860488176345825195e-01 1.395122241228818893e-02
4.757815040647983551e-04 9.995242357254028320e-01
9.997352957725524902e-01 2.647445071488618851e-04
9.943935871124267578e-01 5.606377497315406799e-03
9.955222606658935547e-01 4.477799404412508011e-03
9.919208288192749023e-01 8.079188875854015350e-03
8.311217427253723145e-01 1.688783168792724609e-01
4.511860013008117676e-02 9.548813700675964355e-01
9.985467791557312012e-01 1.453248900361359119e-03
3.439087187871336937e-03 9.965608716011047363e-01
9.852020144462585449e-01 1.479802746325731277e-02
8.909615874290466309e-01 1.090384498238563538e-01
2.234367579221725464e-01 7.765631675720214844e-01
9.998785257339477539e-01 1.214407457155175507e-04
9.811658859252929688e-01 1.883412525057792664e-02
9.998921155929565430e-01 1.078280547517351806e-04
5.958454012870788574e-01 4.041546583175659180e-01
9.882959723472595215e-01 1.170398481190204620e-02
1.907598343677818775e-03 9.980923533439636230e-01
9.997391104698181152e-01 2.608423819765448570e-04
9.995819926261901855e-01 4.179582756478339434e-04
9.713917374610900879e-01 2.860820479691028595e-02
9.216016530990600586e-01 7.839835435152053833e-02
7.347767949104309082e-01 2.652231752872467041e-01
1.538465321063995361e-01 8.461534380912780762e-01
9.984763264656066895e-01 1.523712300695478916e-03
9.780791997909545898e-01 2.192077785730361938e-02
7.729863524436950684e-01 2.270136177539825439e-01
9.911079406738281250e-01 8.892078883945941925e-03
7.921432256698608398e-01 2.078567445278167725e-01
1.122038364410400391e-01 8.877961039543151855e-01
8.837270140647888184e-01 1.162730082869529724e-01
6.025059148669242859e-02 9.397493600845336914e-01
9.986376166343688965e-01 1.362405135296285152e-03
1.652142256498336792e-01 8.347858190536499023e-01
9.775239229202270508e-01 2.247601747512817383e-02
9.930706620216369629e-01 6.929273251444101334e-03
9.890429377555847168e-01 1.095704920589923859e-02
9.980531930923461914e-01 1.946809818036854267e-03
2.540197456255555153e-03 9.974598288536071777e-01
1.944024115800857544e-03 9.980560541152954102e-01
9.985412359237670898e-01 1.458795042708516121e-03
9.353061318397521973e-01 6.469389796257019043e-02
8.250824213027954102e-01 1.749175339937210083e-01
3.627643454819917679e-04 9.996372461318969727e-01
9.399628043174743652e-01 6.003717333078384399e-02
8.612793684005737305e-01 1.387206017971038818e-01
9.962969422340393066e-01 3.703077323734760284e-03
9.917519688606262207e-01 8.248025551438331604e-03
9.959788322448730469e-01 4.021194297820329666e-03
1.009790040552616119e-02 9.899021387100219727e-01
1.401852667331695557e-01 8.598147630691528320e-01
9.956728219985961914e-01 4.327222704887390137e-03
9.988729357719421387e-01 1.127015100792050362e-03
9.832663536071777344e-01 1.673370786011219025e-02
9.983668923377990723e-01 1.633070176467299461e-03
6.182955577969551086e-02 9.381704330444335938e-01
9.930198788642883301e-01 6.980166770517826080e-03
9.636589884757995605e-01 3.634104877710342407e-02
9.896739721298217773e-01 1.032608654350042343e-02
9.940733313560485840e-01 5.926716141402721405e-03
9.995773434638977051e-01 4.226004821248352528e-04
9.993559718132019043e-01 6.440894212573766708e-04
7.642065286636352539e-01 2.357934862375259399e-01
9.941086769104003906e-01 5.891302600502967834e-03
6.515811383724212646e-02 9.348418712615966797e-01
9.572821259498596191e-01 4.271785169839859009e-02
9.809224009513854980e-01 1.907762885093688965e-02
5.447107469080947340e-05 9.999455213546752930e-01
9.569225311279296875e-01 4.307741299271583557e-02
8.759015798568725586e-02 9.124099016189575195e-01
9.978709220886230469e-01 2.129115862771868706e-03
5.222756862640380859e-01 4.777243733406066895e-01
9.997197985649108887e-01 2.801687805913388729e-04
4.514671396464109421e-03 9.954853057861328125e-01
3.176515400409698486e-01 6.823484897613525391e-01
9.962462782859802246e-01 3.753667464479804039e-03
2.867923676967620850e-01 7.132076621055603027e-01
9.988614320755004883e-01 1.138631720095872879e-03
9.996052384376525879e-01 3.947644727304577827e-04
9.987025260925292969e-01 1.297478447668254375e-03
9.469390511512756348e-01 5.306098610162734985e-02
7.868110537528991699e-01 2.131889015436172485e-01
4.637933373451232910e-01 5.362066626548767090e-01
6.994542479515075684e-01 3.005457520484924316e-01
2.413368970155715942e-01 7.586631178855895996e-01
9.997988343238830566e-01 2.012055192608386278e-04
2.603218853473663330e-01 7.396780848503112793e-01
9.993633627891540527e-01 6.366308662109076977e-04
9.987651109695434570e-01 1.234884257428348064e-03
9.998952150344848633e-01 1.047925034072250128e-04
9.991570711135864258e-01 8.429635199718177319e-04
7.959715723991394043e-01 2.040284276008605957e-01
9.757882952690124512e-01 2.421174384653568268e-02
9.976621866226196289e-01 2.337823621928691864e-03
9.983603358268737793e-01 1.639707013964653015e-03
4.344562813639640808e-02 9.565544128417968750e-01
9.977592229843139648e-01 2.240723231807351112e-03
9.956054091453552246e-01 4.394608084112405777e-03
9.611359238624572754e-01 3.886411711573600769e-02
3.969702869653701782e-03 9.960302710533142090e-01
9.662954807281494141e-01 3.370459377765655518e-02
9.997791647911071777e-01 2.208738587796688080e-04
9.993343949317932129e-01 6.656087352894246578e-04
1.895552277565002441e-01 8.104447722434997559e-01
9.997906088829040527e-01 2.094155352097004652e-04
9.997579455375671387e-01 2.420532255200669169e-04
9.964601397514343262e-01 3.539905883371829987e-03
1.560486271046102047e-03 9.984394907951354980e-01
7.195748686790466309e-01 2.804251611232757568e-01
9.970515966415405273e-01 2.948400098830461502e-03
9.998929500579833984e-01 1.069928985089063644e-04
9.986238479614257812e-01 1.376190455630421638e-03
7.043228745460510254e-01 2.956770956516265869e-01
9.971777200698852539e-01 2.822285518050193787e-03
9.248919039964675903e-02 9.075108170509338379e-01
9.987366795539855957e-01 1.263365033082664013e-03
9.739851951599121094e-01 2.601477876305580139e-02
9.998660087585449219e-01 1.339847949566319585e-04
9.993156194686889648e-01 6.843973533250391483e-04
9.998044371604919434e-01 1.955308835022151470e-04
8.720430731773376465e-01 1.279569119215011597e-01
9.576663970947265625e-01 4.233360663056373596e-02
9.973006844520568848e-01 2.699375851079821587e-03
6.531016528606414795e-02 9.346898794174194336e-01
6.949038505554199219e-01 3.050961792469024658e-01
1.290624961256980896e-02 9.870937466621398926e-01
9.974808096885681152e-01 2.519229194149374962e-03
9.859811067581176758e-01 1.401892211288213730e-02
9.543346166610717773e-01 4.566542804241180420e-02
9.802937507629394531e-01 1.970621757209300995e-02
9.991633892059326172e-01 8.366354159079492092e-04
9.423420429229736328e-01 5.765802040696144104e-02
3.047039806842803955e-01 6.952960491180419922e-01
9.937205314636230469e-01 6.279502995312213898e-03
2.988598644733428955e-01 7.011401653289794922e-01
9.621636867523193359e-01 3.783633559942245483e-02
9.998515844345092773e-01 1.483492233091965318e-04
9.983816146850585938e-01 1.618408015929162502e-03
9.673848152160644531e-01 3.261517733335494995e-02
9.960322976112365723e-01 3.967704717069864273e-03
9.995546936988830566e-01 4.452820867300033569e-04
9.983391761779785156e-01 1.660845126025378704e-03
9.990803003311157227e-01 9.196759201586246490e-04
9.907365441322326660e-01 9.263460524380207062e-03
9.873352050781250000e-01 1.266486663371324539e-02
9.992970228195190430e-01 7.029811968095600605e-04
9.800028800964355469e-01 1.999713666737079620e-02
9.798137545585632324e-01 2.018617466092109680e-02
1.515035629272460938e-01 8.484964370727539062e-01
9.994903802871704102e-01 5.095677915960550308e-04
2.396589368581771851e-01 7.603410482406616211e-01
9.691288471221923828e-01 3.087108582258224487e-02
1.013168320059776306e-02 9.898682832717895508e-01
5.634152889251708984e-01 4.365847408771514893e-01
1.663778442889451981e-03 9.983362555503845215e-01
1.150230914354324341e-01 8.849769234657287598e-01
8.172984421253204346e-02 9.182701110839843750e-01
9.991281628608703613e-01 8.718356839381158352e-04
9.997933506965637207e-01 2.067208843072876334e-04
3.498823568224906921e-02 9.650117754936218262e-01
9.990327358245849609e-01 9.672793676145374775e-04
9.979746937751770020e-01 2.025341149419546127e-03
8.289669156074523926e-01 1.710330843925476074e-01
5.627862992696464062e-04 9.994371533393859863e-01
2.677030563354492188e-01 7.322969436645507812e-01
1.741878106258809566e-03 9.982581734657287598e-01
7.915138006210327148e-01 2.084862142801284790e-01
9.495711922645568848e-01 5.042874813079833984e-02
9.871966838836669922e-01 1.280335057526826859e-02
9.971916079521179199e-01 2.808352233842015266e-03
9.984298348426818848e-01 1.570098218508064747e-03
9.668845534324645996e-01 3.311544284224510193e-02
5.247688889503479004e-01 4.752311110496520996e-01
9.999146461486816406e-01 8.537743269698694348e-05
6.550292484462261200e-03 9.934497475624084473e-01
9.530046582221984863e-01 4.699532687664031982e-02
9.983408451080322266e-01 1.659084344282746315e-03
9.427255988121032715e-01 5.727437138557434082e-02
9.999296665191650391e-01 7.035168528091162443e-05
9.933826923370361328e-01 6.617303937673568726e-03
1.007759645581245422e-01 8.992239832878112793e-01
6.329729557037353516e-01 3.670270144939422607e-01
9.672703742980957031e-01 3.272955864667892456e-02
9.354296922683715820e-01 6.457031518220901489e-02
9.999573230743408203e-01 4.272281512385234237e-05
9.965538978576660156e-01 3.446136601269245148e-03
1.860454827547073364e-01 8.139545321464538574e-01
9.042643755674362183e-02 9.095736145973205566e-01
2.933745980262756348e-01 7.066254019737243652e-01
9.612819552421569824e-01 3.871807456016540527e-02
4.076767340302467346e-02 9.592323899269104004e-01
9.992313385009765625e-01 7.686894969083368778e-04
2.516468986868858337e-03 9.974835515022277832e-01
9.528903365135192871e-01 4.710968211293220520e-02
2.804055402521044016e-04 9.997195601463317871e-01
2.795184729620814323e-03 9.972048401832580566e-01
7.897113100625574589e-04 9.992102384567260742e-01
7.501988410949707031e-01 2.498011440038681030e-01
9.981758594512939453e-01 1.824095146730542183e-03
2.202988544013351202e-04 9.997797608375549316e-01
7.204160690307617188e-01 2.795839309692382812e-01
4.690115526318550110e-02 9.530988335609436035e-01
8.384448476135730743e-03 9.916154742240905762e-01
4.310135915875434875e-02 9.568986296653747559e-01
1.887700927909463644e-04 9.998112320899963379e-01
6.341461092233657837e-02 9.365854263305664062e-01
2.529460489749908447e-01 7.470539212226867676e-01
9.954530000686645508e-01 4.547009710222482681e-03
7.744682431221008301e-01 2.255316972732543945e-01
9.992910623550415039e-01 7.088521379046142101e-04
9.993844032287597656e-01 6.156320450827479362e-04
9.819040894508361816e-01 1.809592545032501221e-02
1.366149750538170338e-03 9.986338019371032715e-01
9.987981319427490234e-01 1.201895880512893200e-03
7.349557280540466309e-01 2.650442719459533691e-01
9.904344081878662109e-01 9.565650485455989838e-03
9.684265851974487305e-01 3.157344460487365723e-02
9.996278285980224609e-01 3.721238172147423029e-04
5.661695823073387146e-02 9.433830380439758301e-01
9.294624924659729004e-01 7.053748518228530884e-02
4.185909405350685120e-03 9.958140254020690918e-01
4.045532271265983582e-02 9.595446586608886719e-01
9.996700286865234375e-01 3.300155221950262785e-04
6.733832955360412598e-01 3.266166746616363525e-01
9.924133419990539551e-01 7.586641702800989151e-03
9.715235233306884766e-01 2.847655862569808960e-02
9.986668825149536133e-01 1.333132502622902393e-03
4.968272447586059570e-01 5.031727552413940430e-01
9.504433274269104004e-01 4.955671355128288269e-02
9.972717165946960449e-01 2.728298073634505272e-03
8.690708279609680176e-01 1.309291869401931763e-01
4.423988517373800278e-03 9.955760240554809570e-01
9.975014328956604004e-01 2.498508431017398834e-03
9.769725799560546875e-01 2.302743121981620789e-02
9.998575448989868164e-01 1.424409565515816212e-04
6.568250060081481934e-01 3.431749641895294189e-01
2.251160563901066780e-03 9.977487921714782715e-01
9.991196990013122559e-01 8.802768425084650517e-04
9.251883625984191895e-01 7.481165975332260132e-02
9.977205395698547363e-01 2.279449719935655594e-03
1.493547111749649048e-02 9.850645661354064941e-01
2.043822547420859337e-03 9.979561567306518555e-01
9.187441468238830566e-01 8.125591278076171875e-02
6.420433521270751953e-01 3.579566180706024170e-01
9.992715716361999512e-01 7.284695748239755630e-04
8.896324634552001953e-01 1.103675216436386108e-01
9.502199292182922363e-02 9.049780368804931641e-01
1.648301072418689728e-02 9.835169911384582520e-01
9.989597797393798828e-01 1.040194649249315262e-03
9.983170032501220703e-01 1.682960893958806992e-03
3.333608806133270264e-01 6.666390895843505859e-01
9.997277855873107910e-01 2.721777127590030432e-04
9.999357461929321289e-01 6.428097549360245466e-05
6.875815391540527344e-01 3.124184906482696533e-01
8.270824551582336426e-01 1.729175597429275513e-01
9.811624288558959961e-01 1.883758977055549622e-02
8.690744638442993164e-02 9.130925536155700684e-01
5.823545157909393311e-02 9.417645931243896484e-01
