8.014684681256767362e-06 9.999920129776000977e-01
2.574066684246645309e-06 9.999973773956298828e-01
2.985572791658341885e-06 9.999970197677612305e-01
3.371999127921299078e-06 9.999966621398925781e-01
2.127712150468141772e-06 9.999978542327880859e-01
5.159855845704441890e-06 9.999948740005493164e-01
1.132248257817991544e-06 9.999989271163940430e-01
5.906205177307128906e-01 4.093795120716094971e-01
1.947814325831132010e-06 9.999980926513671875e-01
9.991399565478786826e-06 9.999899864196777344e-01
2.771302888504578732e-06 9.999972581863403320e-01
1.306706781178945675e-05 9.999868869781494141e-01
9.789716386876534671e-06 9.999902248382568359e-01
3.840157660306431353e-05 9.999616146087646484e-01
9.244859938917215914e-06 9.999907016754150391e-01
2.402259497102932073e-06 9.999976158142089844e-01
9.293670058250427246e-01 7.063297182321548462e-02
1.583833977747417521e-06 9.999984502792358398e-01
7.446235485986107960e-06 9.999926090240478516e-01
1.338693255092948675e-05 9.999866485595703125e-01
3.101110223724390380e-06 9.999969005584716797e-01
6.119138095527887344e-03 9.938808679580688477e-01
4.057545083924196661e-06 9.999959468841552734e-01
1.169184884020069148e-06 9.999988079071044922e-01
3.168060175084974617e-06 9.999967813491821289e-01
5.432394118543015793e-06 9.999945163726806641e-01
8.310744762420654297e-01 1.689255684614181519e-01
4.167558927292702720e-06 9.999958276748657227e-01
2.205868484452366829e-03 9.977941513061523438e-01
2.667259541340172291e-04 9.997332692146301270e-01
5.925842560827732086e-04 9.994074106216430664e-01
1.669694483280181885e-02 9.833031296730041504e-01
1.212815095641417429e-05 9.999878406524658203e-01
3.500199236441403627e-04 9.996500015258789062e-01
3.861202458210755140e-06 9.999961853027343750e-01
4.460173845291137695e-02 9.553982615470886230e-01
1.292887759518634994e-06 9.999986886978149414e-01
1.084873929357854649e-05 9.999891519546508789e-01
2.017001861531753093e-06 9.999979734420776367e-01
1.787979158507368993e-06 9.999982118606567383e-01
1.238011236637248658e-06 9.999988079071044922e-01
1.324432832916500047e-05 9.999867677688598633e-01
9.998730421066284180e-01 1.269272761419415474e-04
2.947934444819111377e-05 9.999705553054809570e-01
2.382528691668994725e-06 9.999976158142089844e-01
3.547739652276504785e-06 9.999964237213134766e-01
1.310889365413459018e-05 9.999868869781494141e-01
6.439786830014782026e-06 9.999935626983642578e-01
1.104010152630507946e-06 9.999989271163940430e-01
2.379429293796420097e-03 9.976205229759216309e-01
3.161748963975696824e-06 9.999967813491821289e-01
5.405077245086431503e-04 9.994594454765319824e-01
9.968949556350708008e-01 3.105022013187408447e-03
6.975634278205689043e-06 9.999929666519165039e-01
1.125003336710506119e-06 9.999989271163940430e-01
6.519995331764221191e-01 3.480004966259002686e-01
9.888020940707065165e-06 9.999901056289672852e-01
5.929649091740429867e-07 9.999994039535522461e-01
3.898632257914869115e-06 9.999960660934448242e-01
5.137365660630166531e-04 9.994862079620361328e-01
3.941121576644945890e-06 9.999960660934448242e-01
1.919142596307210624e-05 9.999808073043823242e-01
8.976577191788237542e-06 9.999910593032836914e-01
5.409967343439348042e-06 9.999946355819702148e-01
4.373865522211417556e-06 9.999955892562866211e-01
3.730746129804174416e-06 9.999963045120239258e-01
3.480908344499766827e-04 9.996519088745117188e-01
4.127577540202764794e-06 9.999958276748657227e-01
8.228370461438316852e-06 9.999917745590209961e-01
1.019122009893180802e-06 9.999989271163940430e-01
4.457197974261362106e-06 9.999955892562866211e-01
3.164083636875147931e-06 9.999967813491821289e-01
1.314562268817098811e-05 9.999868869781494141e-01
3.133608400821685791e-01 6.866391301155090332e-01
9.954695997294038534e-06 9.999899864196777344e-01
5.278496071696281433e-03 9.947215318679809570e-01
2.343238975299755111e-06 9.999976158142089844e-01
3.022025921382009983e-04 9.996978044509887695e-01
1.196278753923252225e-04 9.998803138732910156e-01
5.638730726786889136e-06 9.999943971633911133e-01
9.130116268352139741e-06 9.999908208847045898e-01
1.806021487027464900e-06 9.999982118606567383e-01
1.041593623085645959e-05 9.999896287918090820e-01
7.039143145084381104e-02 9.296085238456726074e-01
7.095529144862666726e-05 9.999290704727172852e-01
1.142292148870183155e-05 9.999885559082031250e-01
7.820570317562669516e-06 9.999921321868896484e-01
1.711383811198174953e-05 9.999828338623046875e-01
2.396502623014384881e-06 9.999976158142089844e-01
1.483217147324467078e-05 9.999852180480957031e-01
6.226757250260561705e-06 9.999938011169433594e-01
1.298491770285181701e-05 9.999870061874389648e-01
1.124567734223091975e-05 9.999887943267822266e-01
1.635649141462636180e-06 9.999983310699462891e-01
9.935606718063354492e-01 6.439285352826118469e-03
5.397680979513097554e-06 9.999946355819702148e-01
1.859257167780015152e-06 9.999980926513671875e-01
2.772849484244943596e-06 9.999972581863403320e-01
1.112800509872613475e-05 9.999889135360717773e-01
2.027418486250098795e-05 9.999797344207763672e-01
3.563272912288084626e-06 9.999964237213134766e-01
6.792498879804043099e-06 9.999932050704956055e-01
2.875348087400197983e-03 9.971246123313903809e-01
1.417997926473617554e-01 8.582001924514770508e-01
7.955655019031837583e-05 9.999204874038696289e-01
5.001719728170428425e-06 9.999949932098388672e-01
8.044252991676330566e-01 1.955747306346893311e-01
2.997581077579525299e-06 9.999970197677612305e-01
1.292048909817822278e-05 9.999871253967285156e-01
1.995418415390304290e-06 9.999979734420776367e-01
2.835464101735851727e-06 9.999971389770507812e-01
4.527060355030698702e-06 9.999954700469970703e-01
1.014078516163863242e-04 9.998985528945922852e-01
1.493725631007691845e-05 9.999850988388061523e-01
1.261212855752091855e-05 9.999873638153076172e-01
8.036542567424476147e-06 9.999920129776000977e-01
2.290193879161961377e-05 9.999771118164062500e-01
4.657297540688887239e-05 9.999533891677856445e-01
9.645796126278582960e-06 9.999903440475463867e-01
1.119520311476662755e-05 9.999887943267822266e-01
1.207703007821692154e-06 9.999988079071044922e-01
1.256360555998980999e-04 9.998743534088134766e-01
1.251032389700412750e-02 9.874896407127380371e-01
9.986134767532348633e-01 1.386451185680925846e-03
2.726646926021203399e-06 9.999972581863403320e-01
3.814111323663382791e-06 9.999961853027343750e-01
1.595764793455600739e-02 9.840424060821533203e-01
4.434984020917909220e-06 9.999955892562866211e-01
1.084849827748257667e-06 9.999989271163940430e-01
1.871582185231090989e-06 9.999980926513671875e-01
2.421434074640274048e-01 7.578566074371337891e-01
2.731112999754259363e-06 9.999972581863403320e-01
9.943798184394836426e-01 5.620209500193595886e-03
4.633570279111154377e-05 9.999536275863647461e-01
2.389036126260180026e-06 9.999976158142089844e-01
1.751634840729821008e-06 9.999982118606567383e-01
1.200036331283627078e-05 9.999879598617553711e-01
1.750178076326847076e-02 9.824982285499572754e-01
1.118279305956093594e-05 9.999887943267822266e-01
4.522438757703639567e-06 9.999954700469970703e-01
1.308766968577401713e-05 9.999868869781494141e-01
1.867852546274662018e-02 9.813215136528015137e-01
5.463088200485799462e-06 9.999945163726806641e-01
2.240857156721176580e-06 9.999977350234985352e-01
1.780234129000746179e-06 9.999982118606567383e-01
2.820716417772928253e-06 9.999971389770507812e-01
8.608349162386730313e-06 9.999914169311523438e-01
5.652433173963800073e-06 9.999943971633911133e-01
9.278334800910670310e-06 9.999907016754150391e-01
2.399370259809074923e-06 9.999976158142089844e-01
5.010709628550102934e-06 9.999949932098388672e-01
1.991923681998741813e-06 9.999979734420776367e-01
1.146081831393530592e-05 9.999885559082031250e-01
1.064846946974284947e-05 9.999893903732299805e-01
8.572630576964002103e-06 9.999914169311523438e-01
2.516175118216779083e-05 9.999748468399047852e-01
1.395113849866902456e-05 9.999860525131225586e-01
3.117698361165821552e-05 9.999687671661376953e-01
7.810835086274892092e-06 9.999921321868896484e-01
7.236430064949672669e-06 9.999927282333374023e-01
1.796493779693264514e-05 9.999819993972778320e-01
4.246356487274169922e-01 5.753642916679382324e-01
7.336170256166951731e-06 9.999926090240478516e-01
1.337681396762491204e-06 9.999986886978149414e-01
2.542359232902526855e-01 7.457640767097473145e-01
2.659372512425761670e-06 9.999973773956298828e-01
1.316497036896180362e-05 9.999868869781494141e-01
1.080408401321619749e-05 9.999891519546508789e-01
2.314035408198833466e-02 9.768596291542053223e-01
3.427652245591161773e-06 9.999965429306030273e-01
3.076375378441298380e-06 9.999969005584716797e-01
3.016617256434983574e-06 9.999970197677612305e-01
5.751424851041520014e-06 9.999942779541015625e-01
4.194181201455648988e-06 9.999958276748657227e-01
1.528347283601760864e-02 9.847165346145629883e-01
9.753410816192626953e-01 2.465896680951118469e-02
3.356112529218080454e-06 9.999966621398925781e-01
3.200486617060960270e-06 9.999967813491821289e-01
2.979872078867629170e-06 9.999970197677612305e-01
2.880080501199699938e-06 9.999971389770507812e-01
1.052818633615970612e-02 9.894717335700988770e-01
1.971841811609920114e-06 9.999979734420776367e-01
9.683292508125305176e-01 3.167072683572769165e-02
2.371274149481905624e-06 9.999976158142089844e-01
8.959710612543858588e-06 9.999910593032836914e-01
3.110413445028825663e-06 9.999969005584716797e-01
4.250793153914855793e-06 9.999957084655761719e-01
6.681875220237998292e-06 9.999933242797851562e-01
1.788686495274305344e-05 9.999821186065673828e-01
6.064666509628295898e-01 3.935333192348480225e-01
9.509549736976623535e-01 4.904502630233764648e-02
1.758480493663228117e-06 9.999982118606567383e-01
2.763541033345973119e-06 9.999972581863403320e-01
8.520470857620239258e-01 1.479528993368148804e-01
9.990798234939575195e-01 9.201781358569860458e-04
2.989841050293762237e-06 9.999970197677612305e-01
9.609160770196467638e-06 9.999903440475463867e-01
4.200601324555464089e-06 9.999958276748657227e-01
8.868638019521313254e-07 9.999991655349731445e-01
9.576825541444122791e-04 9.990423321723937988e-01
1.299544783250894397e-05 9.999870061874389648e-01
3.177982534907641821e-06 9.999967813491821289e-01
9.939724802970886230e-01 6.027500145137310028e-03
9.732299986353609711e-06 9.999902248382568359e-01
1.705793329165317118e-05 9.999829530715942383e-01
1.058958059729775414e-05 9.999893903732299805e-01
1.242316329808090813e-06 9.999988079071044922e-01
8.881588655640371144e-06 9.999910593032836914e-01
2.885020421672379598e-06 9.999971389770507812e-01
5.640231847792165354e-06 9.999943971633911133e-01
4.977541721018496901e-06 9.999949932098388672e-01
1.710169599391520023e-03 9.982897639274597168e-01
8.582003712654113770e-01 1.417996287345886230e-01
2.673524022611672990e-06 9.999973773956298828e-01
5.992099177092313766e-04 9.994007349014282227e-01
1.419004547642543912e-04 9.998580217361450195e-01
7.093515250744530931e-06 9.999928474426269531e-01
7.951289262564387172e-06 9.999920129776000977e-01
1.619872637093067169e-04 9.998379945755004883e-01
5.161273293197154999e-06 9.999948740005493164e-01
7.597951684147119522e-03 9.924020767211914062e-01
5.970965503365732729e-06 9.999940395355224609e-01
3.551415575202554464e-04 9.996448755264282227e-01
9.032977744936943054e-03 9.909669756889343262e-01
3.231179334761691280e-06 9.999967813491821289e-01
3.862568974000168964e-06 9.999961853027343750e-01
9.999568646890111268e-06 9.999899864196777344e-01
4.403169896249892190e-06 9.999955892562866211e-01
6.081786523282062262e-07 9.999994039535522461e-01
1.300078583881258965e-03 9.986999034881591797e-01
1.386623625876381993e-05 9.999861717224121094e-01
3.694804263432160951e-06 9.999963045120239258e-01
1.225758530199527740e-02 9.877424240112304688e-01
7.246022050821920857e-06 9.999927282333374023e-01
7.006046827882528305e-03 9.929938912391662598e-01
1.889564828161383048e-06 9.999980926513671875e-01
2.380747901042923331e-06 9.999976158142089844e-01
4.266193627699976787e-06 9.999957084655761719e-01
3.378411065568798222e-06 9.999966621398925781e-01
4.741005795949604362e-06 9.999952316284179688e-01
1.606844307389110327e-05 9.999839067459106445e-01
2.953289822471560910e-06 9.999970197677612305e-01
5.633248292724601924e-06 9.999943971633911133e-01
4.160355274507310241e-06 9.999958276748657227e-01
3.367940280440961942e-06 9.999966621398925781e-01
1.065548788756132126e-02 9.893445372581481934e-01
5.871397206647088751e-06 9.999941587448120117e-01
1.139170080932672136e-06 9.999988079071044922e-01
5.742261237173806876e-06 9.999942779541015625e-01
1.613173299119807780e-05 9.999839067459106445e-01
4.906850517727434635e-05 9.999508857727050781e-01
4.040500243718270212e-06 9.999959468841552734e-01
1.544071164971683174e-05 9.999845027923583984e-01
1.904917098727310076e-06 9.999980926513671875e-01
6.333639472723007202e-02 9.366635680198669434e-01
9.977995753288269043e-01 2.200447022914886475e-03
3.695739433169364929e-04 9.996304512023925781e-01
3.306424332549795508e-05 9.999669790267944336e-01
2.682841341083985753e-06 9.999972581863403320e-01
1.210606569657102227e-06 9.999988079071044922e-01
1.100707140722079203e-05 9.999890327453613281e-01
7.280809768417384475e-06 9.999927282333374023e-01
8.262521077995188534e-06 9.999917745590209961e-01
5.533186595130246133e-06 9.999945163726806641e-01
3.810316002272884361e-06 9.999961853027343750e-01
7.204001885838806629e-04 9.992795586585998535e-01
1.481948947912314907e-05 9.999852180480957031e-01
9.990288019180297852e-01 9.711702587082982063e-04
9.933219552040100098e-01 6.678012199699878693e-03
1.422800687578273937e-05 9.999858140945434570e-01
6.571109224751126021e-06 9.999934434890747070e-01
1.074627289199270308e-05 9.999892711639404297e-01
9.976943135261535645e-01 2.305670175701379776e-03
5.300221801007864997e-06 9.999947547912597656e-01
7.851388545532245189e-06 9.999921321868896484e-01
1.138993957283673808e-05 9.999885559082031250e-01
3.679709509015083313e-02 9.632028937339782715e-01
2.953543344119680114e-06 9.999970197677612305e-01
5.001648332836339250e-06 9.999949932098388672e-01
3.065551254621823318e-06 9.999969005584716797e-01
4.600262855092296377e-06 9.999953508377075195e-01
4.008823452750220895e-06 9.999959468841552734e-01
5.486992449732497334e-06 9.999945163726806641e-01
1.232213617186062038e-05 9.999877214431762695e-01
2.654044465089100413e-06 9.999973773956298828e-01
8.619526624679565430e-01 1.380472779273986816e-01
3.690405947054387070e-06 9.999963045120239258e-01
4.112524948141071945e-06 9.999959468841552734e-01
2.603090479169622995e-06 9.999973773956298828e-01
8.415798220084980130e-06 9.999915361404418945e-01
5.772095846623415127e-06 9.999942779541015625e-01
9.999394416809082031e-01 6.052423486835323274e-05
1.883160509169101715e-02 9.811683893203735352e-01
3.337997895869193599e-06 9.999966621398925781e-01
1.822611125135153998e-06 9.999982118606567383e-01
4.971745423972606659e-03 9.950283169746398926e-01
1.153472453552240040e-06 9.999988079071044922e-01
5.680267804564209655e-06 9.999942779541015625e-01
5.184301244298694655e-06 9.999948740005493164e-01
3.098381739619071595e-06 9.999969005584716797e-01
3.246245796617586166e-06 9.999967813491821289e-01
2.678587952686939389e-05 9.999731779098510742e-01
7.070587344060186297e-06 9.999929666519165039e-01
6.274528914218535647e-06 9.999936819076538086e-01
4.962265848007518798e-06 9.999949932098388672e-01
3.734993470061453991e-06 9.999963045120239258e-01
6.903706192970275879e-01 3.096293807029724121e-01
6.065890829631825909e-06 9.999939203262329102e-01
4.878015261056134477e-06 9.999951124191284180e-01
7.195314083219273016e-06 9.999928474426269531e-01
1.674208988333703019e-06 9.999983310699462891e-01
3.489408072709920816e-06 9.999965429306030273e-01
1.670897472649812698e-05 9.999833106994628906e-01
8.912676094041671604e-06 9.999910593032836914e-01
1.039866983774118125e-04 9.998960494995117188e-01
2.286719563926453702e-06 9.999977350234985352e-01
3.254901002947008237e-06 9.999967813491821289e-01
4.972749593434855342e-06 9.999949932098388672e-01
2.174457185901701450e-04 9.997826218605041504e-01
9.356602959087467752e-07 9.999990463256835938e-01
9.018646778713446110e-06 9.999909400939941406e-01
2.511019374651368707e-06 9.999974966049194336e-01
6.108645720814820379e-06 9.999939203262329102e-01
2.102803364323335700e-06 9.999978542327880859e-01
1.376290172338485718e-01 8.623710274696350098e-01
1.216115833813091740e-05 9.999878406524658203e-01
3.162656639688066207e-06 9.999967813491821289e-01
7.433605787809938192e-06 9.999926090240478516e-01
5.542322993278503418e-02 9.445767998695373535e-01
5.518989382835570723e-06 9.999945163726806641e-01
1.636100205359980464e-05 9.999836683273315430e-01
1.164739956038829405e-06 9.999988079071044922e-01
1.107520688492513727e-06 9.999989271163940430e-01
5.982827588013606146e-06 9.999940395355224609e-01
4.628784154192544520e-06 9.999953508377075195e-01
2.194851049353019334e-06 9.999978542327880859e-01
4.465805432118941098e-06 9.999955892562866211e-01
5.179769173264503479e-02 9.482022523880004883e-01
1.316215616498084273e-06 9.999986886978149414e-01
1.828028416639426723e-06 9.999982118606567383e-01
2.835339728335384279e-06 9.999971389770507812e-01
1.262279786169528961e-02 9.873772263526916504e-01
8.459008932113647461e-01 1.540991067886352539e-01
3.963805738749215379e-06 9.999960660934448242e-01
2.717815050345961936e-06 9.999972581863403320e-01
4.151540451857727021e-06 9.999958276748657227e-01
2.569835714893997647e-06 9.999973773956298828e-01
3.688375727506354451e-06 9.999963045120239258e-01
9.928794503211975098e-01 7.120538502931594849e-03
7.148939403123222291e-06 9.999928474426269531e-01
4.977342086931457743e-06 9.999949932098388672e-01
9.282137155532836914e-01 7.178626209497451782e-02
5.130679710418917239e-06 9.999948740005493164e-01
9.462514753977302462e-06 9.999905824661254883e-01
2.957085825983085670e-06 9.999970197677612305e-01
6.095372555137146264e-06 9.999939203262329102e-01
3.936775101465173066e-06 9.999960660934448242e-01
1.242855250893626362e-05 9.999876022338867188e-01
4.094465111847966909e-06 9.999959468841552734e-01
1.074747160600963980e-05 9.999892711639404297e-01
1.186869030789239332e-05 9.999880790710449219e-01
4.001688659191131592e-01 5.998311042785644531e-01
3.906459369318326935e-06 9.999960660934448242e-01
6.427859261748380959e-06 9.999935626983642578e-01
2.505973952793283388e-06 9.999974966049194336e-01
6.633097529411315918e-01 3.366902470588684082e-01
1.199016969621879980e-05 9.999879598617553711e-01
1.157698989118216559e-06 9.999988079071044922e-01
1.114438236982095987e-05 9.999889135360717773e-01
4.757129318022634834e-06 9.999952316284179688e-01
7.004686267464421690e-06 9.999929666519165039e-01
1.179539935947104823e-06 9.999988079071044922e-01
6.557749657076783478e-06 9.999934434890747070e-01
1.046019224304473028e-05 9.999895095825195312e-01
5.106788648845395073e-06 9.999948740005493164e-01
1.045954377332236618e-05 9.999895095825195312e-01
1.875158886832650751e-06 9.999980926513671875e-01
5.227001383900642395e-05 9.999477863311767578e-01
2.363557086937362328e-06 9.999976158142089844e-01
8.007181691027653869e-07 9.999991655349731445e-01
3.645387589931488037e-01 6.354612112045288086e-01
9.998424053192138672e-01 1.575546048115938902e-04
1.083921119970909785e-06 9.999989271163940430e-01
4.911949145025573671e-05 9.999508857727050781e-01
2.122998557751998305e-05 9.999787807464599609e-01
5.945276825514156371e-06 9.999940395355224609e-01
2.193783984694164246e-06 9.999978542327880859e-01
3.617322818172397092e-06 9.999964237213134766e-01
9.799739927984774113e-06 9.999902248382568359e-01
9.498408436775207520e-01 5.015915259718894958e-02
3.244416802772320807e-06 9.999967813491821289e-01
3.938705503969686106e-06 9.999960660934448242e-01
3.181424736976623535e-02 9.681857228279113770e-01
2.143541451005148701e-06 9.999978542327880859e-01
1.597643631612299941e-06 9.999984502792358398e-01
3.040946694454760291e-06 9.999969005584716797e-01
3.474498498690081760e-06 9.999965429306030273e-01
2.405138957328745164e-06 9.999976158142089844e-01
7.048511179164052010e-06 9.999929666519165039e-01
9.993292093276977539e-01 6.707645370624959469e-04
3.961877082474529743e-04 9.996038079261779785e-01
1.955943162101902999e-06 9.999980926513671875e-01
9.632888577471021563e-06 9.999903440475463867e-01
9.113623491430189461e-06 9.999909400939941406e-01
9.674298780737444758e-06 9.999903440475463867e-01
7.535359145549591631e-06 9.999924898147583008e-01
2.181976288557052612e-02 9.781802892684936523e-01
7.515708603023085743e-06 9.999924898147583008e-01
1.023102981889678631e-06 9.999989271163940430e-01
3.207189030945301056e-03 9.967928528785705566e-01
1.132592478825245053e-05 9.999886751174926758e-01
3.940444912586826831e-06 9.999960660934448242e-01
6.494127213954925537e-03 9.935058355331420898e-01
9.816340804100036621e-01 1.836589351296424866e-02
1.005447757052024826e-06 9.999990463256835938e-01
8.230457751778885722e-06 9.999917745590209961e-01
3.300556727481307462e-06 9.999966621398925781e-01
1.297937251365510747e-05 9.999870061874389648e-01
2.017115320995799266e-06 9.999979734420776367e-01
1.161797445092815906e-05 9.999884366989135742e-01
1.821938349166885018e-04 9.998177886009216309e-01
2.380734485996072181e-06 9.999976158142089844e-01
5.998989581712521613e-05 9.999400377273559570e-01
3.831355869770050049e-01 6.168643832206726074e-01
8.300643457914702594e-06 9.999916553497314453e-01
1.496786467214406002e-06 9.999984502792358398e-01
9.683143496513366699e-01 3.168559446930885315e-02
1.997460640268400311e-05 9.999799728393554688e-01
1.553986749058822170e-06 9.999984502792358398e-01
3.548044333001598716e-06 9.999964237213134766e-01
3.536326403263956308e-05 9.999645948410034180e-01
1.276125749427592382e-05 9.999872446060180664e-01
1.510647052782587707e-05 9.999848604202270508e-01
5.619619059871183708e-06 9.999943971633911133e-01
4.009790700365556404e-06 9.999959468841552734e-01
1.419929776602657512e-05 9.999858140945434570e-01
5.147519459569593892e-06 9.999948740005493164e-01
2.015657628362532705e-06 9.999979734420776367e-01
5.663073534378781915e-05 9.999433755874633789e-01
3.967083692550659180e-01 6.032915711402893066e-01
1.116212274610006716e-06 9.999989271163940430e-01
1.002899443847127259e-05 9.999899864196777344e-01
2.272325195372104645e-02 9.772766828536987305e-01
2.473666891455650330e-02 9.752633571624755859e-01
5.191741820453898981e-06 9.999947547912597656e-01
1.430576321581611410e-05 9.999856948852539062e-01
3.009336523973615840e-06 9.999970197677612305e-01
1.022984870360232890e-04 9.998977184295654297e-01
2.222731836809543893e-06 9.999977350234985352e-01
7.477901875972747803e-02 9.252210259437561035e-01
9.944649338722229004e-01 5.535056814551353455e-03
2.843796664819819853e-06 9.999971389770507812e-01
9.972354769706726074e-01 2.764557488262653351e-03
6.404209216270828620e-06 9.999935626983642578e-01
9.104043245315551758e-03 9.908959269523620605e-01
1.414837470292695798e-06 9.999985694885253906e-01
2.697616309887962416e-06 9.999972581863403320e-01
9.998997449874877930e-01 1.002173594315536320e-04
5.375448381528258324e-06 9.999946355819702148e-01
3.997599415015429258e-04 9.996002316474914551e-01
3.798799525611684658e-06 9.999961853027343750e-01
1.850211434066295624e-02 9.814978837966918945e-01
1.672231974225724116e-06 9.999983310699462891e-01
3.686786158141330816e-06 9.999963045120239258e-01
2.593105455162003636e-05 9.999740123748779297e-01
1.372676979372045025e-05 9.999862909317016602e-01
1.723567720546270721e-06 9.999983310699462891e-01
3.718511434271931648e-03 9.962814450263977051e-01
9.689481854438781738e-01 3.105175681412220001e-02
6.769676474505104125e-06 9.999932050704956055e-01
3.976728294219356030e-06 9.999960660934448242e-01
3.677835166454315186e-01 6.322164535522460938e-01
2.419489874228020199e-06 9.999976158142089844e-01
5.848328328283969313e-06 9.999941587448120117e-01
1.601698168087750673e-04 9.998397827148437500e-01
9.924239479005336761e-03 9.900757670402526855e-01
6.835485237388638780e-06 9.999932050704956055e-01
1.209434230986516923e-06 9.999988079071044922e-01
1.710661126708146185e-05 9.999828338623046875e-01
3.541087380654062144e-06 9.999964237213134766e-01
7.045399343041935936e-06 9.999929666519165039e-01
8.026043360587209463e-06 9.999920129776000977e-01
9.235475772584322840e-06 9.999908208847045898e-01
1.091566537070320919e-05 9.999890327453613281e-01
3.393384304217761382e-06 9.999966621398925781e-01
5.780656920251203701e-06 9.999942779541015625e-01
1.698107325864839368e-06 9.999983310699462891e-01
1.268910409635282122e-06 9.999986886978149414e-01
1.166139327324344777e-06 9.999988079071044922e-01
2.122424803019384854e-06 9.999978542327880859e-01
1.628318500479508657e-06 9.999983310699462891e-01
1.209403308166656643e-05 9.999879598617553711e-01
1.110552943828224670e-06 9.999989271163940430e-01
3.155101694574113935e-06 9.999969005584716797e-01
8.224522694945335388e-03 9.917755126953125000e-01
1.932954546646215022e-06 9.999980926513671875e-01
1.204937507282011211e-05 9.999879598617553711e-01
2.990143229908426292e-06 9.999970197677612305e-01
9.165226481854915619e-03 9.908347129821777344e-01
5.022038294555386528e-06 9.999949932098388672e-01
2.363936619076412171e-05 9.999763965606689453e-01
2.252281092296470888e-06 9.999977350234985352e-01
9.531085193157196045e-02 9.046891331672668457e-01
8.423627150477841496e-06 9.999915361404418945e-01
8.350682258605957031e-01 1.649317890405654907e-01
4.323588655097410083e-06 9.999957084655761719e-01
7.694831765547860414e-06 9.999922513961791992e-01
6.675454974174499512e-02 9.332454204559326172e-01
1.843718066811561584e-02 9.815628528594970703e-01
9.475573278905358166e-06 9.999905824661254883e-01
5.206045898376032710e-06 9.999947547912597656e-01
6.001055680826539174e-06 9.999940395355224609e-01
5.915014753554714844e-06 9.999940395355224609e-01
1.797188588170683943e-06 9.999982118606567383e-01
1.355298911221325397e-03 9.986446499824523926e-01
3.897573151334654540e-06 9.999960660934448242e-01
1.213956056744791567e-05 9.999878406524658203e-01
1.713037477202306036e-06 9.999983310699462891e-01
5.437598247226560488e-06 9.999945163726806641e-01
4.746181275550043210e-06 9.999952316284179688e-01
2.810110800055554137e-06 9.999971389770507812e-01
1.788629106158623472e-06 9.999982118606567383e-01
1.708436684566549957e-06 9.999983310699462891e-01
1.362459215670241974e-06 9.999986886978149414e-01
1.959180281119188294e-06 9.999980926513671875e-01
2.598457285785116255e-06 9.999973773956298828e-01
1.566575292599736713e-06 9.999984502792358398e-01
8.594200153311248869e-06 9.999914169311523438e-01
3.753414830498513766e-06 9.999963045120239258e-01
9.465168659517075866e-06 9.999905824661254883e-01
2.484557444404345006e-05 9.999752044677734375e-01
2.575700171291828156e-03 9.974243640899658203e-01
8.966241148300468922e-05 9.999103546142578125e-01
4.368279405753128231e-06 9.999955892562866211e-01
2.013175617321394384e-06 9.999979734420776367e-01
1.999843789235455915e-06 9.999979734420776367e-01
1.117525516747264192e-05 9.999887943267822266e-01
9.875576496124267578e-01 1.244230847805738449e-02
7.515450761275133118e-06 9.999924898147583008e-01
2.144220161426346749e-06 9.999978542327880859e-01
1.514699215476866812e-05 9.999848604202270508e-01
7.696681677771266550e-06 9.999922513961791992e-01
4.283276945352554321e-02 9.571672677993774414e-01
6.140032837720355019e-06 9.999938011169433594e-01
1.816245821828488261e-05 9.999818801879882812e-01
5.067603069619508460e-06 9.999948740005493164e-01
4.969630026607774198e-06 9.999949932098388672e-01
3.626292709668632597e-06 9.999964237213134766e-01
1.026850222842767835e-04 9.998973608016967773e-01
9.104632226808462292e-06 9.999909400939941406e-01
1.557581754241255112e-06 9.999984502792358398e-01
9.144826435658615083e-06 9.999908208847045898e-01
2.988806045323144644e-06 9.999970197677612305e-01
2.628945745527744293e-03 9.973710775375366211e-01
3.751854971051216125e-02 9.624814391136169434e-01
9.997493624687194824e-01 2.505851734895259142e-04
7.462272151315119117e-06 9.999924898147583008e-01
1.228037849068641663e-01 8.771961927413940430e-01
2.701189714571228251e-06 9.999972581863403320e-01
1.418157921762031037e-06 9.999985694885253906e-01
7.664388976991176605e-05 9.999233484268188477e-01
9.728198165248613805e-06 9.999902248382568359e-01
6.881209174025570974e-06 9.999930858612060547e-01
3.492351197564858012e-06 9.999965429306030273e-01
2.499542683362960815e-01 7.500457763671875000e-01
1.720280852168798447e-05 9.999828338623046875e-01
4.194480879959883168e-06 9.999958276748657227e-01
1.599405186425428838e-05 9.999840259552001953e-01
1.630338281393051147e-01 8.369661569595336914e-01
9.962015748023986816e-01 3.798459190875291824e-03
2.659249678254127502e-02 9.734075069427490234e-01
1.199042162625119090e-05 9.999879598617553711e-01
7.169702712417347357e-06 9.999928474426269531e-01
1.381736728944815695e-05 9.999861717224121094e-01
5.433316346170613542e-06 9.999945163726806641e-01
4.241293481754837558e-06 9.999957084655761719e-01
5.854691262356936932e-04 9.994145631790161133e-01
3.083835542201995850e-01 6.916164159774780273e-01
9.814039913180749863e-06 9.999902248382568359e-01
9.212454642693046480e-06 9.999908208847045898e-01
9.112776024267077446e-05 9.999088048934936523e-01
1.307014258600247558e-06 9.999986886978149414e-01
1.848908323154319078e-05 9.999815225601196289e-01
1.090301225303846877e-06 9.999989271163940430e-01
4.428580723470076919e-06 9.999955892562866211e-01
1.787280211829056498e-06 9.999982118606567383e-01
7.933232154755387455e-06 9.999920129776000977e-01
1.944028554135002196e-05 9.999805688858032227e-01
3.134396299719810486e-02 9.686560630798339844e-01
4.289824119041441008e-06 9.999957084655761719e-01
3.051555950150941499e-06 9.999969005584716797e-01
3.184939714628853835e-06 9.999967813491821289e-01
1.142926339525729418e-05 9.999885559082031250e-01
9.998890161514282227e-01 1.110206576413474977e-04
7.139870831451844424e-06 9.999928474426269531e-01
6.715009931212989613e-06 9.999933242797851562e-01
2.234092789876740426e-06 9.999977350234985352e-01
2.094579258482553996e-06 9.999978542327880859e-01
3.155200829496607184e-06 9.999969005584716797e-01
8.975267519417684525e-06 9.999910593032836914e-01
5.573654107138281688e-06 9.999943971633911133e-01
4.398196779220597818e-06 9.999955892562866211e-01
2.334508963031112216e-06 9.999976158142089844e-01
1.663684088271111250e-04 9.998335838317871094e-01
1.272784538741689175e-05 9.999872446060180664e-01
8.708525456313509494e-06 9.999912977218627930e-01
4.951491973770316690e-06 9.999949932098388672e-01
5.013950612919870764e-06 9.999949932098388672e-01
1.900105417007580400e-06 9.999980926513671875e-01
4.401415026222821325e-06 9.999955892562866211e-01
6.281492005655309185e-06 9.999936819076538086e-01
4.849900506087578833e-06 9.999951124191284180e-01
1.184110624308232218e-05 9.999881982803344727e-01
8.013469596335198730e-06 9.999920129776000977e-01
1.225560390594182536e-05 9.999877214431762695e-01
1.988199619518127292e-05 9.999800920486450195e-01
2.135141585313249379e-06 9.999978542327880859e-01
6.198135088197886944e-04 9.993801116943359375e-01
3.944114723708480597e-06 9.999960660934448242e-01
7.332698702812194824e-01 2.667300999164581299e-01
2.227888671768596396e-06 9.999977350234985352e-01
5.582516678259707987e-06 9.999943971633911133e-01
4.567002179101109505e-06 9.999954700469970703e-01
8.508150131092406809e-06 9.999915361404418945e-01
2.931391918536974117e-06 9.999970197677612305e-01
3.646297147497534752e-03 9.963537454605102539e-01
3.221124416086240672e-06 9.999967813491821289e-01
1.022813230520114303e-04 9.998977184295654297e-01
6.487176051450660452e-06 9.999935626983642578e-01
3.580684715416282415e-04 9.996418952941894531e-01
5.467972641781670973e-06 9.999945163726806641e-01
8.459547643724363297e-06 9.999915361404418945e-01
1.521731428510975093e-05 9.999847412109375000e-01
1.078606965165818110e-05 9.999892711639404297e-01
8.146681466314475983e-06 9.999918937683105469e-01
8.653205037117004395e-01 1.346795260906219482e-01
1.826824700401630253e-05 9.999817609786987305e-01
8.817170964903198183e-06 9.999911785125732422e-01
1.925824790305341594e-06 9.999980926513671875e-01
7.280697464011609554e-04 9.992719292640686035e-01
2.160739131795708090e-05 9.999784231185913086e-01
2.176632733608130366e-05 9.999781847000122070e-01
1.847736029958468862e-06 9.999982118606567383e-01
6.367694368236698210e-06 9.999936819076538086e-01
3.143775074931909330e-06 9.999969005584716797e-01
1.928728579514427111e-06 9.999980926513671875e-01
2.714336460485355929e-06 9.999972581863403320e-01
5.262708327791187912e-06 9.999947547912597656e-01
3.288049583716201596e-06 9.999966621398925781e-01
1.071709448297042400e-05 9.999892711639404297e-01
4.242376890033483505e-03 9.957576394081115723e-01
2.650204805831890553e-06 9.999973773956298828e-01
1.932551185745978728e-06 9.999980926513671875e-01
8.559551133657805622e-06 9.999914169311523438e-01
8.243497177318204194e-06 9.999917745590209961e-01
5.866888538002967834e-02 9.413310885429382324e-01
2.452360376992146485e-06 9.999974966049194336e-01
1.004935802484396845e-05 9.999899864196777344e-01
5.112499820825178176e-06 9.999948740005493164e-01
6.302938345470465720e-06 9.999936819076538086e-01
5.799552582175238058e-06 9.999941587448120117e-01
1.495620017522014678e-05 9.999850988388061523e-01
7.275561983988154680e-06 9.999927282333374023e-01
9.732476428325753659e-06 9.999902248382568359e-01
3.818074674200033769e-06 9.999961853027343750e-01
1.039647713696467690e-06 9.999989271163940430e-01
2.335013705305755138e-04 9.997665286064147949e-01
3.702887520194053650e-02 9.629710912704467773e-01
3.206584551662672311e-06 9.999967813491821289e-01
1.983162746910238639e-06 9.999979734420776367e-01
8.745970262680202723e-06 9.999912977218627930e-01
9.887928899843245745e-05 9.999010562896728516e-01
6.372134521370753646e-06 9.999936819076538086e-01
2.162047621823148802e-06 9.999978542327880859e-01
3.412095338717335835e-06 9.999965429306030273e-01
9.892671187117230147e-06 9.999901056289672852e-01
6.466656486736610532e-06 9.999935626983642578e-01
9.251490118913352489e-04 9.990748167037963867e-01
1.180337039841106161e-05 9.999881982803344727e-01
1.083839742932468653e-05 9.999891519546508789e-01
6.504229077108902857e-06 9.999934434890747070e-01
1.046226088874391280e-06 9.999989271163940430e-01
1.111659184971358627e-05 9.999889135360717773e-01
1.671209793130401522e-05 9.999833106994628906e-01
3.045456423933501355e-06 9.999969005584716797e-01
8.863282799720764160e-01 1.136717498302459717e-01
3.948001904063858092e-06 9.999960660934448242e-01
9.542984962463378906e-01 4.570151492953300476e-02
6.501730240415781736e-06 9.999934434890747070e-01
1.123003221437102184e-05 9.999887943267822266e-01
1.722302499729266856e-06 9.999983310699462891e-01
1.148981027654372156e-06 9.999988079071044922e-01
5.118452008900931105e-06 9.999948740005493164e-01
9.984349608421325684e-01 1.565033802762627602e-03
2.657200023531913757e-02 9.734279513359069824e-01
6.633576049352996051e-06 9.999933242797851562e-01
7.185425602074246854e-06 9.999928474426269531e-01
2.269253172926255502e-06 9.999977350234985352e-01
1.335673687208327465e-06 9.999986886978149414e-01
1.616102963453158736e-06 9.999983310699462891e-01
4.187902050034608692e-06 9.999958276748657227e-01
3.652176474133739248e-06 9.999963045120239258e-01
5.666598305106163025e-02 9.433339834213256836e-01
7.921061296656262130e-06 9.999921321868896484e-01
1.647391627557226457e-06 9.999983310699462891e-01
3.245242851335206069e-06 9.999967813491821289e-01
8.294977305922657251e-06 9.999916553497314453e-01
6.641292202402837574e-06 9.999933242797851562e-01
1.042382700688904151e-05 9.999896287918090820e-01
5.660281658492749557e-06 9.999943971633911133e-01
1.895067157420271542e-06 9.999980926513671875e-01
3.380356429261155427e-05 9.999661445617675781e-01
4.107539098185952753e-06 9.999959468841552734e-01
4.513613879680633545e-01 5.486386418342590332e-01
1.593103547747887205e-06 9.999984502792358398e-01
1.848481588240247220e-05 9.999815225601196289e-01
1.166845140687655658e-05 9.999883174896240234e-01
5.623244494199752808e-02 9.437675476074218750e-01
7.094002328813076019e-03 9.929059743881225586e-01
2.198009053245186806e-03 9.978019595146179199e-01
9.183416962623596191e-01 8.165828883647918701e-02
4.981084202881902456e-06 9.999949932098388672e-01
1.803034024305816274e-06 9.999982118606567383e-01
3.665027767419815063e-02 9.633497595787048340e-01
9.374591112136840820e-01 6.254092603921890259e-02
1.818658165575470775e-05 9.999817609786987305e-01
4.039738996652886271e-05 9.999595880508422852e-01
1.222559149027802050e-05 9.999877214431762695e-01
2.516965196264209226e-06 9.999974966049194336e-01
7.196199476311448961e-06 9.999928474426269531e-01
1.248097851203056052e-05 9.999874830245971680e-01
3.236301836295751855e-06 9.999967813491821289e-01
2.247650991193950176e-05 9.999774694442749023e-01
1.044702366925776005e-05 9.999895095825195312e-01
4.699336386693175882e-06 9.999953508377075195e-01
9.982923865318298340e-01 1.707555842585861683e-03
4.038404767925385386e-06 9.999959468841552734e-01
3.385923491805442609e-06 9.999966621398925781e-01
3.597283694034558721e-06 9.999964237213134766e-01
3.631096205936046317e-06 9.999964237213134766e-01
1.314869005000218749e-04 9.998685121536254883e-01
4.212255134916631505e-06 9.999958276748657227e-01
9.828595466387923807e-06 9.999902248382568359e-01
3.423506766557693481e-02 9.657649397850036621e-01
5.185991540201939642e-06 9.999947547912597656e-01
2.457672962918877602e-06 9.999974966049194336e-01
6.227748235687613487e-05 9.999377727508544922e-01
9.892482012219261378e-06 9.999901056289672852e-01
1.560497366881463677e-06 9.999984502792358398e-01
2.522675004001939669e-06 9.999974966049194336e-01
3.460995685600209981e-06 9.999965429306030273e-01
2.051273440883960575e-06 9.999979734420776367e-01
7.388048743450781330e-06 9.999926090240478516e-01
8.193039320758543909e-06 9.999917745590209961e-01
1.022651304083410650e-05 9.999897480010986328e-01
5.511226390808587894e-06 9.999945163726806641e-01
8.016467690467834473e-01 1.983532160520553589e-01
9.099164344661403447e-06 9.999909400939941406e-01
5.179483196116052568e-06 9.999948740005493164e-01
2.127537754859076813e-06 9.999978542327880859e-01
4.304059530113590881e-06 9.999957084655761719e-01
1.954127219505608082e-05 9.999804496765136719e-01
1.474432906434230972e-06 9.999985694885253906e-01
1.585960126249119639e-05 9.999841451644897461e-01
1.391116256854729727e-05 9.999860525131225586e-01
9.970199465751647949e-01 2.979972632601857185e-03
4.686111878982046619e-06 9.999953508377075195e-01
1.003682773443870246e-04 9.998996257781982422e-01
7.864431245252490044e-05 9.999213218688964844e-01
2.132298959622858092e-06 9.999978542327880859e-01
2.298964545843773521e-06 9.999977350234985352e-01
5.886539001949131489e-04 9.994113445281982422e-01
7.783494766044896096e-06 9.999922513961791992e-01
9.995301961898803711e-01 4.698696720879524946e-04
1.811757442737871315e-06 9.999982118606567383e-01
1.983877837119507603e-06 9.999979734420776367e-01
9.994488358497619629e-01 5.511626950465142727e-04
1.301133306697010994e-05 9.999870061874389648e-01
8.748996265239838976e-07 9.999991655349731445e-01
1.173395503428764641e-05 9.999883174896240234e-01
9.999672174453735352e-01 3.283110345364548266e-05
1.141717075370252132e-05 9.999885559082031250e-01
1.270340662449598312e-02 9.872965812683105469e-01
3.616063850131467916e-06 9.999964237213134766e-01
1.438395556760951877e-04 9.998561143875122070e-01
4.147533327341079712e-04 9.995852112770080566e-01
3.884188572556013241e-06 9.999960660934448242e-01
8.283073839265853167e-06 9.999917745590209961e-01
1.317058631684631109e-04 9.998682737350463867e-01
9.684131480753421783e-03 9.903158545494079590e-01
1.249643105438735802e-06 9.999988079071044922e-01
8.129985653795301914e-04 9.991870522499084473e-01
3.292797373433131725e-06 9.999966621398925781e-01
1.450725358154159039e-05 9.999854564666748047e-01
1.240055439666321035e-06 9.999988079071044922e-01
3.713461046572774649e-05 9.999628067016601562e-01
2.486432641744613647e-01 7.513567209243774414e-01
3.450637450441718102e-06 9.999965429306030273e-01
3.366282908245921135e-03 9.966337084770202637e-01
1.934415427967905998e-03 9.980655312538146973e-01
3.021295924554578960e-06 9.999970197677612305e-01
1.283548954233992845e-05 9.999871253967285156e-01
7.720587746007367969e-06 9.999922513961791992e-01
9.179995686281472445e-06 9.999908208847045898e-01
2.361286078667035326e-06 9.999976158142089844e-01
1.342071685940027237e-03 9.986579418182373047e-01
3.467781880317488685e-06 9.999965429306030273e-01
3.129509650534600951e-06 9.999969005584716797e-01
3.750792075152276084e-06 9.999963045120239258e-01
8.413318937527947128e-06 9.999915361404418945e-01
1.952372440428007394e-05 9.999804496765136719e-01
7.263416424393653870e-03 9.927365779876708984e-01
1.169027655123500153e-06 9.999988079071044922e-01
1.320539712905883789e-01 8.679460287094116211e-01
7.252714567584916949e-06 9.999927282333374023e-01
3.235089025110937655e-06 9.999967813491821289e-01
5.304307705955579877e-06 9.999947547912597656e-01
6.959100067615509033e-02 9.304089546203613281e-01
3.348283144077868201e-06 9.999966621398925781e-01
8.742650607018731534e-06 9.999912977218627930e-01
8.088466529443394393e-06 9.999918937683105469e-01
2.043252834482700564e-06 9.999979734420776367e-01
6.246349130378803238e-06 9.999938011169433594e-01
8.127833098114933819e-06 9.999918937683105469e-01
1.468386471970006824e-06 9.999985694885253906e-01
3.398663011466851458e-06 9.999965429306030273e-01
1.148522824223618954e-05 9.999885559082031250e-01
5.030364718550117686e-06 9.999949932098388672e-01
2.018939767367555760e-06 9.999979734420776367e-01
1.855435548350214958e-04 9.998144507408142090e-01
9.501510262489318848e-01 4.984891414642333984e-02
5.297563802741933614e-06 9.999947547912597656e-01
4.384978637972380966e-06 9.999955892562866211e-01
1.221277398144593462e-05 9.999878406524658203e-01
1.105822548197465949e-06 9.999989271163940430e-01
9.730144739151000977e-01 2.698555961251258850e-02
1.560532837174832821e-05 9.999843835830688477e-01
1.479167349316412583e-05 9.999852180480957031e-01
9.696023464202880859e-01 3.039766475558280945e-02
3.982178441219730303e-06 9.999960660934448242e-01
2.426856781312380917e-06 9.999976158142089844e-01
1.737084062369831372e-06 9.999982118606567383e-01
2.369743469898821786e-06 9.999976158142089844e-01
1.685803908912930638e-06 9.999983310699462891e-01
5.121215053804917261e-06 9.999948740005493164e-01
1.649452678975649178e-05 9.999835491180419922e-01
3.146393737551989034e-06 9.999969005584716797e-01
5.266533662506844848e-06 9.999947547912597656e-01
7.575766630907310173e-06 9.999923706054687500e-01
3.136507302770041861e-06 9.999969005584716797e-01
