9.907365441322326660e-01 9.263460524380207062e-03
6.131487488746643066e-01 3.868512213230133057e-01
9.991610050201416016e-01 8.389964932575821877e-04
4.352536052465438843e-02 9.564746618270874023e-01
9.286665916442871094e-01 7.133345305919647217e-02
2.933745980262756348e-01 7.066254019737243652e-01
9.868738055229187012e-01 1.312623638659715652e-02
9.929981231689453125e-01 7.001802325248718262e-03
9.939743876457214355e-01 6.025568582117557526e-03
9.998456239700317383e-01 1.544088736409321427e-04
8.060257434844970703e-01 1.939742416143417358e-01
9.996399879455566406e-01 3.599584160838276148e-04
9.977592229843139648e-01 2.240723231807351112e-03
1.235096305608749390e-01 8.764903545379638672e-01
9.962754249572753906e-01 3.724639536812901497e-03
9.492360949516296387e-01 5.076394602656364441e-02
9.758129119873046875e-01 2.418702654540538788e-02
9.997317194938659668e-01 2.682162157725542784e-04
9.665083289146423340e-01 3.349172696471214294e-02
9.981641173362731934e-01 1.835894887335598469e-03
9.993492960929870605e-01 6.507384241558611393e-04
9.981908202171325684e-01 1.809139386750757694e-03
2.529460489749908447e-01 7.470539212226867676e-01
7.868110537528991699e-01 2.131889015436172485e-01
8.865317106246948242e-01 1.134683117270469666e-01
4.285438731312751770e-02 9.571456313133239746e-01
9.938482642173767090e-01 6.151702720671892166e-03
8.018164662644267082e-04 9.991981387138366699e-01
9.996246099472045898e-01 3.754078061319887638e-04
9.584350585937500000e-01 4.156492650508880615e-02
9.990217685699462891e-01 9.782615816220641136e-04
5.155879771336913109e-04 9.994844198226928711e-01
1.401852667331695557e-01 8.598147630691528320e-01
9.957453608512878418e-01 4.254663828760385513e-03
9.413461685180664062e-01 5.865378305315971375e-02
9.024507999420166016e-01 9.754921495914459229e-02
9.108883142471313477e-01 8.911173790693283081e-02
1.252442598342895508e-01 8.747556805610656738e-01
9.782730340957641602e-01 2.172700501978397369e-02
9.211014509201049805e-01 7.889860868453979492e-02
9.988493919372558594e-01 1.150557422079145908e-03
9.996967315673828125e-01 3.032398235518485308e-04
9.428933262825012207e-01 5.710668861865997314e-02
9.847424030303955078e-01 1.525763329118490219e-02
1.366149750538170338e-03 9.986338019371032715e-01
9.993343949317932129e-01 6.656087352894246578e-04
9.993085861206054688e-01 6.914310506545007229e-04
9.445593357086181641e-01 5.544060096144676208e-02
9.998902082443237305e-01 1.098345674108713865e-04
9.756723046302795410e-01 2.432769723236560822e-02
2.600404666736721992e-03 9.973995685577392578e-01
9.251883625984191895e-01 7.481165975332260132e-02
7.893361151218414307e-02 9.210663437843322754e-01
8.978794813156127930e-01 1.021205335855484009e-01
1.460002083331346512e-02 9.854000210762023926e-01
9.927176237106323242e-01 7.282380014657974243e-03
4.847097443416714668e-04 9.995152950286865234e-01
8.116773329675197601e-03 9.918831586837768555e-01
9.890429377555847168e-01 1.095704920589923859e-02
9.998979568481445312e-01 1.020145209622569382e-04
1.718270480632781982e-01 8.281729221343994141e-01
9.997826218605041504e-01 2.174042601836845279e-04
9.771177768707275391e-01 2.288225851953029633e-02
9.989793896675109863e-01 1.020588912069797516e-03
4.392572343349456787e-01 5.607427358627319336e-01
9.686695933341979980e-01 3.133036941289901733e-02
1.215847358107566833e-01 8.784152865409851074e-01
9.979140162467956543e-01 2.085921354591846466e-03
9.989272952079772949e-01 1.072743674740195274e-03
9.999117851257324219e-01 8.820243965601548553e-05
9.647576212882995605e-01 3.524236381053924561e-02
6.066042260499671102e-05 9.999393224716186523e-01
2.996995449066162109e-01 7.003004550933837891e-01
6.568250060081481934e-01 3.431749641895294189e-01
9.982373714447021484e-01 1.762573374435305595e-03
3.441301174461841583e-03 9.965587258338928223e-01
9.940733313560485840e-01 5.926716141402721405e-03
9.996412992477416992e-01 3.587440005503594875e-04
9.988150596618652344e-01 1.184948370791971684e-03
1.830922998487949371e-02 9.816908240318298340e-01
7.195748686790466309e-01 2.804251611232757568e-01
9.474122524261474609e-01 5.258775129914283752e-02
6.342183332890272141e-03 9.936577677726745605e-01
8.298475146293640137e-01 1.701524555683135986e-01
3.839150886051356792e-04 9.996160268783569336e-01
5.696606356650590897e-03 9.943034648895263672e-01
9.999587535858154297e-01 4.119235745747573674e-05
9.612819552421569824e-01 3.871807456016540527e-02
8.648156523704528809e-01 1.351843327283859253e-01
2.516468986868858337e-03 9.974835515022277832e-01
9.627142548561096191e-01 3.728571906685829163e-02
8.411469459533691406e-01 1.588530391454696655e-01
9.996199607849121094e-01 3.800290869548916817e-04
5.877094268798828125e-01 4.122905433177947998e-01
9.960796236991882324e-01 3.920332994312047958e-03
9.997791647911071777e-01 2.208730147685855627e-04
8.952613279689103365e-05 9.999104738235473633e-01
9.877374172210693359e-01 1.226261537522077560e-02
9.980655312538146973e-01 1.934444066137075424e-03
1.172139719128608704e-01 8.827860355377197266e-01
9.977571368217468262e-01 2.242919290438294411e-03
9.991281628608703613e-01 8.718356839381158352e-04
9.972219467163085938e-01 2.778107067570090294e-03
9.734609723091125488e-01 2.653906680643558502e-02
9.990422129631042480e-01 9.577975142747163773e-04
9.987383484840393066e-01 1.261644065380096436e-03
4.757815040647983551e-04 9.995242357254028320e-01
4.435036331415176392e-03 9.955648779869079590e-01
9.937250018119812012e-01 6.275035906583070755e-03
9.985810518264770508e-01 1.418954343535006046e-03
9.974052309989929199e-01 2.594730583950877190e-03
9.951884746551513672e-01 4.811533726751804352e-03
9.999248981475830078e-01 7.506043039029464126e-05
9.820069670677185059e-01 1.799299754202365875e-02
9.993415474891662598e-01 6.584096117876470089e-04
9.826856851577758789e-01 1.731436140835285187e-02
9.907765984535217285e-01 9.223372675478458405e-03
1.137877926230430603e-01 8.862121701240539551e-01
7.406655233353376389e-03 9.925933480262756348e-01
5.042477976530790329e-03 9.949575066566467285e-01
9.995905756950378418e-01 4.094726173207163811e-04
6.525012850761413574e-01 3.474987149238586426e-01
9.995819926261901855e-01 4.179582756478339434e-04
9.987651109695434570e-01 1.234884257428348064e-03
7.258616089820861816e-01 2.741383612155914307e-01
9.966439008712768555e-01 3.356138244271278381e-03
9.983167648315429688e-01 1.683218870311975479e-03
9.975033402442932129e-01 2.496668370440602303e-03
9.977205395698547363e-01 2.279449719935655594e-03
9.992953538894653320e-01 7.045696838758885860e-04
3.301979303359985352e-01 6.698020696640014648e-01
9.883638620376586914e-01 1.163610257208347321e-02
9.161514639854431152e-01 8.384854346513748169e-02
9.991011619567871094e-01 8.988552726805210114e-04
9.941266775131225586e-01 5.873301066458225250e-03
7.959715723991394043e-01 2.040284276008605957e-01
9.884697198867797852e-01 1.153026893734931946e-02
9.974701404571533203e-01 2.529826946556568146e-03
9.992793202400207520e-01 7.207359885796904564e-04
9.959465861320495605e-01 4.053423646837472916e-03
9.796504974365234375e-01 2.034954354166984558e-02
4.749135673046112061e-01 5.250864028930664062e-01
9.735326766967773438e-01 2.646727301180362701e-02
9.995591044425964355e-01 4.408295208122581244e-04
1.046372056007385254e-01 8.953627347946166992e-01
9.875491959974169731e-04 9.990124702453613281e-01
3.201158642768859863e-01 6.798841357231140137e-01
3.911981880664825439e-01 6.088017821311950684e-01
8.602098226547241211e-01 1.397901922464370728e-01
9.991570711135864258e-01 8.429635199718177319e-04
2.060814586002379656e-04 9.997939467430114746e-01
9.994723200798034668e-01 5.277190939523279667e-04
9.994260072708129883e-01 5.740108899772167206e-04
9.983366727828979492e-01 1.663313712924718857e-03
1.187609625048935413e-03 9.988124370574951172e-01
1.403220463544130325e-03 9.985967278480529785e-01
1.753654032945632935e-01 8.246346116065979004e-01
5.136811733245849609e-01 4.863187670707702637e-01
4.076767340302467346e-02 9.592323899269104004e-01
1.663778442889451981e-03 9.983362555503845215e-01
7.017567288130521774e-03 9.929823875427246094e-01
9.116328954696655273e-01 8.836708217859268188e-02
9.993999004364013672e-01 6.000818102620542049e-04
9.875103235244750977e-01 1.248961035162210464e-02
9.996052384376525879e-01 3.947644727304577827e-04
3.627643454819917679e-04 9.996372461318969727e-01
9.745520949363708496e-01 2.544796653091907501e-02
5.808828473091125488e-01 4.191171228885650635e-01
9.334262013435363770e-01 6.657383590936660767e-02
8.690708130598068237e-02 9.130928516387939453e-01
2.795184729620814323e-03 9.972048401832580566e-01
9.987826943397521973e-01 1.217289594933390617e-03
9.399628043174743652e-01 6.003717333078384399e-02
8.720430731773376465e-01 1.279569119215011597e-01
9.991087317466735840e-01 8.912141202017664909e-04
9.985230565071105957e-01 1.476998906582593918e-03
9.582639336585998535e-01 4.173611477017402649e-02
9.998956918716430664e-01 1.042862932081334293e-04
9.944009184837341309e-01 5.599141120910644531e-03
9.950335025787353516e-01 4.966522566974163055e-03
4.045848548412322998e-02 9.595414400100708008e-01
1.416160017251968384e-01 8.583839535713195801e-01
7.871874570846557617e-01 2.128125429153442383e-01
9.996620416641235352e-01 3.379871486686170101e-04
9.998142123222351074e-01 1.858711621025577188e-04
9.999233484268188477e-01 7.666120654903352261e-05
9.128349423408508301e-01 8.716505020856857300e-02
9.965282082557678223e-01 3.471787320449948311e-03
9.996644258499145508e-01 3.355412045493721962e-04
4.514671396464109421e-03 9.954853057861328125e-01
9.998866319656372070e-01 1.134010017267428339e-04
9.997219443321228027e-01 2.780261856969445944e-04
9.975014328956604004e-01 2.498508431017398834e-03
9.999167919158935547e-01 8.324124064529314637e-05
9.993156194686889648e-01 6.843973533250391483e-04
9.762342572212219238e-01 2.376576326787471771e-02
9.995486140251159668e-01 4.513267485890537500e-04
6.515811383724212646e-02 9.348418712615966797e-01
9.964890480041503906e-01 3.511036280542612076e-03
5.958454012870788574e-01 4.041546583175659180e-01
9.988891482353210449e-01 1.110884826630353928e-03
2.510157227516174316e-02 9.748983979225158691e-01
9.990217685699462891e-01 9.782867273315787315e-04
1.431016176939010620e-01 8.568984270095825195e-01
9.970620274543762207e-01 2.937978366389870644e-03
9.703643918037414551e-01 2.963557839393615723e-02
5.346019938588142395e-02 9.465398192405700684e-01
9.803177118301391602e-01 1.968234404921531677e-02
7.104783654212951660e-01 2.895216345787048340e-01
9.991828799247741699e-01 8.170902729034423828e-04
9.997642636299133301e-01 2.356967306695878506e-04
9.582586884498596191e-01 4.174128919839859009e-02
9.999393224716186523e-01 6.066054265829734504e-05
9.989206790924072266e-01 1.079344190657138824e-03
9.996767044067382812e-01 3.233578754588961601e-04
9.993730187416076660e-01 6.270114681683480740e-04
1.605173386633396149e-02 9.839482903480529785e-01
7.105440599843859673e-04 9.992893934249877930e-01
9.998425245285034180e-01 1.574300986248999834e-04
9.998125433921813965e-01 1.875297311926260591e-04
9.989295601844787598e-01 1.070392085239291191e-03
8.404502868652343750e-01 1.595497727394104004e-01
1.652142256498336792e-01 8.347858190536499023e-01
9.849480986595153809e-01 1.505189388990402222e-02
9.998769760131835938e-01 1.230223861057311296e-04
9.948148131370544434e-01 5.185187794268131256e-03
9.897555708885192871e-01 1.024442352354526520e-02
2.369503378868103027e-01 7.630496621131896973e-01
9.978162050247192383e-01 2.183815697208046913e-03
9.996097683906555176e-01 3.902188327629119158e-04
9.124981164932250977e-01 8.750187605619430542e-02
2.988598644733428955e-01 7.011401653289794922e-01
7.178104519844055176e-01 2.821895480155944824e-01
2.340624481439590454e-02 9.765937328338623047e-01
6.882822141051292419e-03 9.931172132492065430e-01
1.694357767701148987e-02 9.830564260482788086e-01
6.831454634666442871e-01 3.168545663356781006e-01
9.964141249656677246e-01 3.585909958928823471e-03
6.994542479515075684e-01 3.005457520484924316e-01
8.813589811325073242e-01 1.186410114169120789e-01
7.927650809288024902e-01 2.072349488735198975e-01
8.172984421253204346e-02 9.182701110839843750e-01
3.966536372900009155e-03 9.960334897041320801e-01
9.960001111030578613e-01 3.999884705990552902e-03
9.928868412971496582e-01 7.113159634172916412e-03
9.985467791557312012e-01 1.453248900361359119e-03
1.741878106258809566e-03 9.982581734657287598e-01
9.474846124649047852e-01 5.251540988683700562e-02
9.998486042022705078e-01 1.513244933448731899e-04
9.969647526741027832e-01 3.035219619050621986e-03
1.538200158393010497e-04 9.998461008071899414e-01
8.556838631629943848e-01 1.443161368370056152e-01
9.979104399681091309e-01 2.089564688503742218e-03
9.997697472572326660e-01 2.302448847331106663e-04
9.704924821853637695e-01 2.950753644108772278e-02
4.407580792903900146e-01 5.592418909072875977e-01
7.081039547920227051e-01 2.918960750102996826e-01
4.884694237262010574e-03 9.951152801513671875e-01
9.659805297851562500e-01 3.401939943432807922e-02
4.700264707207679749e-02 9.529973864555358887e-01
6.895915269851684570e-01 3.104084432125091553e-01
7.530261874198913574e-01 2.469738125801086426e-01
3.333608806133270264e-01 6.666390895843505859e-01
9.990803003311157227e-01 9.196759201586246490e-04
9.695789217948913574e-01 3.042104654014110565e-02
9.970356225967407227e-01 2.964368788525462151e-03
7.629881147295236588e-03 9.923701286315917969e-01
6.514027118682861328e-01 3.485973179340362549e-01
9.752789139747619629e-01 2.472105063498020172e-02
3.439087187871336937e-03 9.965608716011047363e-01
9.995793700218200684e-01 4.206231096759438515e-04
2.418088540434837341e-02 9.758191704750061035e-01
9.988729357719421387e-01 1.127015100792050362e-03
5.559051036834716797e-01 4.440949261188507080e-01
2.043822547420859337e-03 9.979561567306518555e-01
1.786409132182598114e-02 9.821358323097229004e-01
9.991196990013122559e-01 8.802768425084650517e-04
9.812029004096984863e-01 1.879704743623733521e-02
9.882968068122863770e-01 1.170324161648750305e-02
9.995117187500000000e-01 4.882511857431381941e-04
9.996179342269897461e-01 3.819842240773141384e-04
8.544362187385559082e-01 1.455637961626052856e-01
9.998878240585327148e-01 1.121877648984082043e-04
9.904344081878662109e-01 9.565650485455989838e-03
3.176515400409698486e-01 6.823484897613525391e-01
9.556754827499389648e-01 4.432445764541625977e-02
9.996278285980224609e-01 3.721238172147423029e-04
9.907007217407226562e-01 9.299301542341709137e-03
9.995923638343811035e-01 4.076705081388354301e-04
9.877220988273620605e-01 1.227797660976648331e-02
9.998826980590820312e-01 1.172559714177623391e-04
9.206668138504028320e-01 7.933321595191955566e-02
4.598205909132957458e-02 9.540179371833801270e-01
9.737309217453002930e-01 2.626904100179672241e-02
9.985457658767700195e-01 1.454203971661627293e-03
9.983293414115905762e-01 1.670695492066442966e-03
7.659423351287841797e-01 2.340576499700546265e-01
1.311955302953720093e-01 8.688045144081115723e-01
9.989597797393798828e-01 1.040194649249315262e-03
9.675357937812805176e-01 3.246417641639709473e-02
7.101494818925857544e-02 9.289850592613220215e-01
9.998860359191894531e-01 1.139305750257335603e-04
4.874373553320765495e-04 9.995125532150268555e-01
2.058987617492675781e-01 7.941012978553771973e-01
9.964513778686523438e-01 3.548564622178673744e-03
8.761932849884033203e-01 1.238067597150802612e-01
7.872056961059570312e-01 2.127943038940429688e-01
2.379222307354211807e-03 9.976207613945007324e-01
3.692096769809722900e-01 6.307902932167053223e-01
4.097651839256286621e-01 5.902348160743713379e-01
1.911997795104980469e-02 9.808800816535949707e-01
9.528903365135192871e-01 4.710968211293220520e-02
9.865149855613708496e-01 1.348501071333885193e-02
9.943935871124267578e-01 5.606377497315406799e-03
5.669781239703297615e-04 9.994329810142517090e-01
3.445157315582036972e-03 9.965548515319824219e-01
9.999185800552368164e-01 8.143999730236828327e-05
1.493547111749649048e-02 9.850645661354064941e-01
3.568803668022155762e-01 6.431196331977844238e-01
4.955921904183924198e-04 9.995044469833374023e-01
9.548243880271911621e-01 4.517560079693794250e-02
8.759015798568725586e-02 9.124099016189575195e-01
2.021904140710830688e-01 7.978096008300781250e-01
9.997401833534240723e-01 2.598505525384098291e-04
9.986668825149536133e-01 1.333132502622902393e-03
1.441520266234874725e-02 9.855847954750061035e-01
7.849484682083129883e-03 9.921505451202392578e-01
9.920329451560974121e-01 7.967001758515834808e-03
9.989504218101501465e-01 1.049618120305240154e-03
9.038473367691040039e-01 9.615270048379898071e-02
9.958975315093994141e-01 4.102486185729503632e-03
9.976511597633361816e-01 2.348847454413771629e-03
9.569386839866638184e-01 4.306125640869140625e-02
9.945617318153381348e-01 5.438261199742555618e-03
9.995107650756835938e-01 4.892145516350865364e-04
9.083065390586853027e-01 9.169339388608932495e-02
6.588658690452575684e-02 9.341133832931518555e-01
9.992707371711730957e-01 7.293219096027314663e-04
4.318466782569885254e-02 9.568153619766235352e-01
9.974275231361389160e-01 2.572514582425355911e-03
9.951910972595214844e-01 4.808903671801090240e-03
3.174214661121368408e-01 6.825785040855407715e-01
9.995903372764587402e-01 4.096490447409451008e-04
9.972950816154479980e-01 2.704889513552188873e-03
7.915138006210327148e-01 2.084862142801284790e-01
9.997726082801818848e-01 2.273474674439057708e-04
8.441068348474800587e-05 9.999155998229980469e-01
9.996700286865234375e-01 3.300155221950262785e-04
9.181644320487976074e-01 8.183554559946060181e-02
9.994136095046997070e-01 5.864140111953020096e-04
1.549645233899354935e-02 9.845035076141357422e-01
9.784951806068420410e-01 2.150480635464191437e-02
3.047039806842803955e-01 6.952960491180419922e-01
9.998403787612915039e-01 1.595841313246637583e-04
9.993054866790771484e-01 6.945546483621001244e-04
9.617197513580322266e-01 3.828029707074165344e-02
9.999120235443115234e-01 8.792857988737523556e-05
3.804154985118657351e-04 9.996196031570434570e-01
9.354296922683715820e-01 6.457031518220901489e-02
9.775239229202270508e-01 2.247601747512817383e-02
9.998123049736022949e-01 1.876780152088031173e-04
9.848997592926025391e-01 1.510028261691331863e-02
1.860454827547073364e-01 8.139545321464538574e-01
9.975948929786682129e-01 2.405088627710938454e-03
9.811623096466064453e-01 1.883764937520027161e-02
9.915310144424438477e-01 8.468986488878726959e-03
9.991461038589477539e-01 8.538531837984919548e-04
7.565991282463073730e-01 2.434009313583374023e-01
3.573177158832550049e-01 6.426823139190673828e-01
9.924617409706115723e-01 7.538241799920797348e-03
9.685562849044799805e-01 3.144370019435882568e-02
3.143236935138702393e-01 6.856763362884521484e-01
9.988221526145935059e-01 1.177854952402412891e-03
9.992440938949584961e-01 7.558873039670288563e-04
9.502912759780883789e-01 4.970869049429893494e-02
5.051669478416442871e-01 4.948330819606781006e-01
9.954192638397216797e-01 4.580786451697349548e-03
9.979746937751770020e-01 2.025341149419546127e-03
9.796944260597229004e-01 2.030559442937374115e-02
9.998189806938171387e-01 1.810969697544351220e-04
1.907598343677818775e-03 9.980923533439636230e-01
9.987022876739501953e-01 1.297686016187071800e-03
9.343872070312500000e-01 6.561277806758880615e-02
9.672703742980957031e-01 3.272955864667892456e-02
9.968978166580200195e-01 3.102192422375082970e-03
1.648334711790084839e-01 8.351665139198303223e-01
9.999316930770874023e-01 6.828311597928404808e-05
9.997791647911071777e-01 2.208738587796688080e-04
9.869576692581176758e-01 1.304232235997915268e-02
9.871966838836669922e-01 1.280335057526826859e-02
9.990370273590087891e-01 9.630315471440553665e-04
8.972375988960266113e-01 1.027624011039733887e-01
9.352513551712036133e-01 6.474862992763519287e-02
1.283511985093355179e-03 9.987164735794067383e-01
9.636191129684448242e-01 3.638083487749099731e-02
9.802937507629394531e-01 1.970621757209300995e-02
8.572599887847900391e-01 1.427400261163711548e-01
9.997070431709289551e-01 2.929446636699140072e-04
9.248919039964675903e-02 9.075108170509338379e-01
9.998515844345092773e-01 1.483492233091965318e-04
1.194342784583568573e-02 9.880565404891967773e-01
9.997579455375671387e-01 2.420532255200669169e-04
9.590051770210266113e-01 4.099482670426368713e-02
1.252793153980746865e-04 9.998747110366821289e-01
9.643409252166748047e-01 3.565903007984161377e-02
9.989033937454223633e-01 1.096559222787618637e-03
1.949148811399936676e-02 9.805085062980651855e-01
9.769725799560546875e-01 2.302743121981620789e-02
9.998420476913452148e-01 1.578749070176854730e-04
9.994285702705383301e-01 5.714343860745429993e-04
6.025059148669242859e-02 9.397493600845336914e-01
6.472112983465194702e-02 9.352788925170898438e-01
9.976621866226196289e-01 2.337823621928691864e-03
9.905995726585388184e-01 9.400432929396629333e-03
9.996713399887084961e-01 3.287255822215229273e-04
2.804055402521044016e-04 9.997195601463317871e-01
9.997417330741882324e-01 2.582788874860852957e-04
9.965538978576660156e-01 3.446136601269245148e-03
9.913990497589111328e-01 8.600905537605285645e-03
9.994174242019653320e-01 5.826323176734149456e-04
1.648301072418689728e-02 9.835169911384582520e-01
2.334922173758968711e-04 9.997665286064147949e-01
9.713799357414245605e-01 2.862008102238178253e-02
9.999041557312011719e-01 9.577881428413093090e-05
9.985394477844238281e-01 1.460591563954949379e-03
8.696073293685913086e-01 1.303926110267639160e-01
9.813480377197265625e-01 1.865202933549880981e-02
9.997933506965637207e-01 2.067208843072876334e-04
2.403981779934838414e-04 9.997596144676208496e-01
9.991527795791625977e-01 8.471740875393152237e-04
9.994903802871704102e-01 5.095677915960550308e-04
9.984799027442932129e-01 1.520108198747038841e-03
9.809224009513854980e-01 1.907762885093688965e-02
4.343730397522449493e-03 9.956562519073486328e-01
9.991028308868408203e-01 8.971546776592731476e-04
8.613796830177307129e-01 1.386202722787857056e-01
7.204160690307617188e-01 2.795839309692382812e-01
9.946920275688171387e-01 5.307938437908887863e-03
2.937079071998596191e-01 7.062920928001403809e-01
9.540193080902099609e-01 4.598071426153182983e-02
8.610574007034301758e-01 1.389425843954086304e-01
9.673848152160644531e-01 3.261517733335494995e-02
9.995655417442321777e-01 4.345004272181540728e-04
1.639438327401876450e-03 9.983605742454528809e-01
1.295484900474548340e-01 8.704515099525451660e-01
1.804932020604610443e-03 9.981951117515563965e-01
9.984265565872192383e-01 1.573460409417748451e-03
9.429223835468292236e-03 9.905707836151123047e-01
4.828636348247528076e-01 5.171363353729248047e-01
9.985435009002685547e-01 1.456532394513487816e-03
1.970739848911762238e-02 9.802926182746887207e-01
8.325386792421340942e-03 9.916746020317077637e-01
9.956054091453552246e-01 4.394608084112405777e-03
8.235138058662414551e-01 1.764862090349197388e-01
3.489981871098279953e-03 9.965099692344665527e-01
9.819040894508361816e-01 1.809592545032501221e-02
9.903210997581481934e-01 9.678910486400127411e-03
9.941117167472839355e-01 5.888226442039012909e-03
9.997568726539611816e-01 2.431419707136228681e-04
1.691002864390611649e-03 9.983090162277221680e-01
6.185112148523330688e-02 9.381488561630249023e-01
9.985772371292114258e-01 1.422777655534446239e-03
5.236667580902576447e-03 9.947633147239685059e-01
5.635730028152465820e-01 4.364270567893981934e-01
9.096685051918029785e-01 9.033148735761642456e-02
2.011954337358474731e-01 7.988045811653137207e-01
1.523708701133728027e-01 8.476291894912719727e-01
3.982956111431121826e-01 6.017044186592102051e-01
9.917519688606262207e-01 8.248025551438331604e-03
1.583110657520592213e-03 9.984169006347656250e-01
9.967363476753234863e-01 3.263610880821943283e-03
9.999573230743408203e-01 4.272281512385234237e-05
9.997803568840026855e-01 2.196999703301116824e-04
6.193381547927856445e-01 3.806619048118591309e-01
1.999424248933792114e-01 8.000575900077819824e-01
2.666477113962173462e-03 9.973335266113281250e-01
9.611359238624572754e-01 3.886411711573600769e-02
9.993638396263122559e-01 6.361833075061440468e-04
9.187945164740085602e-03 9.908120036125183105e-01
9.704715013504028320e-01 2.952847816050052643e-02
7.729863524436950684e-01 2.270136177539825439e-01
1.293683052062988281e-02 9.870632290840148926e-01
9.942050278186798096e-02 9.005795121192932129e-01
9.984298348426818848e-01 1.570098218508064747e-03
9.956924319267272949e-01 4.307638853788375854e-03
9.991346001625061035e-01 8.654319681227207184e-04
9.685759544372558594e-01 3.142404183745384216e-02
9.993878602981567383e-01 6.121799233369529247e-04
9.993927478790283203e-01 6.072317482903599739e-04
2.603218853473663330e-01 7.396780848503112793e-01
9.999346733093261719e-01 6.532674888148903847e-05
5.557267069816589355e-01 4.442732632160186768e-01
9.996378421783447266e-01 3.621454525273293257e-04
5.519527196884155273e-01 4.480472803115844727e-01
9.627056717872619629e-01 3.729429095983505249e-02
1.411899807862937450e-03 9.985880255699157715e-01
9.504433274269104004e-01 4.955671355128288269e-02
1.041763648390769958e-02 9.895824193954467773e-01
9.971032738685607910e-01 2.896724268794059753e-03
9.966042041778564453e-01 3.395816544070839882e-03
9.489282965660095215e-01 5.107172951102256775e-02
2.024655640125274658e-01 7.975344657897949219e-01
9.923598170280456543e-01 7.640213705599308014e-03
9.999021291732788086e-01 9.784799476619809866e-05
7.921432256698608398e-01 2.078567445278167725e-01
3.833064110949635506e-03 9.961668848991394043e-01
9.995765089988708496e-01 4.234550287947058678e-04
9.914612770080566406e-01 8.538697846233844757e-03
1.581384390592575073e-01 8.418615460395812988e-01
9.840574860572814941e-01 1.594246923923492432e-02
3.919288981705904007e-03 9.960806965827941895e-01
9.953476786613464355e-01 4.652339965105056763e-03
9.819356203079223633e-01 1.806435175240039825e-02
9.995773434638977051e-01 4.226004821248352528e-04
9.780791997909545898e-01 2.192077785730361938e-02
1.403803238645195961e-03 9.985961318016052246e-01
9.925897121429443359e-01 7.410231977701187134e-03
9.206000566482543945e-01 7.939997315406799316e-02
9.986238479614257812e-01 1.376190455630421638e-03
7.400795221328735352e-01 2.599205076694488525e-01
9.998130202293395996e-01 1.870302658062428236e-04
9.998661279678344727e-01 1.338391011813655496e-04
9.997197985649108887e-01 2.801687805913388729e-04
7.683783769607543945e-02 9.231621026992797852e-01
9.985412359237670898e-01 1.458795042708516121e-03
9.928737878799438477e-01 7.126238197088241577e-03
9.968852400779724121e-01 3.114777617156505585e-03
9.991633892059326172e-01 8.366354159079492092e-04
9.990068078041076660e-01 9.931934764608740807e-04
9.996335506439208984e-01 3.664022369775921106e-04
4.704076127381995320e-05 9.999529123306274414e-01
1.586213591508567333e-03 9.984138011932373047e-01
8.982792496681213379e-03 9.910172224044799805e-01
2.234367579221725464e-01 7.765631675720214844e-01
9.800028800964355469e-01 1.999713666737079620e-02
9.949402809143066406e-01 5.059765651822090149e-03
9.992797970771789551e-01 7.202561246231198311e-04
4.652702715247869492e-03 9.953473210334777832e-01
4.318302497267723083e-03 9.956816434860229492e-01
9.892507791519165039e-01 1.074930001050233841e-02
9.567583799362182617e-01 4.324164241552352905e-02
9.681070446968078613e-01 3.189289197325706482e-02
9.989356398582458496e-01 1.064312644302845001e-03
9.937484264373779297e-01 6.251586135476827621e-03
6.944690942764282227e-01 3.055309057235717773e-01
9.983806610107421875e-01 1.619317336007952690e-03
9.808657169342041016e-01 1.913427561521530151e-02
7.171787619590759277e-01 2.828212380409240723e-01
4.291186928749084473e-01 5.708813071250915527e-01
9.889203906059265137e-01 1.107963547110557556e-02
5.247688889503479004e-01 4.752311110496520996e-01
9.986314177513122559e-01 1.368506578728556633e-03
9.951441287994384766e-01 4.855891689658164978e-03
9.353061318397521973e-01 6.469389796257019043e-02
9.990449547767639160e-01 9.550788090564310551e-04
9.999183416366577148e-01 8.169667853508144617e-05
9.999408721923828125e-01 5.906913065700791776e-05
9.998893737792968750e-01 1.106660347431898117e-04
4.149506858084350824e-04 9.995850920677185059e-01
9.994520545005798340e-01 5.479676765389740467e-04
9.056408405303955078e-01 9.435918182134628296e-02
9.992313385009765625e-01 7.686894969083368778e-04
9.997988343238830566e-01 2.012055192608386278e-04
4.848198965191841125e-02 9.515180587768554688e-01
5.967941600829362869e-03 9.940320849418640137e-01
9.747068881988525391e-01 2.529308386147022247e-02
9.987221360206604004e-01 1.277852221392095089e-03
8.243255615234375000e-01 1.756744682788848877e-01
9.995197057723999023e-01 4.802949260920286179e-04
2.673582918941974640e-02 9.732642173767089844e-01
9.814008474349975586e-01 1.859912462532520294e-02
9.998914003372192383e-01 1.085902840713970363e-04
9.994168281555175781e-01 5.831723101437091827e-04
7.744682431221008301e-01 2.255316972732543945e-01
9.042643755674362183e-02 9.095736145973205566e-01
4.185909405350685120e-03 9.958140254020690918e-01
1.578230003360658884e-04 9.998421669006347656e-01
1.874657273292541504e-01 8.125342726707458496e-01
8.909615874290466309e-01 1.090384498238563538e-01
9.089358448982238770e-01 9.106411039829254150e-02
7.836961187422275543e-03 9.921631217002868652e-01
9.922502636909484863e-01 7.749667391180992126e-03
9.248268906958401203e-04 9.990751743316650391e-01
2.239624857902526855e-01 7.760374546051025391e-01
9.985396862030029297e-01 1.460379571653902531e-03
4.605496302247047424e-02 9.539450407028198242e-01
9.662954807281494141e-01 3.370459377765655518e-02
8.311217427253723145e-01 1.688783168792724609e-01
7.080648560076951981e-03 9.929193854331970215e-01
3.161284374073147774e-03 9.968386888504028320e-01
1.172374263405799866e-01 8.827625513076782227e-01
8.250824213027954102e-01 1.749175339937210083e-01
3.886484205722808838e-01 6.113515496253967285e-01
9.990844726562500000e-01 9.155387524515390396e-04
9.294624924659729004e-01 7.053748518228530884e-02
9.993633627891540527e-01 6.366308662109076977e-04
1.403313968330621719e-02 9.859668612480163574e-01
9.991852641105651855e-01 8.147294865921139717e-04
9.814308881759643555e-01 1.856903918087482452e-02
9.741695523262023926e-01 2.583048678934574127e-02
9.940624833106994629e-01 5.937527865171432495e-03
1.515035629272460938e-01 8.484964370727539062e-01
5.634152889251708984e-01 4.365847408771514893e-01
7.609742693603038788e-03 9.923902153968811035e-01
2.384882234036922455e-02 9.761511683464050293e-01
4.833358898758888245e-02 9.516663551330566406e-01
2.428276538848876953e-01 7.571723461151123047e-01
9.997134804725646973e-01 2.865047717932611704e-04
9.952783584594726562e-01 4.721693694591522217e-03
4.886171817779541016e-01 5.113828182220458984e-01
9.999152421951293945e-01 8.480287215206772089e-05
5.501797795295715332e-01 4.498202204704284668e-01
4.511860013008117676e-02 9.548813700675964355e-01
9.978709220886230469e-01 2.129115862771868706e-03
9.987025260925292969e-01 1.297478447668254375e-03
9.998929500579833984e-01 1.069928985089063644e-04
1.003496050834655762e-01 8.996503353118896484e-01
9.971777200698852539e-01 2.822285518050193787e-03
3.324916958808898926e-01 6.675083637237548828e-01
2.202988544013351202e-04 9.997797608375549316e-01
1.421500444412231445e-01 8.578500151634216309e-01
9.983088970184326172e-01 1.691063982434570789e-03
8.955303346738219261e-04 9.991044402122497559e-01
4.927488043904304504e-03 9.950725436210632324e-01
4.637933373451232910e-01 5.362066626548767090e-01
9.980937838554382324e-01 1.906152698211371899e-03
9.943517446517944336e-01 5.648214835673570633e-03
3.009123206138610840e-01 6.990877389907836914e-01
9.739851951599121094e-01 2.601477876305580139e-02
3.458328545093536377e-02 9.654166698455810547e-01
4.451058339327573776e-03 9.955489635467529297e-01
4.715318977832794189e-02 9.528468251228332520e-01
9.074512869119644165e-03 9.909254312515258789e-01
8.493974208831787109e-01 1.506025493144989014e-01
9.781895279884338379e-01 2.181051857769489288e-02
1.013168320059776306e-02 9.898682832717895508e-01
4.968272447586059570e-01 5.031727552413940430e-01
8.386306166648864746e-01 1.613694429397583008e-01
4.045532271265983582e-02 9.595446586608886719e-01
9.987953901290893555e-01 1.204636297188699245e-03
1.570853590965270996e-02 9.842914342880249023e-01
9.693882465362548828e-01 3.061177954077720642e-02
9.989222288131713867e-01 1.077820896171033382e-03
1.728129573166370392e-03 9.982718229293823242e-01
9.992750287055969238e-01 7.250330527313053608e-04
3.542177677154541016e-01 6.457822322845458984e-01
9.932966828346252441e-01 6.703332997858524323e-03
9.971916079521179199e-01 2.808352233842015266e-03
9.997352957725524902e-01 2.647445071488618851e-04
9.610564112663269043e-01 3.894352912902832031e-02
9.999357461929321289e-01 6.428091728594154119e-05
9.982715845108032227e-01 1.728414325043559074e-03
7.325162738561630249e-02 9.267484545707702637e-01
9.996784925460815430e-01 3.215714241378009319e-04
9.981758594512939453e-01 1.824095146730542183e-03
9.914343357086181641e-01 8.565734140574932098e-03
9.569225311279296875e-01 4.307741299271583557e-02
9.998792409896850586e-01 1.206986489705741405e-04
4.758970439434051514e-01 5.241029858589172363e-01
9.852020144462585449e-01 1.479802746325731277e-02
8.291783332824707031e-01 1.708217263221740723e-01
9.959583878517150879e-01 4.041584674268960953e-03
4.646932780742645264e-01 5.353066921234130859e-01
2.292305231094360352e-03 9.977077245712280273e-01
9.966161847114562988e-01 3.383787814527750015e-03
3.917392343282699585e-03 9.960825443267822266e-01
9.811658859252929688e-01 1.883412525057792664e-02
9.974564909934997559e-01 2.543526934459805489e-03
