5.511226390808587894e-06 9.999945163726806641e-01
2.114805765450000763e-02 9.788519144058227539e-01
6.835485237388638780e-06 9.999932050704956055e-01
7.554423995316028595e-03 9.924456477165222168e-01
3.038335591554641724e-02 9.696165919303894043e-01
4.999315933673642576e-06 9.999949932098388672e-01
6.883786320686340332e-01 3.116213679313659668e-01
1.145313672168413177e-05 9.999885559082031250e-01
6.959760412428295240e-06 9.999930858612060547e-01
3.461633343249559402e-03 9.965384006500244141e-01
2.396502623014384881e-06 9.999976158142089844e-01
1.186869030789239332e-05 9.999880790710449219e-01
1.601698168087750673e-04 9.998397827148437500e-01
6.595387731067603454e-06 9.999934434890747070e-01
5.121215053804917261e-06 9.999948740005493164e-01
1.979313992706011049e-06 9.999979734420776367e-01
1.124567734223091975e-05 9.999887943267822266e-01
2.981384568556677550e-06 9.999970197677612305e-01
4.465805432118941098e-06 9.999955892562866211e-01
7.280697464011609554e-04 9.992719292640686035e-01
7.169702712417347357e-06 9.999928474426269531e-01
1.066411414285539649e-06 9.999989271163940430e-01
2.888158633140847087e-06 9.999971389770507812e-01
9.987647533416748047e-01 1.235221861861646175e-03
1.417058956576511264e-05 9.999858140945434570e-01
2.262835041619837284e-04 9.997736811637878418e-01
2.184777404181659222e-04 9.997815489768981934e-01
3.631096205936046317e-06 9.999964237213134766e-01
9.096563444472849369e-04 9.990903139114379883e-01
3.155101694574113935e-06 9.999969005584716797e-01
6.095372555137146264e-06 9.999939203262329102e-01
3.509515636324067600e-06 9.999965429306030273e-01
6.219066108315018937e-06 9.999938011169433594e-01
3.245242851335206069e-06 9.999967813491821289e-01
1.300194435316370800e-05 9.999870061874389648e-01
1.000122847472084686e-05 9.999899864196777344e-01
1.801634243747685105e-05 9.999819993972778320e-01
3.235089025110937655e-06 9.999967813491821289e-01
9.753410816192626953e-01 2.465896680951118469e-02
1.702307599771302193e-05 9.999829530715942383e-01
4.224158601573435590e-06 9.999958276748657227e-01
5.773087195848347619e-06 9.999942779541015625e-01
7.185425602074246854e-06 9.999928474426269531e-01
1.619617819414997939e-06 9.999983310699462891e-01
2.426856781312380917e-06 9.999976158142089844e-01
2.288973291797447018e-06 9.999977350234985352e-01
1.502720806456636637e-06 9.999984502792358398e-01
7.515450761275133118e-06 9.999924898147583008e-01
1.091566537070320919e-05 9.999890327453613281e-01
9.995301961898803711e-01 4.698696720879524946e-04
1.142292148870183155e-05 9.999885559082031250e-01
9.265027074434328824e-06 9.999907016754150391e-01
9.830353260040283203e-01 1.696467772126197815e-02
1.195955046568997204e-04 9.998804330825805664e-01
3.110413445028825663e-06 9.999969005584716797e-01
6.198135088197886944e-04 9.993801116943359375e-01
1.957228960236534476e-05 9.999804496765136719e-01
1.337965954917308409e-06 9.999986886978149414e-01
3.155854074066155590e-06 9.999969005584716797e-01
1.895674467086791992e-01 8.104325532913208008e-01
7.809055205143522471e-06 9.999921321868896484e-01
6.520742203974805307e-07 9.999994039535522461e-01
1.481948947912314907e-05 9.999852180480957031e-01
1.474432906434230972e-06 9.999985694885253906e-01
6.800043138355249539e-06 9.999932050704956055e-01
6.903706192970275879e-01 3.096293807029724121e-01
4.929202987113967538e-06 9.999951124191284180e-01
5.193710421735886484e-07 9.999995231628417969e-01
1.236266257365059573e-06 9.999988079071044922e-01
9.275830961996689439e-06 9.999907016754150391e-01
8.135812095133587718e-06 9.999918937683105469e-01
7.620264568686252460e-06 9.999923706054687500e-01
4.489337443374097347e-04 9.995509982109069824e-01
6.761576980352401733e-02 9.323842525482177734e-01
6.914864570717327297e-06 9.999930858612060547e-01
9.996755123138427734e-01 3.245326806791126728e-04
1.386064286634791642e-05 9.999861717224121094e-01
3.224764019250869751e-03 9.967752099037170410e-01
5.896589756011962891e-01 4.103409647941589355e-01
7.802905201970133930e-07 9.999991655349731445e-01
9.985070824623107910e-01 1.492864219471812248e-03
8.708525456313509494e-06 9.999912977218627930e-01
5.044560111855389550e-06 9.999949932098388672e-01
1.384855977448751219e-06 9.999985694885253906e-01
5.797069661639397964e-06 9.999941587448120117e-01
4.075368451594840735e-06 9.999959468841552734e-01
1.814532577991485596e-01 8.185467720031738281e-01
2.446277903800364584e-06 9.999974966049194336e-01
7.916274626040831208e-06 9.999921321868896484e-01
1.338951392426679377e-06 9.999986886978149414e-01
9.339004158973693848e-01 6.609960645437240601e-02
1.782663730409694836e-06 9.999982118606567383e-01
3.259072400396689773e-06 9.999967813491821289e-01
2.499542683362960815e-01 7.500457763671875000e-01
1.207888635690324008e-05 9.999879598617553711e-01
6.171163931867340580e-06 9.999938011169433594e-01
2.336268380531691946e-06 9.999976158142089844e-01
8.015877028810791671e-06 9.999920129776000977e-01
1.157399765361333266e-06 9.999988079071044922e-01
9.560269063513260335e-06 9.999904632568359375e-01
1.822611125135153998e-06 9.999982118606567383e-01
6.695336103439331055e-01 3.304663896560668945e-01
2.421718672849237919e-04 9.997578263282775879e-01
3.177982534907641821e-06 9.999967813491821289e-01
1.301642358303070068e-01 8.698357343673706055e-01
2.166218837373889983e-05 9.999783039093017578e-01
3.083835542201995850e-01 6.916164159774780273e-01
1.084849827748257667e-06 9.999989271163940430e-01
1.439975585526553914e-05 9.999855756759643555e-01
5.925842560827732086e-04 9.994074106216430664e-01
1.314436940447194502e-05 9.999868869781494141e-01
1.606844307389110327e-05 9.999839067459106445e-01
6.569317520188633353e-06 9.999934434890747070e-01
3.750792075152276084e-06 9.999963045120239258e-01
2.639982994878664613e-05 9.999736547470092773e-01
3.810316002272884361e-06 9.999961853027343750e-01
2.227888671768596396e-06 9.999977350234985352e-01
1.680565765127539635e-05 9.999831914901733398e-01
1.513821654953062534e-03 9.984862208366394043e-01
5.161273293197154999e-06 9.999948740005493164e-01
9.999568646890111268e-06 9.999899864196777344e-01
1.382480841130018234e-02 9.861751794815063477e-01
6.879371994727989659e-06 9.999930858612060547e-01
1.181386210191703867e-06 9.999988079071044922e-01
7.908231054898351431e-06 9.999921321868896484e-01
4.368279405753128231e-06 9.999955892562866211e-01
3.985753664892399684e-06 9.999960660934448242e-01
3.489408072709920816e-06 9.999965429306030273e-01
9.830394387245178223e-01 1.696047931909561157e-02
1.242703547177370638e-05 9.999876022338867188e-01
1.711383811198174953e-05 9.999828338623046875e-01
4.188340881228214130e-06 9.999958276748657227e-01
1.337681396762491204e-06 9.999986886978149414e-01
5.885715381737099960e-06 9.999941587448120117e-01
2.771302888504578732e-06 9.999972581863403320e-01
1.022651304083410650e-05 9.999897480010986328e-01
1.898207415251818020e-06 9.999980926513671875e-01
1.115798227147024591e-06 9.999989271163940430e-01
3.840157660306431353e-05 9.999616146087646484e-01
2.382528691668994725e-06 9.999976158142089844e-01
6.342645065160468221e-06 9.999936819076538086e-01
3.815654054051265121e-06 9.999961853027343750e-01
3.645387589931488037e-01 6.354612112045288086e-01
9.781037988432217389e-06 9.999902248382568359e-01
1.641653170736390166e-06 9.999983310699462891e-01
4.266222276783082634e-06 9.999957084655761719e-01
4.017232358455657959e-01 5.982767343521118164e-01
5.506823526957305148e-06 9.999945163726806641e-01
3.413810418351204135e-06 9.999965429306030273e-01
1.391473142575705424e-05 9.999860525131225586e-01
2.575203552623861469e-06 9.999973773956298828e-01
1.952372440428007394e-05 9.999804496765136719e-01
4.062710104335565120e-06 9.999959468841552734e-01
9.989558458328247070e-01 1.044158125296235085e-03
9.941990375518798828e-01 5.800947546958923340e-03
8.455902388959657401e-06 9.999915361404418945e-01
1.050177343131508678e-05 9.999895095825195312e-01
1.616102963453158736e-06 9.999983310699462891e-01
2.328906022012233734e-02 9.767109751701354980e-01
1.517465570941567421e-04 9.998482465744018555e-01
6.135157491371501237e-06 9.999939203262329102e-01
1.568529000905982684e-06 9.999984502792358398e-01
6.014118753228103742e-06 9.999940395355224609e-01
3.598508783397846855e-06 9.999964237213134766e-01
1.366248170597827993e-06 9.999986886978149414e-01
2.914482820415287279e-06 9.999971389770507812e-01
1.419929776602657512e-05 9.999858140945434570e-01
5.771369615104049444e-06 9.999942779541015625e-01
3.774690412683412433e-06 9.999961853027343750e-01
9.999394416809082031e-01 6.052423486835323274e-05
6.080670356750488281e-01 3.919330239295959473e-01
4.899606210528872907e-06 9.999951124191284180e-01
5.619619059871183708e-06 9.999943971633911133e-01
6.846830365248024464e-04 9.993153810501098633e-01
5.132304067956283689e-06 9.999948740005493164e-01
3.467781880317488685e-06 9.999965429306030273e-01
1.554440314066596329e-05 9.999845027923583984e-01
9.837455763772595674e-06 9.999901056289672852e-01
2.405138957328745164e-06 9.999976158142089844e-01
3.891809028573334217e-04 9.996108412742614746e-01
2.536047986723133363e-06 9.999974966049194336e-01
1.847736029958468862e-06 9.999982118606567383e-01
5.124537437950493768e-06 9.999948740005493164e-01
2.631525603646878153e-06 9.999973773956298828e-01
3.958584784413687885e-06 9.999960660934448242e-01
2.348753923797630705e-06 9.999976158142089844e-01
1.271396649826783687e-05 9.999872446060180664e-01
2.335013705305755138e-04 9.997665286064147949e-01
9.674298780737444758e-06 9.999903440475463867e-01
6.466656486736610532e-06 9.999935626983642578e-01
5.886539001949131489e-04 9.994113445281982422e-01
5.751578555646119639e-06 9.999942779541015625e-01
5.772095846623415127e-06 9.999942779541015625e-01
1.088412864191923290e-05 9.999891519546508789e-01
5.375448381528258324e-06 9.999946355819702148e-01
2.297461964190006256e-02 9.770253896713256836e-01
1.138993957283673808e-05 9.999885559082031250e-01
3.687172920763259754e-06 9.999963045120239258e-01
1.083921119970909785e-06 9.999989271163940430e-01
3.674950078129768372e-02 9.632505178451538086e-01
4.194480879959883168e-06 9.999958276748657227e-01
4.758423074235906824e-06 9.999952316284179688e-01
2.361286078667035326e-06 9.999976158142089844e-01
3.407747019082307816e-03 9.965922236442565918e-01
1.297937251365510747e-05 9.999870061874389648e-01
3.500199236441403627e-04 9.996500015258789062e-01
2.029170445894123986e-06 9.999979734420776367e-01
6.081786523282062262e-07 9.999994039535522461e-01
3.694804263432160951e-06 9.999963045120239258e-01
3.991470293840393424e-06 9.999960660934448242e-01
8.798876478977035731e-06 9.999911785125732422e-01
3.290104359621182084e-06 9.999966621398925781e-01
9.099164344661403447e-06 9.999909400939941406e-01
7.339606327150249854e-06 9.999926090240478516e-01
4.250793153914855793e-06 9.999957084655761719e-01
8.295198313135188073e-06 9.999916553497314453e-01
1.083839742932468653e-05 9.999891519546508789e-01
3.492351197564858012e-06 9.999965429306030273e-01
3.412661499169189483e-06 9.999965429306030273e-01
1.091953890863806009e-05 9.999890327453613281e-01
7.951289262564387172e-06 9.999920129776000977e-01
1.179220907943090424e-05 9.999881982803344727e-01
2.003614354180172086e-04 9.997996687889099121e-01
7.088996171951293945e-01 2.911003530025482178e-01
2.278065039718057960e-06 9.999977350234985352e-01
2.258086169604212046e-05 9.999774694442749023e-01
2.720423708524322137e-06 9.999972581863403320e-01
6.333639472723007202e-02 9.366635680198669434e-01
2.787546009130892344e-06 9.999972581863403320e-01
9.996315240859985352e-01 3.684426192194223404e-04
4.723928577732294798e-05 9.999527931213378906e-01
3.900152660207822919e-05 9.999610185623168945e-01
5.382871677284128964e-06 9.999946355819702148e-01
1.787280211829056498e-06 9.999982118606567383e-01
4.971745423972606659e-03 9.950283169746398926e-01
9.583254456520080566e-01 4.167459532618522644e-02
1.316215616498084273e-06 9.999986886978149414e-01
2.723946636251639575e-06 9.999972581863403320e-01
9.780739434063434601e-03 9.902192950248718262e-01
5.373951807996490970e-06 9.999946355819702148e-01
6.851938906038412824e-06 9.999932050704956055e-01
6.519995331764221191e-01 3.480004966259002686e-01
3.193498514519887976e-06 9.999967813491821289e-01
9.282137155532836914e-01 7.178626209497451782e-02
1.435797457816079259e-06 9.999985694885253906e-01
9.175201967082102783e-07 9.999990463256835938e-01
3.153666739308391698e-06 9.999969005584716797e-01
4.977541721018496901e-06 9.999949932098388672e-01
5.468853942147688940e-06 9.999945163726806641e-01
3.225852651667082682e-06 9.999967813491821289e-01
3.168060175084974617e-06 9.999967813491821289e-01
1.196303219330729917e-05 9.999880790710449219e-01
5.093743766337865964e-06 9.999948740005493164e-01
2.160118583560688421e-06 9.999978542327880859e-01
2.183965444564819336e-01 7.816035151481628418e-01
1.614771917957114056e-06 9.999983310699462891e-01
7.866249234211863950e-07 9.999991655349731445e-01
4.306941718823509291e-06 9.999957084655761719e-01
1.708436684566549957e-06 9.999983310699462891e-01
9.722045063972473145e-01 2.779554575681686401e-02
8.812219675746746361e-06 9.999911785125732422e-01
1.298491770285181701e-05 9.999870061874389648e-01
1.510647052782587707e-05 9.999848604202270508e-01
1.563491241540759802e-05 9.999843835830688477e-01
1.688913835096172988e-05 9.999830722808837891e-01
2.160739131795708090e-05 9.999784231185913086e-01
4.897215148957911879e-07 9.999995231628417969e-01
5.067603069619508460e-06 9.999948740005493164e-01
8.976577191788237542e-06 9.999910593032836914e-01
1.141717075370252132e-05 9.999885559082031250e-01
2.534921350161312148e-06 9.999974966049194336e-01
1.439165589545154944e-05 9.999855756759643555e-01
3.940444912586826831e-06 9.999960660934448242e-01
2.726646926021203399e-06 9.999972581863403320e-01
1.889564828161383048e-06 9.999980926513671875e-01
1.621922365302452818e-06 9.999983310699462891e-01
9.008139022625982761e-05 9.999098777770996094e-01
6.001055680826539174e-06 9.999940395355224609e-01
6.910632691869977862e-06 9.999930858612060547e-01
3.042855496460106224e-06 9.999969005584716797e-01
3.325818397570401430e-06 9.999966621398925781e-01
3.148194537061499432e-06 9.999969005584716797e-01
2.985396122312522493e-06 9.999970197677612305e-01
1.395113849866902456e-05 9.999860525131225586e-01
9.994891881942749023e-01 5.108097684569656849e-04
4.160355274507310241e-06 9.999958276748657227e-01
2.196765080952900462e-06 9.999978542327880859e-01
5.513660653377883136e-06 9.999945163726806641e-01
4.870526936429087073e-06 9.999951124191284180e-01
6.689972451567882672e-06 9.999933242797851562e-01
5.198100805282592773e-01 4.801898896694183350e-01
4.333172459155321121e-03 9.956668615341186523e-01
9.964058399200439453e-01 3.594212234020233154e-03
1.052818633615970612e-02 9.894717335700988770e-01
4.212255134916631505e-06 9.999958276748657227e-01
7.677761459490284324e-06 9.999923706054687500e-01
1.256604377886105794e-06 9.999986886978149414e-01
2.886823040171293542e-06 9.999971389770507812e-01
1.216322289110394195e-05 9.999878406524658203e-01
3.597283694034558721e-06 9.999964237213134766e-01
6.635024874412920326e-06 9.999933242797851562e-01
1.118279305956093594e-05 9.999887943267822266e-01
1.232753220392623916e-06 9.999988079071044922e-01
7.297840511455433443e-06 9.999927282333374023e-01
1.934415427967905998e-03 9.980655312538146973e-01
9.954695997294038534e-06 9.999899864196777344e-01
3.652176474133739248e-06 9.999963045120239258e-01
1.169027655123500153e-06 9.999988079071044922e-01
5.001719728170428425e-06 9.999949932098388672e-01
1.269470430997898802e-05 9.999873638153076172e-01
8.103212894639000297e-05 9.999189376831054688e-01
3.524803742766380310e-02 9.647519588470458984e-01
1.904917098727310076e-06 9.999980926513671875e-01
8.945818990468978882e-06 9.999910593032836914e-01
1.954127219505608082e-05 9.999804496765136719e-01
1.057379813573788851e-05 9.999893903732299805e-01
6.633576049352996051e-06 9.999933242797851562e-01
5.529056579689495265e-06 9.999945163726806641e-01
4.773042798042297363e-01 5.226957201957702637e-01
9.922935962677001953e-01 7.706352509558200836e-03
6.186667633301112801e-06 9.999938011169433594e-01
9.831435818341560662e-06 9.999902248382568359e-01
2.563339658081531525e-04 9.997436404228210449e-01
5.684483767254278064e-06 9.999942779541015625e-01
1.053903633874142542e-05 9.999895095825195312e-01
8.437298788521729875e-07 9.999991655349731445e-01
2.240857156721176580e-06 9.999977350234985352e-01
4.875341346632922068e-06 9.999951124191284180e-01
6.367694368236698210e-06 9.999936819076538086e-01
1.232213617186062038e-05 9.999877214431762695e-01
3.369071009728941135e-06 9.999966621398925781e-01
7.517357516917400062e-06 9.999924898147583008e-01
3.244329946028301492e-06 9.999967813491821289e-01
9.762217402458190918e-01 2.377830818295478821e-02
2.141342747563612647e-06 9.999978542327880859e-01
2.094579258482553996e-06 9.999978542327880859e-01
7.236430064949672669e-06 9.999927282333374023e-01
9.924239479005336761e-03 9.900757670402526855e-01
3.160968162774224766e-06 9.999967813491821289e-01
3.446381697358447127e-06 9.999965429306030273e-01
2.128997948602773249e-05 9.999786615371704102e-01
3.941140221286332235e-06 9.999960660934448242e-01
1.860956672317115590e-06 9.999980926513671875e-01
2.566199004650115967e-02 9.743379950523376465e-01
1.359686621071887203e-06 9.999986886978149414e-01
7.565760824945755303e-06 9.999924898147583008e-01
7.893612746556755155e-06 9.999921321868896484e-01
6.675454974174499512e-02 9.332454204559326172e-01
2.659249678254127502e-02 9.734075069427490234e-01
8.139893907355144620e-06 9.999918937683105469e-01
6.065352408768376336e-06 9.999939203262329102e-01
2.948569817817769945e-05 9.999705553054809570e-01
1.147023340308805928e-05 9.999885559082031250e-01
2.988085043398314156e-06 9.999970197677612305e-01
2.174457185901701450e-04 9.997826218605041504e-01
2.888739800255279988e-06 9.999971389770507812e-01
5.350223779678344727e-01 4.649776518344879150e-01
6.597193532797973603e-06 9.999934434890747070e-01
2.771593699435470626e-06 9.999972581863403320e-01
1.468643586122198030e-05 9.999853372573852539e-01
7.190302014350891113e-01 2.809697985649108887e-01
9.251078367233276367e-01 7.489217817783355713e-02
7.479613941541174427e-06 9.999924898147583008e-01
1.947814325831132010e-06 9.999980926513671875e-01
3.051555950150941499e-06 9.999969005584716797e-01
3.814111323663382791e-06 9.999961853027343750e-01
1.305458454226027243e-06 9.999986886978149414e-01
7.466888973794993944e-07 9.999992847442626953e-01
4.686107331508537754e-06 9.999953508377075195e-01
2.957085825983085670e-06 9.999970197677612305e-01
8.863282799720764160e-01 1.136717498302459717e-01
9.028654858411755413e-06 9.999909400939941406e-01
1.080994479707442224e-06 9.999989271163940430e-01
5.050389518146403134e-06 9.999949932098388672e-01
1.670013489274424501e-06 9.999983310699462891e-01
1.725975835142889991e-06 9.999983310699462891e-01
4.290535798645578325e-06 9.999957084655761719e-01
1.573139707033988088e-05 9.999842643737792969e-01
9.878957271575927734e-01 1.210431382060050964e-02
1.161797445092815906e-05 9.999884366989135742e-01
3.309672138129826635e-06 9.999966621398925781e-01
4.670941962103825063e-06 9.999953508377075195e-01
5.666598305106163025e-02 9.433339834213256836e-01
1.333081399934599176e-05 9.999866485595703125e-01
7.812221156200394034e-06 9.999921321868896484e-01
1.998661673496826552e-06 9.999979734420776367e-01
3.508066811264143325e-06 9.999965429306030273e-01
3.687788421302684583e-06 9.999963045120239258e-01
1.635649141462636180e-06 9.999983310699462891e-01
1.306706781178945675e-05 9.999868869781494141e-01
2.122998557751998305e-05 9.999787807464599609e-01
9.038580174092203379e-06 9.999909400939941406e-01
8.287714719772338867e-01 1.712284684181213379e-01
2.664312660272116773e-06 9.999973773956298828e-01
7.163708232837961987e-06 9.999928474426269531e-01
7.828867637726943940e-06 9.999921321868896484e-01
1.342071685940027237e-03 9.986579418182373047e-01
2.850544206012273207e-06 9.999971389770507812e-01
5.304307705955579877e-06 9.999947547912597656e-01
9.994488358497619629e-01 5.511626950465142727e-04
4.956575594405876473e-06 9.999949932098388672e-01
2.721363216551253572e-06 9.999972581863403320e-01
6.375702923833159730e-06 9.999936819076538086e-01
3.781761042773723602e-04 9.996217489242553711e-01
4.346761670603882521e-06 9.999957084655761719e-01
1.257897906725702342e-06 9.999986886978149414e-01
1.467387308366596699e-03 9.985326528549194336e-01
3.978888690471649170e-01 6.021111011505126953e-01
6.372134521370753646e-06 9.999936819076538086e-01
1.474217395298182964e-03 9.985257983207702637e-01
1.142068867920897901e-05 9.999885559082031250e-01
4.299914289731532335e-04 9.995699524879455566e-01
1.548622094560414553e-05 9.999845027923583984e-01
1.661264263930206653e-06 9.999983310699462891e-01
3.144638640151242726e-06 9.999969005584716797e-01
1.972989365458488464e-02 9.802701473236083984e-01
1.797188588170683943e-06 9.999982118606567383e-01
1.806135173865186516e-06 9.999982118606567383e-01
5.601059001492103562e-06 9.999943971633911133e-01
4.849900506087578833e-06 9.999951124191284180e-01
1.521731428510975093e-05 9.999847412109375000e-01
1.476350444136187434e-04 9.998522996902465820e-01
9.732299986353609711e-06 9.999902248382568359e-01
8.846718668937683105e-01 1.153281778097152710e-01
3.169728151988238096e-04 9.996830224990844727e-01
2.830808625731151551e-06 9.999971389770507812e-01
9.416445158421993256e-03 9.905835390090942383e-01
5.799552582175238058e-06 9.999941587448120117e-01
1.043407223733083811e-06 9.999989271163940430e-01
1.196278753923252225e-04 9.998803138732910156e-01
1.963407612493028864e-06 9.999980926513671875e-01
2.516965196264209226e-06 9.999974966049194336e-01
3.303932544440613128e-06 9.999966621398925781e-01
6.976785243750782683e-06 9.999929666519165039e-01
3.388039203855441883e-06 9.999966621398925781e-01
4.574373178911628202e-06 9.999954700469970703e-01
3.012853994732722640e-06 9.999970197677612305e-01
3.541087380654062144e-06 9.999964237213134766e-01
7.054805610096082091e-05 9.999294281005859375e-01
2.582352161407470703e-01 7.417647838592529297e-01
2.842824459075927734e-01 7.157175540924072266e-01
2.832950258380151354e-06 9.999971389770507812e-01
1.807296276092529297e-02 9.819270968437194824e-01
2.988877440657233819e-06 9.999970197677612305e-01
1.136442097049439326e-05 9.999886751174926758e-01
8.007181691027653869e-07 9.999991655349731445e-01
3.371999127921299078e-06 9.999966621398925781e-01
9.010514077090192586e-06 9.999909400939941406e-01
1.752039497660007328e-05 9.999824762344360352e-01
3.405151574042974971e-06 9.999965429306030273e-01
6.543581548612564802e-06 9.999934434890747070e-01
3.214735215806285851e-06 9.999967813491821289e-01
5.764625711890403181e-06 9.999942779541015625e-01
6.347619091684464365e-06 9.999936819076538086e-01
1.242359940079040825e-05 9.999876022338867188e-01
9.982880949974060059e-01 1.711859600618481636e-03
3.375079631805419922e-01 6.624920368194580078e-01
9.876569038169691339e-07 9.999990463256835938e-01
3.690405947054387070e-06 9.999963045120239258e-01
6.256408369154087268e-07 9.999994039535522461e-01
6.701006441289791837e-06 9.999933242797851562e-01
3.846706931653898209e-06 9.999961853027343750e-01
3.033488155779195949e-06 9.999970197677612305e-01
9.718573838472366333e-02 9.028142690658569336e-01
2.997581077579525299e-06 9.999970197677612305e-01
1.741868436511140317e-05 9.999825954437255859e-01
6.020654836902394891e-06 9.999939203262329102e-01
4.518662989139556885e-01 5.481336712837219238e-01
5.947545105300378054e-06 9.999940395355224609e-01
1.326561596215469763e-05 9.999867677688598633e-01
1.954877525568008423e-01 8.045122027397155762e-01
1.270340662449598312e-02 9.872965812683105469e-01
1.240055439666321035e-06 9.999988079071044922e-01
1.076048647519201040e-05 9.999892711639404297e-01
3.791886001636157744e-06 9.999961853027343750e-01
6.739092441421234980e-06 9.999932050704956055e-01
9.999139308929443359e-01 8.610289660282433033e-05
4.999301836505765095e-06 9.999949932098388672e-01
2.536938154662493616e-06 9.999974966049194336e-01
1.934354258992243558e-06 9.999980926513671875e-01
1.299458108405815437e-05 9.999870061874389648e-01
8.531491403118707240e-06 9.999914169311523438e-01
9.944649338722229004e-01 5.535056814551353455e-03
9.943798184394836426e-01 5.620209500193595886e-03
7.597951684147119522e-03 9.924020767211914062e-01
2.847099267455632798e-06 9.999971389770507812e-01
2.102803364323335700e-06 9.999978542327880859e-01
6.901242770254611969e-03 9.930987954139709473e-01
4.822357823286438361e-06 9.999952316284179688e-01
1.788629106158623472e-06 9.999982118606567383e-01
3.134396299719810486e-02 9.686560630798339844e-01
2.082159370183944702e-02 9.791784286499023438e-01
1.036744797602295876e-03 9.989632368087768555e-01
2.706509349081898108e-06 9.999972581863403320e-01
3.753414830498513766e-06 9.999963045120239258e-01
5.216044883127324283e-06 9.999947547912597656e-01
9.998997449874877930e-01 1.002173594315536320e-04
1.621911451366031542e-06 9.999983310699462891e-01
9.869998097419738770e-01 1.300015952438116074e-02
8.500105738639831543e-01 1.499893963336944580e-01
3.081296654272591695e-06 9.999969005584716797e-01
7.088464826665585861e-06 9.999929666519165039e-01
3.490076633170247078e-03 9.965099692344665527e-01
1.670897472649812698e-05 9.999833106994628906e-01
6.921634394529974088e-06 9.999930858612060547e-01
4.912257736577885225e-06 9.999951124191284180e-01
1.637731202208669856e-06 9.999983310699462891e-01
2.009763920796103776e-05 9.999798536300659180e-01
2.560417897257138975e-06 9.999974966049194336e-01
3.503874040688970126e-06 9.999965429306030273e-01
1.698142476379871368e-02 9.830186367034912109e-01
3.310761451721191406e-01 6.689239144325256348e-01
9.936932656273711473e-06 9.999901056289672852e-01
5.915014753554714844e-06 9.999940395355224609e-01
6.827479004859924316e-01 3.172520995140075684e-01
7.810835086274892092e-06 9.999921321868896484e-01
3.921296411135699600e-06 9.999960660934448242e-01
8.171239187504397705e-07 9.999991655349731445e-01
3.706167944983462803e-06 9.999963045120239258e-01
8.653205037117004395e-01 1.346795260906219482e-01
5.438988409878220409e-06 9.999945163726806641e-01
2.067482000711606815e-06 9.999979734420776367e-01
1.319264356425264850e-05 9.999867677688598633e-01
1.238011236637248658e-06 9.999988079071044922e-01
3.936775101465173066e-06 9.999960660934448242e-01
3.022376631633960642e-06 9.999970197677612305e-01
5.065945970272878185e-06 9.999949932098388672e-01
1.947307055161218159e-06 9.999980926513671875e-01
8.013469596335198730e-06 9.999920129776000977e-01
1.720280852168798447e-05 9.999828338623046875e-01
3.117698361165821552e-05 9.999687671661376953e-01
9.931190013885498047e-01 6.881036330014467239e-03
1.026850222842767835e-04 9.998973608016967773e-01
4.951491973770316690e-06 9.999949932098388672e-01
1.993843034142628312e-05 9.999800920486450195e-01
2.980093995574861765e-06 9.999970197677612305e-01
2.873950961657101288e-06 9.999971389770507812e-01
3.254901002947008237e-06 9.999967813491821289e-01
3.558467824404942803e-06 9.999964237213134766e-01
9.989116191864013672e-01 1.088379183784127235e-03
5.251968559605302289e-06 9.999947547912597656e-01
2.104937302647158504e-04 9.997895359992980957e-01
1.134503804678388406e-06 9.999988079071044922e-01
1.628318500479508657e-06 9.999983310699462891e-01
1.046226088874391280e-06 9.999989271163940430e-01
9.577508171787485480e-05 9.999042749404907227e-01
8.287457603728398681e-06 9.999916553497314453e-01
1.039647713696467690e-06 9.999989271163940430e-01
2.516175118216779083e-05 9.999748468399047852e-01
1.727108724480785895e-06 9.999983310699462891e-01
1.712436414891271852e-06 9.999983310699462891e-01
5.833956493006553501e-06 9.999941587448120117e-01
9.104043245315551758e-03 9.908959269523620605e-01
8.300326953758485615e-06 9.999916553497314453e-01
4.079778136656386778e-06 9.999959468841552734e-01
2.404362196102738380e-03 9.975956082344055176e-01
4.567002179101109505e-06 9.999954700469970703e-01
9.689481854438781738e-01 3.105175681412220001e-02
1.814763527363538742e-05 9.999818801879882812e-01
7.044911384582519531e-02 9.295508265495300293e-01
3.245936341045307927e-06 9.999967813491821289e-01
2.139913931387127377e-06 9.999978542327880859e-01
2.090984708047471941e-06 9.999978542327880859e-01
2.731112999754259363e-06 9.999972581863403320e-01
3.596930582716595381e-06 9.999964237213134766e-01
5.643996132675965782e-07 9.999994039535522461e-01
1.859257167780015152e-06 9.999980926513671875e-01
2.533207589294761419e-04 9.997466206550598145e-01
4.185440484434366226e-04 9.995815157890319824e-01
2.988806045323144644e-06 9.999970197677612305e-01
5.709110610041534528e-06 9.999942779541015625e-01
3.379684130777604878e-06 9.999966621398925781e-01
1.081309255823725834e-05 9.999891519546508789e-01
5.804874308523721993e-05 9.999419450759887695e-01
4.660968203097581863e-03 9.953390359878540039e-01
2.162047621823148802e-06 9.999978542327880859e-01
5.997548669256502762e-06 9.999940395355224609e-01
9.994326392188668251e-04 9.990006089210510254e-01
9.222379326820373535e-01 7.776200771331787109e-02
9.753770200404687785e-07 9.999990463256835938e-01
1.927173696458339691e-02 9.807282686233520508e-01
1.348521072941366583e-05 9.999865293502807617e-01
2.768265176200657152e-06 9.999972581863403320e-01
1.453881850466132164e-05 9.999854564666748047e-01
1.780094976311374921e-06 9.999982118606567383e-01
9.799739927984774113e-06 9.999902248382568359e-01
4.962899765814654529e-06 9.999949932098388672e-01
2.474552047715405934e-06 9.999974966049194336e-01
3.358721869517466985e-06 9.999966621398925781e-01
3.133608400821685791e-01 6.866391301155090332e-01
9.345785656478255987e-07 9.999990463256835938e-01
2.484557444404345006e-05 9.999752044677734375e-01
1.650360673011164181e-06 9.999983310699462891e-01
9.459663488087244332e-06 9.999905824661254883e-01
1.205039588967338204e-04 9.998794794082641602e-01
8.516291927662678063e-06 9.999915361404418945e-01
2.240844423795351759e-06 9.999977350234985352e-01
2.724541673160274513e-06 9.999972581863403320e-01
4.435098162502981722e-06 9.999955892562866211e-01
2.272917918162420392e-04 9.997727274894714355e-01
2.197984713347977959e-06 9.999978542327880859e-01
3.045456423933501355e-06 9.999969005584716797e-01
1.311719643126707524e-05 9.999868869781494141e-01
2.837703732438967563e-06 9.999971389770507812e-01
1.046019224304473028e-05 9.999895095825195312e-01
4.012602403236087412e-06 9.999959468841552734e-01
6.525086064357310534e-06 9.999934434890747070e-01
1.967794895172119141e-01 8.032204508781433105e-01
2.769236971289501525e-06 9.999972581863403320e-01
3.963701601605862379e-04 9.996036887168884277e-01
1.320395949733210728e-05 9.999867677688598633e-01
1.968964852494536899e-06 9.999979734420776367e-01
3.072109620916307904e-06 9.999969005584716797e-01
5.758066545240581036e-04 9.994242191314697266e-01
1.186961981147760525e-05 9.999880790710449219e-01
2.183431206503883004e-05 9.999781847000122070e-01
8.681675353727769107e-06 9.999912977218627930e-01
1.331778359599411488e-03 9.986681938171386719e-01
1.704352143860887736e-06 9.999983310699462891e-01
8.193039320758543909e-06 9.999917745590209961e-01
5.262708327791187912e-06 9.999947547912597656e-01
2.798792365865665488e-06 9.999972581863403320e-01
2.873465973607380874e-06 9.999971389770507812e-01
8.243497177318204194e-06 9.999917745590209961e-01
2.272325195372104645e-02 9.772766828536987305e-01
3.515464868542039767e-06 9.999965429306030273e-01
2.519886791706085205e-01 7.480112910270690918e-01
1.172936845250660554e-05 9.999883174896240234e-01
1.016272449305688497e-06 9.999989271163940430e-01
3.009218744409736246e-06 9.999970197677612305e-01
2.822890792231191881e-06 9.999971389770507812e-01
8.155392424669116735e-05 9.999184608459472656e-01
2.109918341375305317e-06 9.999978542327880859e-01
5.300221801007864997e-06 9.999947547912597656e-01
1.575038550072349608e-05 9.999842643737792969e-01
8.387714842683635652e-06 9.999916553497314453e-01
8.014684681256767362e-06 9.999920129776000977e-01
4.858649845118634403e-06 9.999951124191284180e-01
4.511578481469769031e-06 9.999954700469970703e-01
1.619872637093067169e-04 9.998379945755004883e-01
3.036593852812075056e-06 9.999970197677612305e-01
9.421220056538004428e-06 9.999905824661254883e-01
1.815393625292927027e-05 9.999818801879882812e-01
4.403136244945926592e-06 9.999955892562866211e-01
7.696681677771266550e-06 9.999922513961791992e-01
3.580684715416282415e-04 9.996418952941894531e-01
5.669719939760398120e-06 9.999942779541015625e-01
8.912676094041671604e-06 9.999910593032836914e-01
1.353835500594868790e-06 9.999986886978149414e-01
7.428659046126995236e-06 9.999926090240478516e-01
4.145950242673279718e-06 9.999958276748657227e-01
7.921061296656262130e-06 9.999921321868896484e-01
1.345461555501969997e-06 9.999986886978149414e-01
3.306424332549795508e-05 9.999669790267944336e-01
7.336170256166951731e-06 9.999926090240478516e-01
5.436053015728248283e-06 9.999945163726806641e-01
1.817140514503989834e-06 9.999982118606567383e-01
4.361433088779449463e-01 5.638566613197326660e-01
2.414999244138016365e-06 9.999976158142089844e-01
1.081358504961826839e-06 9.999989271163940430e-01
6.641950221819570288e-06 9.999933242797851562e-01
1.768621295923367143e-04 9.998231530189514160e-01
1.479167349316412583e-05 9.999852180480957031e-01
1.364724425911845174e-06 9.999986886978149414e-01
1.380690810037776828e-05 9.999861717224121094e-01
1.493725631007691845e-05 9.999850988388061523e-01
7.968886166054289788e-06 9.999920129776000977e-01
6.769676474505104125e-06 9.999932050704956055e-01
1.107500611396972090e-05 9.999889135360717773e-01
2.294093746968428604e-06 9.999977350234985352e-01
9.828595466387923807e-06 9.999902248382568359e-01
4.397814791445853189e-06 9.999955892562866211e-01
7.035356247797608376e-05 9.999296665191650391e-01
6.439786830014782026e-06 9.999935626983642578e-01
4.898256808519363403e-02 9.510174393653869629e-01
1.751634840729821008e-06 9.999982118606567383e-01
1.997460640268400311e-05 9.999799728393554688e-01
1.301427528233034536e-05 9.999870061874389648e-01
9.931190013885498047e-01 6.881036330014467239e-03
5.866888538002967834e-02 9.413310885429382324e-01
4.259904017089866102e-06 9.999957084655761719e-01
1.090230140835046768e-02 9.890977144241333008e-01
2.178414433728903532e-06 9.999978542327880859e-01
1.759040023898705840e-04 9.998241066932678223e-01
9.871429028862621635e-06 9.999901056289672852e-01
1.557548437267541885e-02 9.844244718551635742e-01
9.769342541694641113e-01 2.306578680872917175e-02
6.947982456040335819e-06 9.999930858612060547e-01
2.499386482668342069e-06 9.999974966049194336e-01
2.577654377091675997e-04 9.997422099113464355e-01
1.132248257817991544e-06 9.999989271163940430e-01
6.094314358051633462e-06 9.999939203262329102e-01
2.063847432509646751e-06 9.999979734420776367e-01
2.247650991193950176e-05 9.999774694442749023e-01
2.657200023531913757e-02 9.734279513359069824e-01
2.424955255264649168e-06 9.999976158142089844e-01
3.193498514519887976e-06 9.999967813491821289e-01
2.143541451005148701e-06 9.999978542327880859e-01
7.726458534307312220e-06 9.999922513961791992e-01
1.213956056744791567e-05 9.999878406524658203e-01
7.068619597703218460e-03 9.929313659667968750e-01
9.360215067863464355e-01 6.397847831249237061e-02
7.049317900964524597e-06 9.999929666519165039e-01
3.647866658866405487e-03 9.963520765304565430e-01
2.913827074735308997e-06 9.999971389770507812e-01
6.856356776552274823e-06 9.999930858612060547e-01
1.922197639942169189e-02 9.807779788970947266e-01
3.546724883563001640e-06 9.999964237213134766e-01
1.002013141260249540e-05 9.999899864196777344e-01
4.236204404151067138e-06 9.999957084655761719e-01
1.011251970339799300e-05 9.999898672103881836e-01
3.397902846336364746e-02 9.660209417343139648e-01
3.326462092445581220e-06 9.999966621398925781e-01
3.164083636875147931e-06 9.999967813491821289e-01
2.678807049960596487e-06 9.999973773956298828e-01
5.826516826346050948e-06 9.999941587448120117e-01
1.396338393533369526e-05 9.999860525131225586e-01
8.865459676599130034e-06 9.999911785125732422e-01
3.720148242791765369e-06 9.999963045120239258e-01
6.127585493231890723e-06 9.999939203262329102e-01
7.172361016273498535e-03 9.928275942802429199e-01
8.019753295229747891e-06 9.999920129776000977e-01
8.630766387796029449e-06 9.999914169311523438e-01
1.372676979372045025e-05 9.999862909317016602e-01
7.243675668178184424e-07 9.999992847442626953e-01
9.448684751987457275e-03 9.905513525009155273e-01
3.862568974000168964e-06 9.999961853027343750e-01
1.069981408363673836e-05 9.999892711639404297e-01
3.546724883563001640e-06 9.999964237213134766e-01
3.459820436546579003e-05 9.999654293060302734e-01
1.371096550428774208e-05 9.999862909317016602e-01
1.221685215568868443e-05 9.999878406524658203e-01
2.389036126260180026e-06 9.999976158142089844e-01
1.847364364948589355e-05 9.999815225601196289e-01
6.504229077108902857e-06 9.999934434890747070e-01
2.569835714893997647e-06 9.999973773956298828e-01
1.765834531397558749e-05 9.999823570251464844e-01
9.390507329953834414e-06 9.999905824661254883e-01
3.162656639688066207e-06 9.999967813491821289e-01
1.848481588240247220e-05 9.999815225601196289e-01
4.319792878959560767e-06 9.999957084655761719e-01
1.932302211571368389e-06 9.999980926513671875e-01
2.021774707827717066e-05 9.999797344207763672e-01
2.652615122497081757e-02 9.734738469123840332e-01
9.728198165248613805e-06 9.999902248382568359e-01
8.968190741143189371e-06 9.999910593032836914e-01
4.376915512693813071e-06 9.999955892562866211e-01
1.262279786169528961e-02 9.873772263526916504e-01
1.701684552244842052e-03 9.982983469963073730e-01
8.262521077995188534e-06 9.999917745590209961e-01
9.998604059219360352e-01 1.395753788528963923e-04
3.238521516323089600e-02 9.676148295402526855e-01
1.111659184971358627e-05 9.999889135360717773e-01
3.567472276699845679e-06 9.999964237213134766e-01
2.118225384037941694e-04 9.997882246971130371e-01
2.670412868610583246e-06 9.999973773956298828e-01
3.350599172335932963e-06 9.999966621398925781e-01
8.827863666738267057e-07 9.999991655349731445e-01
3.346572157170157880e-06 9.999966621398925781e-01
6.281492005655309185e-06 9.999936819076538086e-01
2.083536004647612572e-03 9.979165196418762207e-01
6.239311915123835206e-06 9.999938011169433594e-01
5.941632025496801361e-06 9.999940395355224609e-01
2.376979864493478090e-06 9.999976158142089844e-01
9.836508070293348283e-06 9.999901056289672852e-01
9.944031238555908203e-01 5.596823059022426605e-03
8.784178135101683438e-06 9.999911785125732422e-01
7.267192358995089307e-06 9.999927282333374023e-01
1.310889365413459018e-05 9.999868869781494141e-01
1.563065211485081818e-06 9.999984502792358398e-01
5.912087544857058674e-06 9.999940395355224609e-01
1.542387604713439941e-01 8.457612991333007812e-01
7.851388545532245189e-06 9.999921321868896484e-01
1.296750633628107607e-05 9.999870061874389648e-01
1.201043371111154556e-02 9.879895448684692383e-01
5.227926976658636704e-06 9.999947547912597656e-01
7.508787803089944646e-06 9.999924898147583008e-01
9.985596537590026855e-01 1.440410618670284748e-03
5.970965503365732729e-06 9.999940395355224609e-01
9.576825541444122791e-04 9.990423321723937988e-01
2.045256906058057211e-06 9.999979734420776367e-01
1.199016969621879980e-05 9.999879598617553711e-01
6.458848019974539056e-06 9.999935626983642578e-01
4.422161509864963591e-06 9.999955892562866211e-01
1.946648080775048584e-05 9.999805688858032227e-01
2.350051090616034344e-06 9.999976158142089844e-01
1.805234700441360474e-01 8.194765448570251465e-01
2.132298959622858092e-06 9.999978542327880859e-01
2.875348087400197983e-03 9.971246123313903809e-01
5.118452008900931105e-06 9.999948740005493164e-01
3.326106934764538892e-06 9.999966621398925781e-01
2.560750090196961537e-06 9.999974966049194336e-01
9.958211183547973633e-01 4.178811796009540558e-03
2.886730180762242526e-05 9.999711513519287109e-01
1.630338281393051147e-01 8.369661569595336914e-01
4.582227766513824463e-02 9.541777372360229492e-01
3.021295924554578960e-06 9.999970197677612305e-01
6.404209216270828620e-06 9.999935626983642578e-01
1.118260115617886186e-05 9.999887943267822266e-01
1.175183933810330927e-05 9.999881982803344727e-01
1.071709448297042400e-05 9.999892711639404297e-01
2.194851049353019334e-06 9.999978542327880859e-01
1.872753273346461356e-06 9.999980926513671875e-01
2.013175617321394384e-06 9.999979734420776367e-01
4.195640940451994538e-06 9.999958276748657227e-01
9.356602959087467752e-07 9.999990463256835938e-01
1.798237099137622863e-05 9.999819993972778320e-01
1.158496388597995974e-06 9.999988079071044922e-01
1.810084722819738090e-05 9.999818801879882812e-01
2.269253172926255502e-06 9.999977350234985352e-01
1.207703007821692154e-06 9.999988079071044922e-01
1.107520688492513727e-06 9.999989271163940430e-01
1.029029255732893944e-03 9.989709854125976562e-01
1.428364068269729614e-01 8.571636676788330078e-01
2.976779342134250328e-06 9.999970197677612305e-01
9.995716214179992676e-01 4.283468297217041254e-04
1.628827885724604130e-04 9.998370409011840820e-01
3.155200829496607184e-06 9.999969005584716797e-01
1.062589262801338919e-06 9.999989271163940430e-01
4.574582362693035975e-06 9.999954700469970703e-01
9.356494047096930444e-06 9.999907016754150391e-01
1.417640894651412964e-01 8.582358956336975098e-01
1.466309868192183785e-06 9.999985694885253906e-01
1.303482076764339581e-05 9.999870061874389648e-01
1.816245821828488261e-05 9.999818801879882812e-01
1.647391627557226457e-06 9.999983310699462891e-01
4.679877747548744082e-06 9.999953508377075195e-01
1.064846946974284947e-05 9.999893903732299805e-01
2.971052936118212529e-06 9.999970197677612305e-01
6.108645720814820379e-06 9.999939203262329102e-01
6.723449132550740615e-06 9.999933242797851562e-01
5.432601028587669134e-06 9.999945163726806641e-01
1.722302499729266856e-06 9.999983310699462891e-01
1.498819619882851839e-05 9.999849796295166016e-01
1.221277398144593462e-05 9.999878406524658203e-01
2.487935853423550725e-05 9.999750852584838867e-01
8.230457751778885722e-06 9.999917745590209961e-01
9.945218563079833984e-01 5.478074308484792709e-03
9.144826435658615083e-06 9.999908208847045898e-01
8.343006811628583819e-06 9.999916553497314453e-01
4.428246938914526254e-06 9.999955892562866211e-01
7.344858204305637628e-06 9.999926090240478516e-01
2.407224883427261375e-06 9.999976158142089844e-01
7.048511179164052010e-06 9.999929666519165039e-01
1.348366029560565948e-03 9.986516833305358887e-01
1.784781125024892390e-05 9.999821186065673828e-01
3.017135336995124817e-02 9.698287248611450195e-01
6.034576927049783990e-06 9.999939203262329102e-01
2.769067805274971761e-06 9.999972581863403320e-01
2.724749492699629627e-06 9.999972581863403320e-01
9.789716386876534671e-06 9.999902248382568359e-01
8.413318937527947128e-06 9.999915361404418945e-01
1.336816694674780592e-05 9.999866485595703125e-01
1.640222876631014515e-06 9.999983310699462891e-01
4.796901066583814099e-06 9.999952316284179688e-01
1.705793329165317118e-05 9.999829530715942383e-01
1.475666635997185949e-06 9.999985694885253906e-01
1.247713953489437699e-06 9.999988079071044922e-01
3.756540536414831877e-06 9.999961853027343750e-01
3.855551403830759227e-05 9.999614953994750977e-01
2.975652478198753670e-06 9.999970197677612305e-01
4.107539098185952753e-06 9.999959468841552734e-01
6.681875220237998292e-06 9.999933242797851562e-01
2.953560169771662913e-06 9.999970197677612305e-01
7.607366114825708792e-07 9.999992847442626953e-01
4.497007466852664948e-06 9.999954700469970703e-01
7.720587746007367969e-06 9.999922513961791992e-01
8.069377508945763111e-05 9.999192953109741211e-01
7.016566996753681451e-06 9.999929666519165039e-01
5.998989581712521613e-05 9.999400377273559570e-01
1.466273488404112868e-06 9.999985694885253906e-01
2.996526291099144146e-06 9.999970197677612305e-01
1.249643105438735802e-06 9.999988079071044922e-01
7.513297896366566420e-05 9.999248981475830078e-01
4.127577540202764794e-06 9.999958276748657227e-01
4.167558927292702720e-06 9.999958276748657227e-01
6.817295343353180215e-06 9.999932050704956055e-01
5.992373335175216198e-04 9.994007349014282227e-01
1.810904905141796917e-05 9.999818801879882812e-01
2.418043550278525800e-06 9.999976158142089844e-01
5.514121055603027344e-02 9.448587298393249512e-01
1.134225840360159054e-06 9.999988079071044922e-01
9.780474305152893066e-01 2.195263281464576721e-02
5.603885256277862936e-06 9.999943971633911133e-01
4.228414582030382007e-06 9.999958276748657227e-01
3.944114723708480597e-06 9.999960660934448242e-01
7.782181455695535988e-06 9.999922513961791992e-01
7.535202894359827042e-03 9.924647808074951172e-01
2.595490332168992609e-05 9.999740123748779297e-01
3.791625658777775243e-06 9.999961853027343750e-01
3.977688265877077356e-06 9.999960660934448242e-01
2.133381030944292434e-06 9.999978542327880859e-01
6.762339617125689983e-04 9.993238449096679688e-01
8.380222425330430269e-06 9.999916553497314453e-01
1.599405186425428838e-05 9.999840259552001953e-01
5.617261649604188278e-06 9.999943971633911133e-01
2.304794725205283612e-05 9.999769926071166992e-01
3.746359197975834832e-06 9.999963045120239258e-01
9.697434902191162109e-01 3.025648742914199829e-02
1.386623625876381993e-05 9.999861717224121094e-01
1.143361259892117232e-05 9.999885559082031250e-01
1.955943162101902999e-06 9.999980926513671875e-01
2.811461854435037822e-06 9.999971389770507812e-01
1.014078516163863242e-04 9.998985528945922852e-01
1.934487045218702406e-06 9.999980926513671875e-01
9.933699369430541992e-01 6.630074232816696167e-03
5.578875970968510956e-06 9.999943971633911133e-01
1.855435548350214958e-04 9.998144507408142090e-01
9.028492058860138059e-06 9.999909400939941406e-01
5.287333351589040831e-06 9.999947547912597656e-01
1.142102860285376664e-06 9.999988079071044922e-01
2.112354040145874023e-01 7.887645959854125977e-01
4.523762981989420950e-06 9.999954700469970703e-01
1.377265675728267524e-06 9.999985694885253906e-01
1.372334008920006454e-05 9.999862909317016602e-01
3.322283646411960945e-06 9.999966621398925781e-01
9.251490118913352489e-04 9.990748167037963867e-01
1.367924232908990234e-05 9.999862909317016602e-01
9.816117199079599231e-06 9.999902248382568359e-01
4.776054083777125925e-06 9.999952316284179688e-01
1.706113266664033290e-06 9.999983310699462891e-01
2.575700171291828156e-03 9.974243640899658203e-01
1.570931271999143064e-05 9.999842643737792969e-01
9.465168659517075866e-06 9.999905824661254883e-01
2.840183924490702339e-06 9.999971389770507812e-01
2.037218073382973671e-03 9.979628324508666992e-01
5.640231847792165354e-06 9.999943971633911133e-01
2.208119894930860028e-06 9.999977350234985352e-01
1.850010448833927512e-06 9.999980926513671875e-01
4.243828356266021729e-02 9.575616717338562012e-01
2.402259497102932073e-06 9.999976158142089844e-01
7.764855581626761705e-06 9.999922513961791992e-01
4.867016286880243570e-06 9.999951124191284180e-01
7.575766630907310173e-06 9.999923706054687500e-01
3.322388238302664831e-06 9.999966621398925781e-01
5.971597602183464915e-06 9.999940395355224609e-01
1.389074027538299561e-01 8.610925674438476562e-01
3.489008804535842501e-06 9.999965429306030273e-01
3.532577771693468094e-03 9.964674711227416992e-01
5.184301244298694655e-06 9.999948740005493164e-01
1.089068746296106838e-06 9.999989271163940430e-01
5.219448667048709467e-06 9.999947547912597656e-01
2.889822781071416102e-06 9.999971389770507812e-01
1.949704255821416155e-06 9.999980926513671875e-01
7.638542228960432112e-06 9.999923706054687500e-01
4.835306981476605870e-07 9.999995231628417969e-01
8.607463314547203481e-06 9.999914169311523438e-01
9.724394658405799419e-06 9.999902248382568359e-01
7.706030373810790479e-06 9.999922513961791992e-01
1.166845140687655658e-05 9.999883174896240234e-01
8.959710612543858588e-06 9.999910593032836914e-01
5.646678346238331869e-06 9.999943971633911133e-01
8.857640624046325684e-01 1.142359972000122070e-01
9.587632121110800654e-06 9.999904632568359375e-01
2.056008952422416769e-06 9.999979734420776367e-01
4.145714046899229288e-05 9.999585151672363281e-01
7.094002328813076019e-03 9.929059743881225586e-01
6.675626536889467388e-06 9.999933242797851562e-01
2.287567804160062224e-05 9.999771118164062500e-01
8.471566252410411835e-03 9.915283918380737305e-01
1.418157921762031037e-06 9.999985694885253906e-01
3.630452056313515641e-06 9.999964237213134766e-01
1.958373002707958221e-02 9.804162383079528809e-01
1.209938153624534607e-02 9.879006147384643555e-01
9.771415591239929199e-01 2.285839989781379700e-02
4.657297540688887239e-05 9.999533891677856445e-01
3.450515805525355972e-06 9.999965429306030273e-01
1.308645778408390470e-06 9.999986886978149414e-01
3.084825038968119770e-06 9.999969005584716797e-01
1.369559777231188491e-05 9.999862909317016602e-01
8.241614699363708496e-02 9.175838828086853027e-01
1.930094549607019871e-05 9.999806880950927734e-01
1.477317709941416979e-05 9.999852180480957031e-01
5.652433173963800073e-06 9.999943971633911133e-01
7.609233856201171875e-01 2.390766441822052002e-01
4.401415026222821325e-06 9.999955892562866211e-01
9.863712875812780112e-06 9.999901056289672852e-01
5.130679710418917239e-06 9.999948740005493164e-01
1.388246346323285252e-06 9.999985694885253906e-01
2.790065773297101259e-04 9.997209906578063965e-01
4.304059530113590881e-06 9.999957084655761719e-01
7.391854524030350149e-06 9.999926090240478516e-01
6.226757250260561705e-06 9.999938011169433594e-01
1.948530972003936768e-02 9.805147051811218262e-01
3.149533995383535512e-06 9.999969005584716797e-01
4.639779945136979222e-06 9.999953508377075195e-01
3.162632538078469224e-06 9.999967813491821289e-01
1.587791302881669253e-05 9.999841451644897461e-01
1.283548954233992845e-05 9.999871253967285156e-01
1.037097536027431488e-05 9.999896287918090820e-01
2.953543344119680114e-06 9.999970197677612305e-01
2.941829279734520242e-06 9.999970197677612305e-01
7.462272151315119117e-06 9.999924898147583008e-01
9.126364602707326412e-06 9.999908208847045898e-01
2.685075969566241838e-06 9.999972581863403320e-01
9.670577583165140823e-07 9.999990463256835938e-01
8.203431934816762805e-05 9.999179840087890625e-01
5.112499820825178176e-06 9.999948740005493164e-01
7.070587344060186297e-06 9.999929666519165039e-01
9.997742772102355957e-01 2.257878368254750967e-04
2.101708560076076537e-06 9.999978542327880859e-01
1.110259631786902901e-06 9.999989271163940430e-01
4.246356487274169922e-01 5.753642916679382324e-01
9.887928899843245745e-05 9.999010562896728516e-01
9.978728294372558594e-01 2.127221319824457169e-03
1.438395556760951877e-04 9.998561143875122070e-01
1.041848918248433620e-05 9.999896287918090820e-01
3.997599415015429258e-04 9.996002316474914551e-01
6.708052751491777599e-06 9.999933242797851562e-01
1.648671059228945524e-05 9.999835491180419922e-01
9.130116268352139741e-06 9.999908208847045898e-01
5.345613772078650072e-06 9.999946355819702148e-01
1.041711016114277299e-06 9.999989271163940430e-01
1.894373326649656519e-06 9.999980926513671875e-01
6.974305510520935059e-01 3.025694489479064941e-01
7.273297309875488281e-01 2.726702392101287842e-01
1.971841811609920114e-06 9.999979734420776367e-01
4.830536454392131418e-06 9.999951124191284180e-01
4.978253855369985104e-06 9.999949932098388672e-01
7.191424629127141088e-06 9.999928474426269531e-01
1.146081831393530592e-05 9.999885559082031250e-01
6.608571766264503822e-06 9.999934434890747070e-01
1.225758530199527740e-02 9.877424240112304688e-01
8.252637833356857300e-02 9.174736142158508301e-01
4.642674466595053673e-04 9.995357990264892578e-01
3.323665396237629466e-06 9.999966621398925781e-01
3.562715619409573264e-06 9.999964237213134766e-01
1.231663278304040432e-03 9.987682700157165527e-01
4.373865522211417556e-06 9.999955892562866211e-01
5.547960427065845579e-06 9.999943971633911133e-01
3.677835166454315186e-01 6.322164535522460938e-01
7.477901875972747803e-02 9.252210259437561035e-01
6.826605182141065598e-03 9.931734204292297363e-01
2.540247805882245302e-06 9.999974966049194336e-01
2.281678825966082513e-05 9.999772310256958008e-01
5.802057310938835144e-02 9.419793486595153809e-01
6.792498879804043099e-06 9.999932050704956055e-01
2.701189714571228251e-06 9.999972581863403320e-01
1.657613174756988883e-04 9.998341798782348633e-01
3.098381739619071595e-06 9.999969005584716797e-01
2.379429293796420097e-03 9.976205229759216309e-01
1.447636623197467998e-05 9.999855756759643555e-01
9.567109373165294528e-06 9.999904632568359375e-01
1.603359805812942795e-06 9.999984502792358398e-01
1.056750807038042694e-05 9.999893903732299805e-01
7.587952073663473129e-03 9.924120306968688965e-01
2.317951839359011501e-05 9.999768733978271484e-01
3.734195615834323689e-06 9.999963045120239258e-01
6.223912350833415985e-04 9.993776679039001465e-01
1.593103547747887205e-06 9.999984502792358398e-01
4.481158612179569900e-06 9.999954700469970703e-01
7.204001885838806629e-04 9.992795586585998535e-01
1.731407791376113892e-01 8.268592953681945801e-01
5.741122549807187170e-06 9.999942779541015625e-01
4.008823452750220895e-06 9.999959468841552734e-01
4.768317937850952148e-02 9.523167610168457031e-01
1.483217147324467078e-05 9.999852180480957031e-01
1.097104177461005747e-05 9.999890327453613281e-01
9.701941962703131139e-06 9.999903440475463867e-01
2.247569000246585347e-06 9.999977350234985352e-01
2.286719563926453702e-06 9.999977350234985352e-01
7.713775038719177246e-01 2.286224514245986938e-01
9.834829143073875457e-06 9.999901056289672852e-01
1.577594616719579790e-06 9.999984502792358398e-01
1.825753088269266300e-06 9.999982118606567383e-01
1.722861156849830877e-06 9.999983310699462891e-01
9.183416962623596191e-01 8.165828883647918701e-02
3.927924808522220701e-06 9.999960660934448242e-01
2.023384695348795503e-06 9.999979734420776367e-01
2.387189169894554652e-06 9.999976158142089844e-01
5.030364718550117686e-06 9.999949932098388672e-01
6.425971150747500360e-06 9.999935626983642578e-01
4.242376890033483505e-03 9.957576394081115723e-01
7.195314083219273016e-06 9.999928474426269531e-01
9.058053493499755859e-01 9.419465810060501099e-02
9.557857083564158529e-07 9.999990463256835938e-01
2.315016672582714818e-06 9.999977350234985352e-01
2.690581823117099702e-06 9.999972581863403320e-01
6.305589977273484692e-06 9.999936819076538086e-01
4.931577677780296654e-06 9.999951124191284180e-01
5.432394118543015793e-06 9.999945163726806641e-01
1.058958059729775414e-05 9.999893903732299805e-01
4.094465111847966909e-06 9.999959468841552734e-01
2.224124955318984576e-06 9.999977350234985352e-01
2.478018814144888893e-06 9.999974966049194336e-01
8.044252991676330566e-01 1.955747306346893311e-01
3.948001904063858092e-06 9.999960660934448242e-01
7.252714567584916949e-06 9.999927282333374023e-01
1.080498986993916333e-05 9.999891519546508789e-01
3.009336523973615840e-06 9.999970197677612305e-01
4.928018825012259185e-06 9.999951124191284180e-01
5.622970093099866062e-06 9.999943971633911133e-01
3.366282908245921135e-03 9.966337084770202637e-01
9.822888387134298682e-06 9.999902248382568359e-01
2.222273178631439805e-05 9.999778270721435547e-01
3.695739433169364929e-04 9.996304512023925781e-01
2.176632733608130366e-05 9.999781847000122070e-01
3.244416802772320807e-06 9.999967813491821289e-01
3.669878467917442322e-03 9.963300824165344238e-01
5.050605977885425091e-06 9.999949932098388672e-01
9.998424053192138672e-01 1.575546048115938902e-04
2.082169658024213277e-06 9.999979734420776367e-01
1.258425436390098184e-05 9.999873638153076172e-01
3.719463620655005798e-06 9.999963045120239258e-01
2.675498080861871131e-06 9.999973773956298828e-01
1.182101868835161440e-06 9.999988079071044922e-01
3.616063850131467916e-06 9.999964237213134766e-01
7.535359145549591631e-06 9.999924898147583008e-01
1.416479108229395933e-06 9.999985694885253906e-01
5.137365660630166531e-04 9.994862079620361328e-01
5.302031695464393124e-06 9.999947547912597656e-01
4.665038886741967872e-06 9.999953508377075195e-01
4.877145329373888671e-06 9.999951124191284180e-01
4.850395271205343306e-06 9.999951124191284180e-01
8.571785201638704166e-07 9.999991655349731445e-01
8.562637049180921167e-06 9.999914169311523438e-01
1.925894612213596702e-04 9.998074173927307129e-01
1.381736728944815695e-05 9.999861717224121094e-01
1.338693255092948675e-05 9.999866485595703125e-01
1.506511694060463924e-06 9.999984502792358398e-01
1.242633857145847287e-06 9.999988079071044922e-01
4.460173845291137695e-02 9.553982615470886230e-01
2.009460104090976529e-06 9.999979734420776367e-01
8.088466529443394393e-06 9.999918937683105469e-01
2.989841050293762237e-06 9.999970197677612305e-01
2.732694156293291599e-06 9.999972581863403320e-01
3.022025921382009983e-04 9.996978044509887695e-01
1.582226332175196148e-06 9.999984502792358398e-01
2.120480530720669776e-06 9.999978542327880859e-01
7.148939403123222291e-06 9.999928474426269531e-01
7.280809768417384475e-06 9.999927282333374023e-01
1.087482928596728016e-06 9.999989271163940430e-01
2.996579706668853760e-01 7.003420591354370117e-01
1.245341195499349851e-06 9.999988079071044922e-01
3.823421502602286637e-05 9.999617338180541992e-01
7.029876112937927246e-01 2.970123887062072754e-01
6.408480203390354291e-06 9.999935626983642578e-01
2.820716417772928253e-06 9.999971389770507812e-01
7.263416424393653870e-03 9.927365779876708984e-01
5.900815813220106065e-05 9.999409914016723633e-01
9.992639422416687012e-01 7.360281888395547867e-04
6.975634278205689043e-06 9.999929666519165039e-01
1.995418415390304290e-06 9.999979734420776367e-01
3.820399753749370575e-03 9.961795806884765625e-01
2.070530626951949671e-06 9.999979734420776367e-01
1.223771141667384654e-05 9.999877214431762695e-01
3.422352165216580033e-05 9.999657869338989258e-01
1.504820147602003999e-06 9.999984502792358398e-01
2.637784291437128559e-06 9.999973773956298828e-01
4.791332230524858460e-06 9.999952316284179688e-01
1.434662681276677176e-05 9.999856948852539062e-01
5.722558853449299932e-06 9.999942779541015625e-01
6.688635767204686999e-05 9.999331235885620117e-01
1.117525516747264192e-05 9.999887943267822266e-01
2.828617425620905124e-06 9.999971389770507812e-01
9.892202019691467285e-01 1.077983248978853226e-02
9.951345324516296387e-01 4.865503404289484024e-03
8.817170964903198183e-06 9.999911785125732422e-01
6.994533123361179605e-06 9.999929666519165039e-01
6.330275027721654624e-06 9.999936819076538086e-01
8.705478394404053688e-04 9.991294741630554199e-01
5.660281658492749557e-06 9.999943971633911133e-01
9.998012185096740723e-01 1.987509458558633924e-04
9.928794503211975098e-01 7.120538502931594849e-03
9.091490507125854492e-02 9.090850949287414551e-01
3.581243845474091358e-06 9.999964237213134766e-01
9.982923865318298340e-01 1.707555842585861683e-03
5.613075569272041321e-02 9.438692927360534668e-01
5.699340817955089733e-06 9.999942779541015625e-01
8.308689757541287690e-06 9.999916553497314453e-01
6.990283145569264889e-05 9.999301433563232422e-01
6.016608494974207133e-06 9.999940395355224609e-01
4.716271632787538692e-06 9.999952316284179688e-01
4.906850517727434635e-05 9.999508857727050781e-01
4.039738996652886271e-05 9.999595880508422852e-01
4.837202595808776096e-06 9.999951124191284180e-01
2.962141024909215048e-06 9.999970197677612305e-01
1.378347178615513258e-06 9.999985694885253906e-01
2.978497150252223946e-06 9.999970197677612305e-01
4.981787242286372930e-06 9.999949932098388672e-01
1.170282030216185376e-05 9.999883174896240234e-01
3.070197180932154879e-06 9.999969005584716797e-01
1.846249347181583289e-06 9.999982118606567383e-01
4.341885414760326967e-06 9.999957084655761719e-01
9.998885393142700195e-01 1.114854239858686924e-04
3.798799525611684658e-06 9.999961853027343750e-01
4.582363544614054263e-06 9.999954700469970703e-01
2.979872078867629170e-06 9.999970197677612305e-01
2.268476237077265978e-06 9.999977350234985352e-01
5.179769173264503479e-02 9.482022523880004883e-01
4.077528428751975298e-04 9.995922446250915527e-01
9.475573278905358166e-06 9.999905824661254883e-01
2.369743469898821786e-06 9.999976158142089844e-01
9.082830729312263429e-06 9.999909400939941406e-01
3.046903202630346641e-06 9.999969005584716797e-01
5.449439868243644014e-06 9.999945163726806641e-01
1.212815095641417429e-05 9.999878406524658203e-01
1.687116309767588973e-06 9.999983310699462891e-01
3.000655851792544127e-06 9.999970197677612305e-01
3.579907934181392193e-05 9.999642372131347656e-01
3.560001914593158290e-06 9.999964237213134766e-01
8.572630576964002103e-06 9.999914169311523438e-01
1.022401629597879946e-04 9.998977184295654297e-01
6.353942808345891535e-06 9.999936819076538086e-01
9.989240765571594238e-01 1.075890148058533669e-03
6.763823421351844445e-06 9.999932050704956055e-01
7.327186267502838746e-06 9.999927282333374023e-01
4.859979981119977310e-06 9.999951124191284180e-01
6.140032837720355019e-06 9.999938011169433594e-01
2.107123236783081666e-06 9.999978542327880859e-01
2.880080501199699938e-06 9.999971389770507812e-01
1.306590820604469627e-05 9.999868869781494141e-01
7.275561983988154680e-06 9.999927282333374023e-01
1.514651160687208176e-02 9.848535060882568359e-01
3.477754034975077957e-06 9.999965429306030273e-01
1.496786467214406002e-06 9.999984502792358398e-01
6.716758434777148068e-06 9.999933242797851562e-01
3.536326403263956308e-05 9.999645948410034180e-01
2.012077629842679016e-06 9.999979734420776367e-01
6.241787559702061117e-06 9.999938011169433594e-01
1.785065705917077139e-06 9.999982118606567383e-01
4.539640940492972732e-06 9.999954700469970703e-01
3.412561491131782532e-03 9.965873956680297852e-01
7.559140158264199272e-06 9.999924898147583008e-01
1.336489162895304617e-06 9.999986886978149414e-01
1.015967245621141046e-05 9.999898672103881836e-01
1.089723627956118435e-05 9.999891519546508789e-01
3.950574409827822819e-06 9.999960660934448242e-01
8.031523786485195160e-03 9.919684529304504395e-01
1.597643631612299941e-06 9.999984502792358398e-01
1.060909426087164320e-06 9.999989271163940430e-01
3.595748275984078646e-04 9.996404647827148438e-01
2.310832263901829720e-03 9.976891279220581055e-01
3.963923063565744087e-06 9.999960660934448242e-01
1.138936386269051582e-05 9.999885559082031250e-01
7.093515250744530931e-06 9.999928474426269531e-01
5.369003247324144468e-06 9.999946355819702148e-01
9.767242772795725614e-06 9.999902248382568359e-01
1.508314426246215589e-06 9.999984502792358398e-01
2.319741724932100624e-06 9.999977350234985352e-01
5.409967343439348042e-06 9.999946355819702148e-01
9.275891352444887161e-04 9.990724325180053711e-01
1.233122475241543725e-06 9.999988079071044922e-01
1.391229034197749570e-05 9.999860525131225586e-01
1.142926339525729418e-05 9.999885559082031250e-01
3.563272912288084626e-06 9.999964237213134766e-01
1.017216959553479683e-06 9.999989271163940430e-01
1.256360555998980999e-04 9.998743534088134766e-01
9.881695405056234449e-06 9.999901056289672852e-01
6.121055776020511985e-06 9.999939203262329102e-01
2.198494257754646242e-06 9.999978542327880859e-01
6.281529931584373116e-05 9.999371767044067383e-01
9.494060577708296478e-06 9.999904632568359375e-01
9.993848834710661322e-06 9.999899864196777344e-01
7.267719507217407227e-02 9.273228645324707031e-01
9.531085193157196045e-02 9.046891331672668457e-01
3.255878709751414135e-06 9.999967813491821289e-01
1.362705643259687349e-05 9.999864101409912109e-01
1.329707447439432144e-03 9.986703395843505859e-01
1.290394993702648208e-05 9.999871253967285156e-01
9.041045814228709787e-06 9.999909400939941406e-01
7.580059445899678394e-06 9.999923706054687500e-01
4.686111878982046619e-06 9.999953508377075195e-01
4.775457455252762884e-06 9.999952316284179688e-01
5.581185632763663307e-06 9.999943971633911133e-01
6.557224423886509612e-06 9.999934434890747070e-01
5.376795306801795959e-04 9.994623064994812012e-01
5.467863047670107335e-06 9.999945163726806641e-01
2.306065880475216545e-06 9.999977350234985352e-01
3.143775074931909330e-06 9.999969005584716797e-01
9.041692123901157174e-07 9.999990463256835938e-01
1.350487582385540009e-05 9.999865293502807617e-01
3.547861297192866914e-06 9.999964237213134766e-01
2.763541033345973119e-06 9.999972581863403320e-01
1.607166268513537943e-05 9.999839067459106445e-01
6.479762760136509314e-06 9.999935626983642578e-01
4.670051112043438479e-06 9.999953508377075195e-01
9.416226021130569279e-06 9.999905824661254883e-01
6.807978497818112373e-04 9.993191957473754883e-01
1.734994725666183513e-06 9.999982118606567383e-01
1.735088972054654732e-06 9.999982118606567383e-01
3.286598030172172002e-06 9.999966621398925781e-01
3.435041435295715928e-06 9.999965429306030273e-01
1.663684088271111250e-04 9.998335838317871094e-01
1.742468157317489386e-06 9.999982118606567383e-01
1.294569301535375416e-06 9.999986886978149414e-01
2.439477839288883843e-06 9.999976158142089844e-01
4.202877335046650842e-06 9.999958276748657227e-01
1.226889528334140778e-02 9.877311587333679199e-01
1.508944318629801273e-03 9.984910488128662109e-01
2.650204805831890553e-06 9.999973773956298828e-01
1.405343846272444353e-05 9.999859333038330078e-01
4.757129318022634834e-06 9.999952316284179688e-01
3.956625732826068997e-06 9.999960660934448242e-01
9.913389571011066437e-03 9.900866150856018066e-01
6.972795290494104847e-06 9.999930858612060547e-01
4.628784154192544520e-06 9.999953508377075195e-01
8.494262146996334195e-06 9.999915361404418945e-01
1.499165136920055375e-06 9.999984502792358398e-01
9.071108797797933221e-05 9.999092817306518555e-01
4.513613879680633545e-01 5.486386418342590332e-01
7.767855095153208822e-06 9.999922513961791992e-01
2.805623125823331065e-06 9.999971389770507812e-01
7.446235485986107960e-06 9.999926090240478516e-01
4.585738224704982713e-06 9.999954700469970703e-01
1.988442454603500664e-05 9.999800920486450195e-01
5.841037631034851074e-02 9.415896534919738770e-01
1.023102981889678631e-06 9.999989271163940430e-01
4.267430540494387969e-06 9.999957084655761719e-01
5.223103016760433093e-06 9.999947547912597656e-01
2.697616309887962416e-06 9.999972581863403320e-01
1.317058631684631109e-04 9.998682737350463867e-01
4.699336386693175882e-06 9.999953508377075195e-01
5.433316346170613542e-06 9.999945163726806641e-01
9.239597602572757751e-06 9.999907016754150391e-01
6.271155143622308969e-06 9.999936819076538086e-01
7.039143145084381104e-02 9.296085238456726074e-01
2.234092789876740426e-06 9.999977350234985352e-01
6.401974587788572535e-06 9.999935626983642578e-01
9.991399565478786826e-06 9.999899864196777344e-01
6.958950507396366447e-06 9.999930858612060547e-01
9.252469539642333984e-01 7.475306838750839233e-02
1.003682773443870246e-04 9.998996257781982422e-01
5.681232323695439845e-06 9.999942779541015625e-01
2.402786549282609485e-06 9.999976158142089844e-01
5.297563802741933614e-06 9.999947547912597656e-01
3.300556727481307462e-06 9.999966621398925781e-01
1.320301453233696520e-05 9.999867677688598633e-01
3.624180635597440414e-06 9.999964237213134766e-01
9.892671187117230147e-06 9.999901056289672852e-01
1.664432716097508091e-06 9.999983310699462891e-01
2.988327196362661198e-06 9.999970197677612305e-01
4.009790700365556404e-06 9.999959468841552734e-01
9.968949556350708008e-01 3.105022013187408447e-03
2.363936619076412171e-05 9.999763965606689453e-01
4.969630026607774198e-06 9.999949932098388672e-01
9.733669757843017578e-01 2.663306891918182373e-02
9.509663868811912835e-06 9.999904632568359375e-01
1.272784538741689175e-05 9.999872446060180664e-01
7.803637345205061138e-06 9.999922513961791992e-01
1.671209793130401522e-05 9.999833106994628906e-01
6.643304573117347900e-07 9.999992847442626953e-01
2.660473683135933243e-06 9.999973773956298828e-01
1.194074684462975711e-06 9.999988079071044922e-01
4.221996665000915527e-02 9.577800035476684570e-01
2.912565605583949946e-06 9.999971389770507812e-01
6.596712864848086610e-07 9.999992847442626953e-01
1.322477714893466327e-06 9.999986886978149414e-01
1.180337039841106161e-05 9.999881982803344727e-01
8.017650543479248881e-06 9.999920129776000977e-01
2.148856992789660580e-06 9.999978542327880859e-01
2.085691221509478055e-06 9.999979734420776367e-01
1.482824586673814338e-06 9.999985694885253906e-01
3.291434722996200435e-06 9.999966621398925781e-01
3.399875595277990215e-06 9.999965429306030273e-01
1.104010152630507946e-06 9.999989271163940430e-01
1.516613906460406724e-06 9.999984502792358398e-01
2.306833494003512897e-06 9.999977350234985352e-01
8.894879101717378944e-06 9.999910593032836914e-01
9.683143496513366699e-01 3.168559446930885315e-02
7.756013073958456516e-04 9.992244243621826172e-01
9.892482012219261378e-06 9.999901056289672852e-01
9.498408436775207520e-01 5.015915259718894958e-02
3.734993470061453991e-06 9.999963045120239258e-01
1.389574208587873727e-05 9.999860525131225586e-01
1.833403110504150391e-02 9.816660284996032715e-01
2.727968194449204020e-06 9.999972581863403320e-01
1.944028554135002196e-05 9.999805688858032227e-01
2.942738319688942283e-06 9.999970197677612305e-01
2.772820589598268270e-04 9.997226595878601074e-01
3.896502676070667803e-06 9.999960660934448242e-01
3.688375727506354451e-06 9.999963045120239258e-01
7.077373993524815887e-06 9.999929666519165039e-01
2.667259541340172291e-04 9.997332692146301270e-01
2.990419943671440706e-06 9.999970197677612305e-01
1.627708229534619022e-06 9.999983310699462891e-01
1.919142596307210624e-05 9.999808073043823242e-01
1.323743435932556167e-05 9.999867677688598633e-01
1.265173796127783135e-05 9.999873638153076172e-01
2.371274149481905624e-06 9.999976158142089844e-01
4.020052529085660353e-06 9.999959468841552734e-01
7.664388976991176605e-05 9.999233484268188477e-01
2.127537754859076813e-06 9.999978542327880859e-01
3.398663011466851458e-06 9.999965429306030273e-01
2.369957603514194489e-02 9.763004779815673828e-01
2.085439162328839302e-03 9.979146122932434082e-01
2.298964545843773521e-06 9.999977350234985352e-01
4.013792931800708175e-06 9.999959468841552734e-01
5.842530754307517782e-06 9.999941587448120117e-01
1.165213252534158528e-04 9.998834133148193359e-01
4.375906792120076716e-05 9.999562501907348633e-01
5.663073534378781915e-05 9.999433755874633789e-01
2.337285695830360055e-05 9.999766349792480469e-01
1.772305949998553842e-05 9.999822378158569336e-01
1.292887759518634994e-06 9.999986886978149414e-01
1.065884316631127149e-05 9.999893903732299805e-01
9.661325748311355710e-06 9.999903440475463867e-01
1.508372406533453614e-05 9.999848604202270508e-01
6.693813484162092209e-04 9.993306398391723633e-01
2.622466126922518015e-06 9.999973773956298828e-01
9.979715943336486816e-01 2.028424758464097977e-03
1.360871010547270998e-06 9.999986886978149414e-01
3.686786158141330816e-06 9.999963045120239258e-01
9.996796846389770508e-01 3.203865489922463894e-04
3.417517518755630590e-06 9.999965429306030273e-01
1.253915252164006233e-05 9.999874830245971680e-01
2.598457285785116255e-06 9.999973773956298828e-01
9.163526556221768260e-06 9.999908208847045898e-01
1.116853354687918909e-06 9.999989271163940430e-01
9.991030693054199219e-01 8.969932096078991890e-04
3.391443215150502510e-06 9.999966621398925781e-01
1.826824700401630253e-05 9.999817609786987305e-01
4.535945208772318438e-06 9.999954700469970703e-01
6.715009931212989613e-06 9.999933242797851562e-01
7.533893494837684557e-06 9.999924898147583008e-01
1.123164329328574240e-04 9.998877048492431641e-01
8.881588655640371144e-06 9.999910593032836914e-01
8.467720817861845717e-07 9.999991655349731445e-01
8.608349162386730313e-06 9.999914169311523438e-01
7.433605787809938192e-06 9.999926090240478516e-01
9.549930837238207459e-07 9.999990463256835938e-01
4.291497589292703196e-06 9.999957084655761719e-01
6.190261956362519413e-06 9.999938011169433594e-01
1.827188208699226379e-02 9.817281365394592285e-01
9.050285370904020965e-06 9.999909400939941406e-01
4.086912213097093627e-06 9.999959468841552734e-01
1.796493779693264514e-05 9.999819993972778320e-01
4.643613465304952115e-06 9.999953508377075195e-01
1.061321836459683254e-05 9.999893903732299805e-01
9.888020940707065165e-06 9.999901056289672852e-01
8.024328963074367493e-06 9.999920129776000977e-01
8.026043360587209463e-06 9.999920129776000977e-01
3.865660346491495147e-06 9.999961853027343750e-01
7.967943929543253034e-06 9.999920129776000977e-01
8.966241148300468922e-05 9.999103546142578125e-01
2.714336460485355929e-06 9.999972581863403320e-01
2.763696329566300847e-06 9.999972581863403320e-01
9.438820598006714135e-06 9.999905824661254883e-01
2.571216609794646502e-04 9.997429251670837402e-01
2.126117033185437322e-05 9.999787807464599609e-01
2.789536083582788706e-04 9.997209906578063965e-01
3.638212092482717708e-06 9.999963045120239258e-01
1.084874929802026600e-05 9.999891519546508789e-01
1.544068072689697146e-05 9.999845027923583984e-01
3.551407135091722012e-04 9.996448755264282227e-01
8.081688974925782531e-06 9.999918937683105469e-01
1.301134670939063653e-05 9.999870061874389648e-01
5.486997451953357086e-06 9.999945163726806641e-01
