8.260500180767849088e-05 9.999173879623413086e-01
2.780288341455161572e-04 9.997219443321228027e-01
4.588788578985258937e-05 9.999541044235229492e-01
2.443194389343261719e-04 9.997556805610656738e-01
5.931636769673787057e-05 9.999406337738037109e-01
8.624820038676261902e-04 9.991375207901000977e-01
1.163960623671300709e-04 9.998835325241088867e-01
3.800693230004981160e-05 9.999619722366333008e-01
1.115123741328716278e-03 9.988848567008972168e-01
3.825602470897138119e-04 9.996174573898315430e-01
1.090742152882739902e-04 9.998909235000610352e-01
1.775931683368980885e-03 9.982240796089172363e-01
2.225334319518879056e-04 9.997774958610534668e-01
8.719595643924549222e-05 9.999127388000488281e-01
3.196981560904532671e-04 9.996802806854248047e-01
6.342813721857964993e-04 9.993657469749450684e-01
1.683276241237763315e-05 9.999831914901733398e-01
8.458417141810059547e-04 9.991542100906372070e-01
6.975054275244474411e-04 9.993025064468383789e-01
7.206299342215061188e-04 9.992794394493103027e-01
1.336147979600355029e-04 9.998663663864135742e-01
1.466029698349302635e-05 9.999853372573852539e-01
3.158395411446690559e-04 9.996842145919799805e-01
2.472068990755360574e-05 9.999753236770629883e-01
1.964686816791072488e-04 9.998036026954650879e-01
3.022241871803998947e-04 9.996978044509887695e-01
1.315848785452544689e-03 9.986841082572937012e-01
4.993466427549719810e-05 9.999500513076782227e-01
2.748804399743676186e-05 9.999724626541137695e-01
2.367347769904881716e-04 9.997633099555969238e-01
5.721091292798519135e-04 9.994278550148010254e-01
1.643221767153590918e-04 9.998356103897094727e-01
7.025505765341222286e-04 9.992973804473876953e-01
2.807989039865788072e-05 9.999718666076660156e-01
1.177345911855809391e-04 9.998822212219238281e-01
5.366827099351212382e-05 9.999463558197021484e-01
4.136736097279936075e-04 9.995862841606140137e-01
3.419631684664636850e-04 9.996579885482788086e-01
1.168999006040394306e-03 9.988309741020202637e-01
1.261737779714167118e-04 9.998737573623657227e-01
9.176863241009414196e-04 9.990823268890380859e-01
8.955371595220640302e-05 9.999104738235473633e-01
5.930874613113701344e-04 9.994069337844848633e-01
3.827542960643768311e-01 6.172456741333007812e-01
4.730717409984208643e-05 9.999526739120483398e-01
1.629242979106493294e-05 9.999836683273315430e-01
1.403251080773770809e-03 9.985967278480529785e-01
4.671859496738761663e-04 9.995328187942504883e-01
9.050838707480579615e-05 9.999095201492309570e-01
2.447429505991749465e-05 9.999755620956420898e-01
4.971666930941864848e-05 9.999502897262573242e-01
1.327698584645986557e-03 9.986723661422729492e-01
1.102276946767233312e-04 9.998897314071655273e-01
2.488753059878945351e-03 9.975112676620483398e-01
2.810135774780064821e-04 9.997189640998840332e-01
8.559991329093463719e-06 9.999914169311523438e-01
1.027932885335758328e-04 9.998972415924072266e-01
1.996773498831316829e-04 9.998003840446472168e-01
1.040722010657191277e-03 9.989593029022216797e-01
2.692547277547419071e-04 9.997307658195495605e-01
2.256744075566530228e-03 9.977432489395141602e-01
2.515450760256499052e-04 9.997484087944030762e-01
5.098894471302628517e-04 9.994901418685913086e-01
2.494709915481507778e-04 9.997505545616149902e-01
5.171911325305700302e-04 9.994827508926391602e-01
4.444365040399134159e-04 9.995555281639099121e-01
3.776191733777523041e-04 9.996223449707031250e-01
6.129535904619842768e-05 9.999387264251708984e-01
3.279715019743889570e-05 9.999672174453735352e-01
1.700099819572642446e-04 9.998300075531005859e-01
5.441619578050449491e-05 9.999455213546752930e-01
1.203778592753224075e-04 9.998795986175537109e-01
1.108934739022515714e-04 9.998891353607177734e-01
2.381792291998863220e-04 9.997618794441223145e-01
3.196878969902172685e-05 9.999680519104003906e-01
7.288248161785304546e-05 9.999271631240844727e-01
2.917408710345625877e-04 9.997082352638244629e-01
9.388966282131150365e-05 9.999060630798339844e-01
1.568824081914499402e-04 9.998431205749511719e-01
2.811272279359400272e-04 9.997188448905944824e-01
3.265540581196546555e-04 9.996734857559204102e-01
1.413915306329727173e-04 9.998586177825927734e-01
3.867828345391899347e-04 9.996132254600524902e-01
7.467214163625612855e-05 9.999253749847412109e-01
3.912722459062933922e-04 9.996086955070495605e-01
4.939141799695789814e-04 9.995061159133911133e-01
1.001704251393675804e-03 9.989983439445495605e-01
6.149013061076402664e-03 9.938509464263916016e-01
1.289281644858419895e-04 9.998710155487060547e-01
2.347317204112187028e-04 9.997652173042297363e-01
1.226272142957895994e-04 9.998773336410522461e-01
1.938562782015651464e-04 9.998062252998352051e-01
1.020566560328006744e-04 9.998979568481445312e-01
2.006045833695679903e-04 9.997994303703308105e-01
2.453269262332469225e-04 9.997547268867492676e-01
6.004722672514617443e-04 9.993995428085327148e-01
1.671174308285117149e-03 9.983288645744323730e-01
2.890760333684738725e-05 9.999710321426391602e-01
1.530017325421795249e-04 9.998469352722167969e-01
7.705258030910044909e-05 9.999229907989501953e-01
5.120810601511038840e-05 9.999487400054931641e-01
2.158356073778122663e-05 9.999784231185913086e-01
4.606856091413646936e-04 9.995393753051757812e-01
3.707389259943738580e-05 9.999629259109497070e-01
7.927709521027281880e-05 9.999207258224487305e-01
7.171602919697761536e-05 9.999282360076904297e-01
2.088796754833310843e-04 9.997910857200622559e-01
1.064749783836305141e-03 9.989352822303771973e-01
2.472830528859049082e-04 9.997527003288269043e-01
1.641652634134516120e-04 9.998358488082885742e-01
1.023701115627773106e-04 9.998975992202758789e-01
8.536619861843064427e-05 9.999146461486816406e-01
1.046606776071712375e-04 9.998953342437744141e-01
4.613117780536413193e-04 9.995386600494384766e-01
3.557738964445888996e-04 9.996441602706909180e-01
3.916225861757993698e-03 9.960837364196777344e-01
2.190998988226056099e-03 9.978089928627014160e-01
5.958407200523652136e-05 9.999403953552246094e-01
1.305243404203793034e-05 9.999870061874389648e-01
2.061022860289085656e-05 9.999793767929077148e-01
1.416503655491396785e-04 9.998583793640136719e-01
1.369149977108463645e-04 9.998630285263061523e-01
1.452687720302492380e-04 9.998546838760375977e-01
6.779956165701150894e-04 9.993220567703247070e-01
9.258819773094728589e-05 9.999073743820190430e-01
5.920075927861034870e-04 9.994080066680908203e-01
4.357792495284229517e-04 9.995642304420471191e-01
4.611786280293017626e-04 9.995388984680175781e-01
5.361731746233999729e-04 9.994638562202453613e-01
7.423803617712110281e-05 9.999257326126098633e-01
1.196328783407807350e-03 9.988036155700683594e-01
9.838269761530682445e-05 9.999016523361206055e-01
2.148684579879045486e-04 9.997851252555847168e-01
1.118063955800607800e-04 9.998881816864013672e-01
1.681347639532759786e-04 9.998317956924438477e-01
5.170760414330288768e-05 9.999482631683349609e-01
2.259299508295953274e-04 9.997740387916564941e-01
1.848178508225828409e-04 9.998151659965515137e-01
1.160591418738476932e-04 9.998838901519775391e-01
5.613669636659324169e-04 9.994385838508605957e-01
5.363299045711755753e-03 9.946367144584655762e-01
1.012777793221175671e-04 9.998986721038818359e-01
3.455742960795760155e-03 9.965443015098571777e-01
1.515861367806792259e-03 9.984841942787170410e-01
1.951027661561965942e-04 9.998049139976501465e-01
9.102741605602204800e-04 9.990897178649902344e-01
5.354803215595893562e-05 9.999464750289916992e-01
2.222868613898754120e-03 9.977771639823913574e-01
1.013717046589590609e-04 9.998986721038818359e-01
9.683309326646849513e-05 9.999032020568847656e-01
2.550718636484816670e-05 9.999744892120361328e-01
1.868833642220124602e-04 9.998131394386291504e-01
3.061522729694843292e-04 9.996938705444335938e-01
9.839975973591208458e-05 9.999015331268310547e-01
2.304394962266087532e-03 9.976956248283386230e-01
6.239575450308620930e-04 9.993761181831359863e-01
6.861469009891152382e-04 9.993138313293457031e-01
1.086771953850984573e-04 9.998912811279296875e-01
2.927009190898388624e-04 9.997072815895080566e-01
1.076709595508873463e-04 9.998923540115356445e-01
5.609593936242163181e-04 9.994390606880187988e-01
9.968461235985159874e-04 9.990032315254211426e-01
4.634196520783007145e-04 9.995366334915161133e-01
6.957747973501682281e-05 9.999303817749023438e-01
2.017343358602374792e-04 9.997982382774353027e-01
2.902082815126050264e-05 9.999710321426391602e-01
3.933274711016565561e-04 9.996066689491271973e-01
4.285342947696335614e-05 9.999572038650512695e-01
6.777051021344959736e-05 9.999321699142456055e-01
1.938690911629237235e-05 9.999805688858032227e-01
1.662374270381405950e-04 9.998337030410766602e-01
6.795105582568794489e-05 9.999320507049560547e-01
1.664239447563886642e-03 9.983357787132263184e-01
1.432081044185906649e-04 9.998568296432495117e-01
7.301708683371543884e-05 9.999269247055053711e-01
2.254165738122537732e-04 9.997746348381042480e-01
1.107833450078032911e-04 9.998892545700073242e-01
1.407431700499728322e-04 9.998592138290405273e-01
4.372482944745570421e-04 9.995626807212829590e-01
1.810707326512783766e-04 9.998189806938171387e-01
4.496044421102851629e-04 9.995504021644592285e-01
5.115140083944424987e-05 9.999488592147827148e-01
1.566584833199158311e-04 9.998433589935302734e-01
1.220033300342038274e-04 9.998779296875000000e-01
2.192253887187689543e-04 9.997808337211608887e-01
3.930125967599451542e-05 9.999606609344482422e-01
3.274580012657679617e-05 9.999672174453735352e-01
2.436104696244001389e-04 9.997563958168029785e-01
2.774700988084077835e-04 9.997225403785705566e-01
3.459078143350780010e-04 9.996540546417236328e-01
1.642571733100339770e-04 9.998357295989990234e-01
1.392613776260986924e-04 9.998607635498046875e-01
2.631371899042278528e-04 9.997368454933166504e-01
8.950880874181166291e-05 9.999104738235473633e-01
3.063277690671384335e-04 9.996937513351440430e-01
1.180104300146922469e-04 9.998819828033447266e-01
8.061542757786810398e-04 9.991938471794128418e-01
1.649432306294329464e-05 9.999835491180419922e-01
1.491207513026893139e-04 9.998508691787719727e-01
5.882437108084559441e-04 9.994118213653564453e-01
3.402615839149802923e-04 9.996597766876220703e-01
1.362216862617060542e-04 9.998637437820434570e-01
6.027098424965515733e-05 9.999396800994873047e-01
9.862666483968496323e-04 9.990136623382568359e-01
1.674865023232996464e-03 9.983251690864562988e-01
1.279682619497179985e-04 9.998719692230224609e-01
9.832784999161958694e-04 9.990167617797851562e-01
7.204512949101626873e-04 9.992795586585998535e-01
1.130231685237959027e-04 9.998869895935058594e-01
1.886432437459006906e-04 9.998113512992858887e-01
2.654326635820325464e-05 9.999734163284301758e-01
2.774127060547471046e-04 9.997225403785705566e-01
3.162595385219901800e-04 9.996837377548217773e-01
2.578534185886383057e-04 9.997420907020568848e-01
8.380328654311597347e-04 9.991619586944580078e-01
2.658028854057192802e-03 9.973419308662414551e-01
2.310013631358742714e-03 9.976899623870849609e-01
4.242370778229087591e-04 9.995757937431335449e-01
2.362067461945116520e-04 9.997637867927551270e-01
3.804191073868423700e-04 9.996196031570434570e-01
1.150063908426091075e-04 9.998849630355834961e-01
1.570982567500323057e-04 9.998428821563720703e-01
1.933416351675987244e-04 9.998067021369934082e-01
6.354018114507198334e-05 9.999364614486694336e-01
1.672154525294899940e-03 9.983277916908264160e-01
4.778488437295891345e-05 9.999521970748901367e-01
9.157340973615646362e-04 9.990842342376708984e-01
2.016426005866378546e-04 9.997983574867248535e-01
5.613724715658463538e-05 9.999438524246215820e-01
2.309286355739459395e-04 9.997690320014953613e-01
5.388997305999509990e-05 9.999461174011230469e-01
7.620545511599630117e-05 9.999238252639770508e-01
2.692978014238178730e-04 9.997306466102600098e-01
3.200790961273014545e-04 9.996799230575561523e-01
7.007315434748306870e-05 9.999299049377441406e-01
3.410209683352150023e-05 9.999659061431884766e-01
2.289212075993418694e-03 9.977108240127563477e-01
4.367750370875000954e-04 9.995631575584411621e-01
3.845543251372873783e-04 9.996154308319091797e-01
2.882596745621412992e-04 9.997116923332214355e-01
3.647339763119816780e-04 9.996352195739746094e-01
2.914111828431487083e-04 9.997085928916931152e-01
7.992975588422268629e-05 9.999200105667114258e-01
3.259040240664035082e-04 9.996740818023681641e-01
1.272253721253946424e-04 9.998728036880493164e-01
3.734153870027512312e-05 9.999626874923706055e-01
8.032848127186298370e-04 9.991967082023620605e-01
2.437319635646417737e-04 9.997562766075134277e-01
1.526490814285352826e-04 9.998472929000854492e-01
7.295433315448462963e-04 9.992704987525939941e-01
6.510093808174133301e-04 9.993489384651184082e-01
4.561089008348062634e-05 9.999543428421020508e-01
1.590498577570542693e-04 9.998409748077392578e-01
1.014263136312365532e-03 9.989857077598571777e-01
1.034493616316467524e-04 9.998965263366699219e-01
1.870855485321953893e-04 9.998129010200500488e-01
8.094571239780634642e-05 9.999190568923950195e-01
5.869049346074461937e-04 9.994131326675415039e-01
1.980566885322332382e-04 9.998019337654113770e-01
1.039802518789656460e-04 9.998960494995117188e-01
7.807111251167953014e-05 9.999219179153442383e-01
3.882129967678338289e-04 9.996117949485778809e-01
1.187566012958995998e-04 9.998812675476074219e-01
7.619815878570079803e-04 9.992380142211914062e-01
4.719340067822486162e-04 9.995280504226684570e-01
2.045703004114329815e-04 9.997954964637756348e-01
4.237754183122888207e-05 9.999575614929199219e-01
6.251257844269275665e-03 9.937487840652465820e-01
1.608454156666994095e-03 9.983915686607360840e-01
1.719723222777247429e-04 9.998279809951782227e-01
1.211438444443047047e-03 9.987885355949401855e-01
2.942333230748772621e-04 9.997057318687438965e-01
2.387904096394777298e-04 9.997611641883850098e-01
5.739941479987464845e-05 9.999425411224365234e-01
3.874554531648755074e-04 9.996126294136047363e-01
7.920125499367713928e-04 9.992080330848693848e-01
1.746139023452997208e-04 9.998254179954528809e-01
9.826615132624283433e-05 9.999017715454101562e-01
1.161991094704717398e-04 9.998837709426879883e-01
5.716950981877744198e-04 9.994283318519592285e-01
6.976038275752216578e-05 9.999302625656127930e-01
6.358673999784514308e-05 9.999364614486694336e-01
2.933104697149246931e-04 9.997066855430603027e-01
1.944372896105051041e-03 9.980556964874267578e-01
2.540292334742844105e-04 9.997460246086120605e-01
1.772676769178360701e-04 9.998227953910827637e-01
9.983991980552673340e-01 1.600750838406383991e-03
3.332997439429163933e-04 9.996666908264160156e-01
6.026946939527988434e-04 9.993972778320312500e-01
9.007028420455753803e-04 9.990993738174438477e-01
1.015624002320691943e-04 9.998984336853027344e-01
2.945832238765433431e-05 9.999705553054809570e-01
7.722710724920034409e-04 9.992277622222900391e-01
2.815792504406999797e-05 9.999718666076660156e-01
1.504660758655518293e-04 9.998495578765869141e-01
1.556323259137570858e-04 9.998443126678466797e-01
1.044606324285268784e-03 9.989553689956665039e-01
2.495373482815921307e-04 9.997504353523254395e-01
6.020308865117840469e-05 9.999397993087768555e-01
4.754864858114160597e-05 9.999524354934692383e-01
2.667625201866030693e-03 9.973323345184326172e-01
2.918625017628073692e-03 9.970813393592834473e-01
8.155077011906541884e-06 9.999918937683105469e-01
4.505010438151657581e-04 9.995494484901428223e-01
1.885148521978408098e-04 9.998114705085754395e-01
1.254091184819117188e-04 9.998745918273925781e-01
2.550747594796121120e-04 9.997449517250061035e-01
2.670665708137676120e-05 9.999732971191406250e-01
3.565908991731703281e-04 9.996434450149536133e-01
1.130940945586189628e-04 9.998868703842163086e-01
9.472708916291594505e-05 9.999052286148071289e-01
7.287713378900662065e-05 9.999271631240844727e-01
1.296390080824494362e-03 9.987035989761352539e-01
6.145475199446082115e-04 9.993854761123657227e-01
4.089586218469776213e-05 9.999591112136840820e-01
1.109454024117439985e-04 9.998890161514282227e-01
2.487316378392279148e-04 9.997512698173522949e-01
4.820796311832964420e-04 9.995179176330566406e-01
1.438925100956112146e-04 9.998561143875122070e-01
2.319949999218806624e-04 9.997679591178894043e-01
2.646877510414924473e-05 9.999735355377197266e-01
1.540089033369440585e-05 9.999846220016479492e-01
2.994547321577556431e-05 9.999700784683227539e-01
2.765059180092066526e-04 9.997234940528869629e-01
1.899382681585848331e-03 9.981006979942321777e-01
3.686950658448040485e-04 9.996312856674194336e-01
9.839540580287575722e-04 9.990160465240478516e-01
1.849334221333265305e-03 9.981506466865539551e-01
6.345640867948532104e-04 9.993655085563659668e-01
5.292572677717544138e-05 9.999470710754394531e-01
2.799395952024497092e-05 9.999719858169555664e-01
1.681366993580013514e-04 9.998317956924438477e-01
2.803114766720682383e-04 9.997196793556213379e-01
2.478144015185534954e-04 9.997522234916687012e-01
1.152261393144726753e-04 9.998847246170043945e-01
1.081466616597026587e-04 9.998918771743774414e-01
3.004450409207493067e-04 9.996995925903320312e-01
1.184107022709213197e-04 9.998816251754760742e-01
3.242301754653453827e-04 9.996757507324218750e-01
1.335854292847216129e-03 9.986641407012939453e-01
1.050905208103358746e-03 9.989491105079650879e-01
1.380596368107944727e-04 9.998619556427001953e-01
3.541858750395476818e-04 9.996458292007446289e-01
9.327178850071504712e-05 9.999067783355712891e-01
7.352841930696740746e-05 9.999264478683471680e-01
4.325542249716818333e-05 9.999567270278930664e-01
1.470920979045331478e-04 9.998528957366943359e-01
1.222487189806997776e-04 9.998776912689208984e-01
4.076926270499825478e-04 9.995923638343811035e-01
7.794666453264653683e-05 9.999220371246337891e-01
2.095983072649687529e-04 9.997903704643249512e-01
1.765460474416613579e-04 9.998235106468200684e-01
4.438594332896173000e-04 9.995561242103576660e-01
1.754636032273992896e-04 9.998245835304260254e-01
1.140282838605344296e-04 9.998859167098999023e-01
3.722081019077450037e-04 9.996278285980224609e-01
5.416495841927826405e-04 9.994583725929260254e-01
1.288039202336221933e-04 9.998711347579956055e-01
1.190516399219632149e-03 9.988094568252563477e-01
1.060834547388367355e-04 9.998939037322998047e-01
1.346137956716120243e-03 9.986538887023925781e-01
4.921729851048439741e-05 9.999507665634155273e-01
1.451730931876227260e-04 9.998548030853271484e-01
3.039147704839706421e-04 9.996961355209350586e-01
1.616420922800898552e-04 9.998383522033691406e-01
1.411481207469478250e-04 9.998588562011718750e-01
1.883535151137039065e-04 9.998117089271545410e-01
4.075034303241409361e-05 9.999592304229736328e-01
6.986720254644751549e-04 9.993013143539428711e-01
1.800559693947434425e-04 9.998199343681335449e-01
2.719803014770150185e-04 9.997280240058898926e-01
1.987153518712148070e-04 9.998013377189636230e-01
5.026402868679724634e-05 9.999496936798095703e-01
8.252660627476871014e-04 9.991746544837951660e-01
1.580071402713656425e-04 9.998419284820556641e-01
1.423532521585002542e-04 9.998576641082763672e-01
9.052184759639203548e-05 9.999095201492309570e-01
3.620501840487122536e-03 9.963795542716979980e-01
2.945853048004209995e-04 9.997053742408752441e-01
3.426045441301539540e-05 9.999657869338989258e-01
2.896423684433102608e-04 9.997103810310363770e-01
8.152001537382602692e-04 9.991847872734069824e-01
4.491415165830403566e-05 9.999550580978393555e-01
7.434585859300568700e-05 9.999256134033203125e-01
1.325162476859986782e-03 9.986748695373535156e-01
5.310217966325581074e-04 9.994689822196960449e-01
2.603603934403508902e-04 9.997395873069763184e-01
4.947715788148343563e-04 9.995052814483642578e-01
1.541664241813123226e-04 9.998458623886108398e-01
9.336059883935377002e-05 9.999066591262817383e-01
1.872218999778851867e-04 9.998127818107604980e-01
2.412698377156630158e-04 9.997587800025939941e-01
1.748824305832386017e-02 9.825117588043212891e-01
3.338488386361859739e-05 9.999666213989257812e-01
2.202068222686648369e-03 9.977979660034179688e-01
2.823013439774513245e-02 9.717698693275451660e-01
2.606640191515907645e-05 9.999738931655883789e-01
8.228338265325874090e-05 9.999177455902099609e-01
1.079387438949197531e-04 9.998919963836669922e-01
4.204455472063273191e-04 9.995796084403991699e-01
3.748185117729008198e-04 9.996252059936523438e-01
5.846643944096285850e-06 9.999941587448120117e-01
2.651759423315525055e-04 9.997348189353942871e-01
3.310439933557063341e-05 9.999668598175048828e-01
6.254220352275297046e-05 9.999374151229858398e-01
8.636069251224398613e-04 9.991363883018493652e-01
1.660503330640494823e-04 9.998339414596557617e-01
5.769585841335356236e-04 9.994230270385742188e-01
3.751554177142679691e-04 9.996248483657836914e-01
1.287960621993988752e-04 9.998711347579956055e-01
3.890233638230711222e-04 9.996109604835510254e-01
2.938886638730764389e-03 9.970610737800598145e-01
1.433198922313749790e-03 9.985668063163757324e-01
2.424236736260354519e-04 9.997575879096984863e-01
8.896276267478242517e-05 9.999110698699951172e-01
1.252103596925735474e-03 9.987478256225585938e-01
6.215239409357309341e-04 9.993784427642822266e-01
5.430024582892656326e-03 9.945699572563171387e-01
4.929354763589799404e-04 9.995070695877075195e-01
1.375880965497344732e-04 9.998624324798583984e-01
1.077569249900989234e-04 9.998922348022460938e-01
5.406346754170954227e-04 9.994593262672424316e-01
3.467040078248828650e-04 9.996533393859863281e-01
3.699188891914673150e-05 9.999630451202392578e-01
5.071141276857815683e-05 9.999493360519409180e-01
6.920678424648940563e-05 9.999307394027709961e-01
2.669806126505136490e-04 9.997330307960510254e-01
5.953967920504510403e-04 9.994045495986938477e-01
7.945853285491466522e-04 9.992054104804992676e-01
3.651276347227394581e-04 9.996348619461059570e-01
2.558170817792415619e-04 9.997442364692687988e-01
3.055227571167051792e-04 9.996944665908813477e-01
5.329456180334091187e-04 9.994670748710632324e-01
3.557399395504035056e-05 9.999644756317138672e-01
3.300215175841003656e-04 9.996700286865234375e-01
4.874375881627202034e-04 9.995125532150268555e-01
1.115074883273337036e-05 9.999887943267822266e-01
1.397302257828414440e-03 9.986026883125305176e-01
1.848570071160793304e-03 9.981513619422912598e-01
9.440233116038143635e-04 9.990559220314025879e-01
6.112621631473302841e-03 9.938873648643493652e-01
1.080334914149716496e-04 9.998919963836669922e-01
4.425809311214834452e-04 9.995574355125427246e-01
8.510099141858518124e-04 9.991489648818969727e-01
4.727871419163420796e-05 9.999526739120483398e-01
2.914828655775636435e-04 9.997084736824035645e-01
4.828502133022993803e-04 9.995172023773193359e-01
2.566861221566796303e-04 9.997432827949523926e-01
1.043585070874541998e-04 9.998955726623535156e-01
2.794223546516150236e-04 9.997205138206481934e-01
4.576748324325308204e-05 9.999542236328125000e-01
5.479504470713436604e-04 9.994520545005798340e-01
4.020835738629102707e-03 9.959791898727416992e-01
4.439563199412077665e-04 9.995560050010681152e-01
6.803333963034674525e-05 9.999319314956665039e-01
5.017681978642940521e-04 9.994982481002807617e-01
2.240080175397451967e-05 9.999775886535644531e-01
2.571763179730623960e-04 9.997428059577941895e-01
1.662268885411322117e-03 9.983377456665039062e-01
2.965315943583846092e-04 9.997034668922424316e-01
6.186252576299011707e-04 9.993813037872314453e-01
5.573328962782397866e-05 9.999442100524902344e-01
9.545600732963066548e-06 9.999904632568359375e-01
8.819359936751425266e-05 9.999117851257324219e-01
6.221433286555111408e-04 9.993778467178344727e-01
3.371397906448692083e-04 9.996628761291503906e-01
3.182294603902846575e-04 9.996818304061889648e-01
5.715703591704368591e-04 9.994284510612487793e-01
7.439179462380707264e-04 9.992560744285583496e-01
8.364529639948159456e-05 9.999163150787353516e-01
3.436014754697680473e-03 9.965639710426330566e-01
5.788711132481694221e-04 9.994211196899414062e-01
2.088888431899249554e-04 9.997910857200622559e-01
1.344057000096654519e-05 9.999865293502807617e-01
5.030565444030798972e-05 9.999496936798095703e-01
3.605401434469968081e-04 9.996393918991088867e-01
5.442698020488023758e-04 9.994557499885559082e-01
3.217305289581418037e-03 9.967826604843139648e-01
2.417897921986877918e-04 9.997581839561462402e-01
3.634458989836275578e-04 9.996365308761596680e-01
1.299216994084417820e-03 9.987007379531860352e-01
6.484153709607198834e-05 9.999351501464843750e-01
5.655901622958481312e-04 9.994344115257263184e-01
1.304023317061364651e-04 9.998695850372314453e-01
3.335849032737314701e-04 9.996664524078369141e-01
6.008858908899128437e-04 9.993990659713745117e-01
2.747146354522556067e-04 9.997252821922302246e-01
2.043046115431934595e-04 9.997957348823547363e-01
1.952382503077387810e-03 9.980475902557373047e-01
2.885263413190841675e-03 9.971147775650024414e-01
8.082183194346725941e-05 9.999191761016845703e-01
1.665011397562921047e-03 9.983350634574890137e-01
4.047033144161105156e-04 9.995953440666198730e-01
7.585301646031439304e-04 9.992414712905883789e-01
8.806309051578864455e-05 9.999119043350219727e-01
3.350893093738704920e-04 9.996649026870727539e-01
4.350960371084511280e-04 9.995649456977844238e-01
5.454582060337997973e-05 9.999454021453857422e-01
3.901559102814644575e-05 9.999610185623168945e-01
6.887448253110051155e-04 9.993112087249755859e-01
7.161231478676199913e-04 9.992838501930236816e-01
2.464484423398971558e-04 9.997535347938537598e-01
4.935213655699044466e-05 9.999506473541259766e-01
1.688416377874091268e-04 9.998310804367065430e-01
7.981702801771461964e-04 9.992018342018127441e-01
1.176645673695020378e-04 9.998823404312133789e-01
2.031217445619404316e-05 9.999797344207763672e-01
4.502958327066153288e-04 9.995496869087219238e-01
5.011062021367251873e-04 9.994988441467285156e-01
2.193740510847419500e-04 9.997805953025817871e-01
3.433107922319322824e-04 9.996566772460937500e-01
1.905095705296844244e-04 9.998095631599426270e-01
4.504898679442703724e-04 9.995494484901428223e-01
1.045992103172466159e-04 9.998953342437744141e-01
2.139196294592693448e-05 9.999786615371704102e-01
9.343674901174381375e-05 9.999065399169921875e-01
1.638724934309720993e-04 9.998360872268676758e-01
2.682722697500139475e-04 9.997317194938659668e-01
6.919679697602987289e-03 9.930803179740905762e-01
6.657660123892128468e-04 9.993341565132141113e-01
6.364198052324354649e-04 9.993636012077331543e-01
9.098892769543454051e-05 9.999090433120727539e-01
2.631798561196774244e-04 9.997368454933166504e-01
3.622988006100058556e-04 9.996377229690551758e-01
8.231736137531697750e-05 9.999176263809204102e-01
5.200277155381627381e-05 9.999480247497558594e-01
1.878472103271633387e-04 9.998121857643127441e-01
4.461033095140010118e-04 9.995538592338562012e-01
6.699314690195024014e-04 9.993300437927246094e-01
6.237665656954050064e-04 9.993762373924255371e-01
3.890159714501351118e-04 9.996109604835510254e-01
6.164966907817870378e-05 9.999383687973022461e-01
1.907351252157241106e-04 9.998093247413635254e-01
1.530923691461794078e-05 9.999847412109375000e-01
3.907984646502882242e-04 9.996091723442077637e-01
3.305153950350359082e-05 9.999669790267944336e-01
1.568346284329891205e-03 9.984316229820251465e-01
3.581423879950307310e-05 9.999642372131347656e-01
4.656055476516485214e-03 9.953438639640808105e-01
2.742304466664791107e-03 9.972577691078186035e-01
1.236235257238149643e-04 9.998763799667358398e-01
1.255209936061874032e-04 9.998744726181030273e-01
3.170719719491899014e-04 9.996829032897949219e-01
2.475810470059514046e-04 9.997524619102478027e-01
3.589717962313443422e-04 9.996410608291625977e-01
1.713081874186173081e-04 9.998286962509155273e-01
5.279345437884330750e-03 9.947206974029541016e-01
2.173112152377143502e-04 9.997827410697937012e-01
2.187349455198273063e-04 9.997813105583190918e-01
3.746434231288731098e-04 9.996253252029418945e-01
1.931818551383912563e-04 9.998068213462829590e-01
1.218706674990244210e-04 9.998781681060791016e-01
1.912756706587970257e-04 9.998087286949157715e-01
1.351844402961432934e-04 9.998648166656494141e-01
2.554903767304494977e-05 9.999744892120361328e-01
3.238406789023429155e-04 9.996762275695800781e-01
1.134277117671445012e-04 9.998865127563476562e-01
3.900480078300461173e-05 9.999610185623168945e-01
3.313923079986125231e-04 9.996685981750488281e-01
1.120928136515431106e-04 9.998879432678222656e-01
8.452941983705386519e-05 9.999154806137084961e-01
7.109136640792712569e-05 9.999289512634277344e-01
1.011025524348951876e-04 9.998989105224609375e-01
9.092894033528864384e-04 9.990906715393066406e-01
3.405653114896267653e-05 9.999659061431884766e-01
1.783237443305552006e-03 9.982166886329650879e-01
3.537079028319567442e-04 9.996463060379028320e-01
1.624243304831907153e-04 9.998375177383422852e-01
9.917542774928733706e-05 9.999008178710937500e-01
3.293059853604063392e-05 9.999670982360839844e-01
2.025382564170286059e-04 9.997975230216979980e-01
1.451495627406984568e-04 9.998548030853271484e-01
1.747605972923338413e-03 9.982523322105407715e-01
3.084349737036973238e-05 9.999691247940063477e-01
5.203072447329759598e-03 9.947969317436218262e-01
7.004081271588802338e-05 9.999299049377441406e-01
4.773990076500922441e-04 9.995225667953491211e-01
3.648494021035730839e-05 9.999635219573974609e-01
3.457372804405167699e-05 9.999654293060302734e-01
1.891349238576367497e-04 9.998108744621276855e-01
1.877354807220399380e-04 9.998123049736022949e-01
4.198719034320674837e-05 9.999580383300781250e-01
3.170592535752803087e-04 9.996829032897949219e-01
3.352510102558881044e-04 9.996647834777832031e-01
1.180665785796009004e-04 9.998818635940551758e-01
3.003101119247730821e-05 9.999699592590332031e-01
2.029302559094503522e-04 9.997970461845397949e-01
1.534934417577460408e-04 9.998464584350585938e-01
1.265576865989714861e-04 9.998733997344970703e-01
2.064179163426160812e-03 9.979358911514282227e-01
1.107380230678245425e-04 9.998892545700073242e-01
4.417200034367851913e-05 9.999557733535766602e-01
1.311960804741829634e-04 9.998687505722045898e-01
1.756844285409897566e-04 9.998243451118469238e-01
3.442609158810228109e-04 9.996557235717773438e-01
2.015488134929910302e-04 9.997984766960144043e-01
4.152993496973067522e-04 9.995847344398498535e-01
2.375494223088026047e-04 9.997624754905700684e-01
1.567458966746926308e-03 9.984325766563415527e-01
1.395928324200212955e-03 9.986041188240051270e-01
5.596583941951394081e-04 9.994403719902038574e-01
4.055549652548506856e-05 9.999594688415527344e-01
5.826061824336647987e-04 9.994174242019653320e-01
5.226493158261291683e-05 9.999477863311767578e-01
3.004939935635775328e-04 9.996995925903320312e-01
5.833840696141123772e-04 9.994165897369384766e-01
3.404807939659804106e-04 9.996595382690429688e-01
4.401782643981277943e-04 9.995598196983337402e-01
9.082785254577174783e-05 9.999091625213623047e-01
2.880670945160090923e-04 9.997119307518005371e-01
4.302688830648548901e-05 9.999569654464721680e-01
1.315791858360171318e-03 9.986842274665832520e-01
3.065103664994239807e-04 9.996935129165649414e-01
4.404852807056158781e-04 9.995594620704650879e-01
3.629933344200253487e-04 9.996370077133178711e-01
1.655664877034723759e-03 9.983443021774291992e-01
6.939937156857922673e-05 9.999306201934814453e-01
7.526209810748696327e-04 9.992474317550659180e-01
2.525649906601756811e-04 9.997474551200866699e-01
1.206397500936873257e-04 9.998793601989746094e-01
9.216534672304987907e-04 9.990782737731933594e-01
9.345626313006505370e-05 9.999065399169921875e-01
8.582852024119347334e-05 9.999141693115234375e-01
9.246326517313718796e-04 9.990752935409545898e-01
5.593183916062116623e-03 9.944068193435668945e-01
1.779995363904163241e-04 9.998220801353454590e-01
2.946420572698116302e-04 9.997053742408752441e-01
3.618617483880370855e-04 9.996380805969238281e-01
1.041628536768257618e-03 9.989583492279052734e-01
1.510515867266803980e-04 9.998489618301391602e-01
9.392744686920195818e-05 9.999060630798339844e-01
2.684994833543896675e-04 9.997314810752868652e-01
8.827706798911094666e-03 9.911722540855407715e-01
8.576404798077419400e-05 9.999141693115234375e-01
7.776190759614109993e-04 9.992223978042602539e-01
2.640990715008229017e-04 9.997358918190002441e-01
1.222261227667331696e-03 9.987776875495910645e-01
3.910578670911490917e-04 9.996089339256286621e-01
1.355290587525814772e-04 9.998644590377807617e-01
8.526138262823224068e-04 9.991474151611328125e-01
1.532799447886645794e-03 9.984671473503112793e-01
1.400997163727879524e-03 9.985989928245544434e-01
4.466762475203722715e-04 9.995532631874084473e-01
2.408069703960791230e-04 9.997591376304626465e-01
1.605415309313684702e-05 9.999839067459106445e-01
5.674923522747121751e-05 9.999432563781738281e-01
1.291016000322997570e-03 9.987089633941650391e-01
1.255305483937263489e-03 9.987446069717407227e-01
5.549046181840822101e-05 9.999444484710693359e-01
7.584618870168924332e-04 9.992415904998779297e-01
4.535260814009234309e-05 9.999547004699707031e-01
6.561104673892259598e-04 9.993439316749572754e-01
1.077204942703247070e-03 9.989227652549743652e-01
3.292650799266993999e-04 9.996707439422607422e-01
9.332600166089832783e-04 9.990667700767517090e-01
7.325225305976346135e-05 9.999266862869262695e-01
2.659572928678244352e-04 9.997339844703674316e-01
4.754815017804503441e-05 9.999524354934692383e-01
3.661127993836998940e-04 9.996339082717895508e-01
2.651354880072176456e-04 9.997348189353942871e-01
4.813696796190924942e-05 9.999518394470214844e-01
2.775579341687262058e-04 9.997224211692810059e-01
3.676580672618001699e-04 9.996323585510253906e-01
1.631691411603242159e-04 9.998368024826049805e-01
1.119596417993307114e-03 9.988804459571838379e-01
4.271802026778459549e-04 9.995728135108947754e-01
5.099549161968752742e-05 9.999489784240722656e-01
4.351296229287981987e-04 9.995648264884948730e-01
2.973250520881265402e-04 9.997026324272155762e-01
4.186342121101915836e-04 9.995813965797424316e-01
4.272538935765624046e-04 9.995726943016052246e-01
1.040280549204908311e-04 9.998959302902221680e-01
4.439430267666466534e-05 9.999556541442871094e-01
2.175527188228443265e-04 9.997825026512145996e-01
4.969846486346796155e-05 9.999502897262573242e-01
3.521210601320490241e-05 9.999648332595825195e-01
4.085469845449551940e-05 9.999591112136840820e-01
1.260425080545246601e-03 9.987395405769348145e-01
3.900617302861064672e-04 9.996100068092346191e-01
7.494725584983825684e-01 2.505274713039398193e-01
2.497334789950400591e-04 9.997503161430358887e-01
1.412031473591923714e-03 9.985879063606262207e-01
1.898174523375928402e-03 9.981018900871276855e-01
6.392435170710086823e-04 9.993607401847839355e-01
5.546847241930663586e-04 9.994452595710754395e-01
2.910455223172903061e-04 9.997089505195617676e-01
3.382856375537812710e-04 9.996616840362548828e-01
3.792965144384652376e-04 9.996206760406494141e-01
3.949553647544234991e-04 9.996051192283630371e-01
4.845300281886011362e-04 9.995154142379760742e-01
3.917845606338232756e-04 9.996082186698913574e-01
2.625049673952162266e-04 9.997374415397644043e-01
7.068144623190164566e-05 9.999293088912963867e-01
2.111701760441064835e-04 9.997888207435607910e-01
1.852736168075352907e-04 9.998148083686828613e-01
5.980525165796279907e-04 9.994019269943237305e-01
1.455502235330641270e-03 9.985445737838745117e-01
4.965128391631878912e-05 9.999502897262573242e-01
2.421023324131965637e-03 9.975790381431579590e-01
2.022841479629278183e-03 9.979771971702575684e-01
4.657577082980424166e-04 9.995342493057250977e-01
3.737188526429235935e-04 9.996262788772583008e-01
2.173075881728436798e-05 9.999783039093017578e-01
1.656194217503070831e-04 9.998342990875244141e-01
1.780132733983919024e-04 9.998219609260559082e-01
2.377202472416684031e-04 9.997622370719909668e-01
6.226354162208735943e-04 9.993774294853210449e-01
1.197071978822350502e-03 9.988029003143310547e-01
2.182147465646266937e-03 9.978178739547729492e-01
5.350810824893414974e-04 9.994649291038513184e-01
1.485525135649368167e-04 9.998514652252197266e-01
3.238688223063945770e-03 9.967613816261291504e-01
2.371260197833180428e-04 9.997628331184387207e-01
1.263474114239215851e-04 9.998736381530761719e-01
1.554796239361166954e-03 9.984452128410339355e-01
9.608113323338329792e-04 9.990391731262207031e-01
2.495140361133962870e-04 9.997504353523254395e-01
5.438953303382731974e-05 9.999456405639648438e-01
8.699856116436421871e-04 9.991300702095031738e-01
1.048058984451927245e-04 9.998952150344848633e-01
3.394062805455178022e-04 9.996606111526489258e-01
1.548327418277040124e-04 9.998451471328735352e-01
6.374332006089389324e-04 9.993625283241271973e-01
3.998826723545789719e-04 9.996001124382019043e-01
6.836970715085044503e-05 9.999315738677978516e-01
1.319815055467188358e-03 9.986801743507385254e-01
1.340675953542813659e-04 9.998658895492553711e-01
1.430496457032859325e-03 9.985694885253906250e-01
8.699325262568891048e-04 9.991300702095031738e-01
3.267870051786303520e-04 9.996732473373413086e-01
4.803182309842668474e-05 9.999519586563110352e-01
1.189473332487978041e-04 9.998810291290283203e-01
1.121663735830225050e-04 9.998878240585327148e-01
1.037454348988831043e-04 9.998962879180908203e-01
7.190043834270909429e-05 9.999281167984008789e-01
1.431540353223681450e-03 9.985684156417846680e-01
1.208068861160427332e-04 9.998791217803955078e-01
4.918224294669926167e-04 9.995081424713134766e-01
1.167862210422754288e-03 9.988321661949157715e-01
1.494909083703532815e-04 9.998505115509033203e-01
3.074872438446618617e-05 9.999692440032958984e-01
4.259315028320997953e-04 9.995741248130798340e-01
1.946841075550764799e-04 9.998053908348083496e-01
3.868665662594139576e-04 9.996131062507629395e-01
2.821284870151430368e-04 9.997178912162780762e-01
6.679635407635942101e-05 9.999332427978515625e-01
3.269185253884643316e-05 9.999673366546630859e-01
9.885629406198859215e-04 9.990113973617553711e-01
3.961423935834318399e-04 9.996039271354675293e-01
2.564285532571375370e-04 9.997435212135314941e-01
1.327375648543238640e-04 9.998672008514404297e-01
1.456150639569386840e-04 9.998543262481689453e-01
1.047835030476562679e-04 9.998952150344848633e-01
5.670930841006338596e-05 9.999432563781738281e-01
1.616391673451289535e-04 9.998383522033691406e-01
7.511665171477943659e-05 9.999248981475830078e-01
7.887700921855866909e-04 9.992111921310424805e-01
2.131811343133449554e-03 9.978681802749633789e-01
7.740557339275255799e-05 9.999226331710815430e-01
3.120821784250438213e-04 9.996879100799560547e-01
7.664089935133233666e-05 9.999233484268188477e-01
2.845106064341962337e-04 9.997155070304870605e-01
3.362320057931356132e-05 9.999663829803466797e-01
1.330856466665863991e-03 9.986691474914550781e-01
4.380259488243609667e-04 9.995619654655456543e-01
7.238116813823580742e-05 9.999276399612426758e-01
1.625017961487174034e-03 9.983749389648437500e-01
4.881906788796186447e-04 9.995118379592895508e-01
1.241098743776092306e-05 9.999876022338867188e-01
3.720150853041559458e-04 9.996279478073120117e-01
8.911381592042744160e-04 9.991088509559631348e-01
1.562604447826743126e-04 9.998437166213989258e-01
5.771835567429661751e-04 9.994227886199951172e-01
1.211361843161284924e-03 9.987886548042297363e-01
2.620153827592730522e-04 9.997379183769226074e-01
4.517408378887921572e-04 9.995482563972473145e-01
2.973208320327103138e-04 9.997026324272155762e-01
2.823769813403487206e-03 9.971761703491210938e-01
6.808480247855186462e-05 9.999319314956665039e-01
3.424158494453877211e-04 9.996576309204101562e-01
7.435295265167951584e-05 9.999256134033203125e-01
9.996163425967097282e-04 9.990003705024719238e-01
3.090800310019403696e-04 9.996908903121948242e-01
5.501379491761326790e-04 9.994499087333679199e-01
1.199995040224166587e-05 9.999879598617553711e-01
1.964791590580716729e-04 9.998034834861755371e-01
1.297572278417646885e-03 9.987024068832397461e-01
5.795902688987553120e-05 9.999420642852783203e-01
8.364616078324615955e-04 9.991635084152221680e-01
7.483852095901966095e-05 9.999251365661621094e-01
2.952449722215533257e-05 9.999704360961914062e-01
2.557944389991462231e-04 9.997442364692687988e-01
1.756993151502683759e-04 9.998243451118469238e-01
5.080947885289788246e-04 9.994919300079345703e-01
1.430416945368051529e-03 9.985696077346801758e-01
1.406546216458082199e-04 9.998593330383300781e-01
8.968512993305921555e-04 9.991031885147094727e-01
9.638314804760739207e-05 9.999035596847534180e-01
8.383650183677673340e-01 1.616350263357162476e-01
2.414691116428002715e-04 9.997585415840148926e-01
1.498618512414395809e-04 9.998501539230346680e-01
2.235160936834290624e-04 9.997765421867370605e-01
2.219551533926278353e-04 9.997780919075012207e-01
1.059434027411043644e-03 9.989405274391174316e-01
7.361499592661857605e-05 9.999263286590576172e-01
1.515965559519827366e-04 9.998483657836914062e-01
4.469425417482852936e-03 9.955305457115173340e-01
1.110136974602937698e-02 9.888986945152282715e-01
6.655827164649963379e-04 9.993343949317932129e-01
1.636677770875394344e-04 9.998363256454467773e-01
2.269801771035417914e-04 9.997730851173400879e-01
4.454515001270920038e-04 9.995545744895935059e-01
5.643718177452683449e-04 9.994356036186218262e-01
7.710940553806722164e-05 9.999228715896606445e-01
1.339597656624391675e-04 9.998660087585449219e-01
2.940014237537980080e-04 9.997059702873229980e-01
7.903986843302845955e-04 9.992095232009887695e-01
2.506081073079258204e-04 9.997493624687194824e-01
5.420442175818607211e-05 9.999457597732543945e-01
1.219342462718486786e-03 9.987806677818298340e-01
1.844337530201300979e-04 9.998156428337097168e-01
2.893972559832036495e-04 9.997106194496154785e-01
5.864243721589446068e-04 9.994136095046997070e-01
1.198181998915970325e-04 9.998801946640014648e-01
2.953933144453912973e-04 9.997045397758483887e-01
1.110799494199454784e-04 9.998888969421386719e-01
3.644050448201596737e-04 9.996355772018432617e-01
2.316574828000739217e-04 9.997683167457580566e-01
9.001009748317301273e-04 9.990999698638916016e-01
7.422500493703410029e-05 9.999257326126098633e-01
9.528498776489868760e-05 9.999047517776489258e-01
5.975108069833368063e-05 9.999402761459350586e-01
6.836040411144495010e-04 9.993164539337158203e-01
4.198494367301464081e-03 9.958015084266662598e-01
4.164226120337843895e-04 9.995835423469543457e-01
9.267847053706645966e-05 9.999072551727294922e-01
6.383908330462872982e-04 9.993615746498107910e-01
2.472672495059669018e-04 9.997527003288269043e-01
2.136710681952536106e-04 9.997863173484802246e-01
1.697777304798364639e-03 9.983022212982177734e-01
1.162368920631706715e-03 9.988376498222351074e-01
1.674931030720472336e-03 9.983250498771667480e-01
3.696260682772845030e-04 9.996303319931030273e-01
7.141844835132360458e-04 9.992858767509460449e-01
3.614456509239971638e-04 9.996385574340820312e-01
4.924592794850468636e-04 9.995075464248657227e-01
1.613312197150662541e-04 9.998385906219482422e-01
5.488179158419370651e-05 9.999451637268066406e-01
1.692510704742744565e-04 9.998307228088378906e-01
3.157097671646624804e-04 9.996843338012695312e-01
