3.313923079986125231e-04 9.996685981750488281e-01
7.818049198249354959e-06 9.999921321868896484e-01
1.375880965497344732e-04 9.998624324798583984e-01
2.945832238765433431e-05 9.999705553054809570e-01
1.874496520031243563e-04 9.998125433921813965e-01
5.115140083944424987e-05 9.999488592147827148e-01
1.121366367442533374e-04 9.998878240585327148e-01
7.284574094228446484e-04 9.992715716361999512e-01
3.410209683352150023e-05 9.999659061431884766e-01
3.497393918223679066e-04 9.996502399444580078e-01
6.957805599085986614e-04 9.993041753768920898e-01
3.394062805455178022e-04 9.996606111526489258e-01
2.845106064341962337e-04 9.997155070304870605e-01
1.362216862617060542e-04 9.998637437820434570e-01
6.643376400461420417e-05 9.999336004257202148e-01
4.734863177873194218e-04 9.995265007019042969e-01
1.849334221333265305e-03 9.981506466865539551e-01
1.472563133575022221e-03 9.985274076461791992e-01
2.165440128010232002e-05 9.999783039093017578e-01
1.430416945368051529e-03 9.985696077346801758e-01
4.558301952783949673e-05 9.999544620513916016e-01
5.279345437884330750e-03 9.947206974029541016e-01
3.404807939659804106e-04 9.996595382690429688e-01
3.147787065245211124e-04 9.996852874755859375e-01
2.571763179730623960e-04 9.997428059577941895e-01
9.839540580287575722e-04 9.990160465240478516e-01
4.741525335703045130e-04 9.995259046554565430e-01
4.438594332896173000e-04 9.995561242103576660e-01
6.015809412929229438e-05 9.999397993087768555e-01
1.427098868589382619e-05 9.999856948852539062e-01
8.260500180767849088e-05 9.999173879623413086e-01
3.205649554729461670e-04 9.996794462203979492e-01
6.164966907817870378e-05 9.999383687973022461e-01
4.483883822103962302e-05 9.999551773071289062e-01
6.637752085225656629e-05 9.999336004257202148e-01
1.147602102719247341e-03 9.988523721694946289e-01
2.154276939108967781e-03 9.978457689285278320e-01
1.403251080773770809e-03 9.985967278480529785e-01
5.922983109485358000e-05 9.999407529830932617e-01
9.937272407114505768e-04 9.990063309669494629e-01
5.501379491761326790e-04 9.994499087333679199e-01
4.580708991852588952e-05 9.999542236328125000e-01
5.833840696141123772e-04 9.994165897369384766e-01
8.308702963404357433e-04 9.991691112518310547e-01
7.285171304829418659e-04 9.992714524269104004e-01
4.136736097279936075e-04 9.995862841606140137e-01
2.146974729839712381e-04 9.997853636741638184e-01
6.079901359044015408e-04 9.993920326232910156e-01
1.493086892878636718e-04 9.998506307601928711e-01
1.167862210422754288e-03 9.988321661949157715e-01
3.917845606338232756e-04 9.996082186698913574e-01
4.993466427549719810e-05 9.999500513076782227e-01
1.199995040224166587e-05 9.999879598617553711e-01
7.199710671557113528e-05 9.999279975891113281e-01
3.382856375537812710e-04 9.996616840362548828e-01
1.162368920631706715e-03 9.988376498222351074e-01
1.247200299985706806e-03 9.987528324127197266e-01
6.814567605033516884e-04 9.993185997009277344e-01
7.788441143929958344e-04 9.992210865020751953e-01
6.561104673892259598e-04 9.993439316749572754e-01
6.301909219473600388e-03 9.936980605125427246e-01
2.761383948381990194e-04 9.997238516807556152e-01
1.541664241813123226e-04 9.998458623886108398e-01
2.026212896453216672e-04 9.997974038124084473e-01
3.020237199962139130e-04 9.996980428695678711e-01
2.445898135192692280e-04 9.997554421424865723e-01
7.190043834270909429e-05 9.999281167984008789e-01
1.086771953850984573e-04 9.998912811279296875e-01
1.905095705296844244e-04 9.998095631599426270e-01
1.712533121462911367e-04 9.998286962509155273e-01
1.848570071160793304e-03 9.981513619422912598e-01
6.145475199446082115e-04 9.993854761123657227e-01
9.098892769543454051e-05 9.999090433120727539e-01
2.192253887187689543e-04 9.997808337211608887e-01
3.647339763119816780e-04 9.996352195739746094e-01
5.547852488234639168e-04 9.994452595710754395e-01
2.222868613898754120e-03 9.977771639823913574e-01
1.603663549758493900e-04 9.998396635055541992e-01
1.906969409901648760e-04 9.998093247413635254e-01
7.135148189263418317e-05 9.999285936355590820e-01
2.198959373345132917e-05 9.999780654907226562e-01
5.565425381064414978e-04 9.994434714317321777e-01
1.369149977108463645e-04 9.998630285263061523e-01
8.654675912111997604e-05 9.999134540557861328e-01
2.022841479629278183e-03 9.979771971702575684e-01
2.558170817792415619e-04 9.997442364692687988e-01
4.609629831975325942e-05 9.999538660049438477e-01
2.150354994228109717e-04 9.997850060462951660e-01
1.573865883983671665e-04 9.998426437377929688e-01
6.239575450308620930e-04 9.993761181831359863e-01
2.537876134738326073e-04 9.997462630271911621e-01
5.386294651543721557e-05 9.999461174011230469e-01
4.634196520783007145e-04 9.995366334915161133e-01
5.897997107240371406e-05 9.999409914016723633e-01
7.467214163625612855e-05 9.999253749847412109e-01
2.269801771035417914e-04 9.997730851173400879e-01
7.445683004334568977e-04 9.992553591728210449e-01
8.050051401369273663e-04 9.991950392723083496e-01
3.696137573570013046e-04 9.996303319931030273e-01
3.754213976208120584e-04 9.996246099472045898e-01
2.940014237537980080e-04 9.997059702873229980e-01
2.219551533926278353e-04 9.997780919075012207e-01
8.636069251224398613e-04 9.991363883018493652e-01
1.862577846623025835e-05 9.999814033508300781e-01
4.173262277618050575e-05 9.999582767486572266e-01
6.484153709607198834e-05 9.999351501464843750e-01
6.957747973501682281e-05 9.999303817749023438e-01
1.498618512414395809e-04 9.998501539230346680e-01
8.228338265325874090e-05 9.999177455902099609e-01
5.354803215595893562e-05 9.999464750289916992e-01
1.515965559519827366e-04 9.998483657836914062e-01
1.510515867266803980e-04 9.998489618301391602e-01
2.782234514597803354e-04 9.997217059135437012e-01
9.826615132624283433e-05 9.999017715454101562e-01
3.207123081665486097e-04 9.996793270111083984e-01
1.530923691461794078e-05 9.999847412109375000e-01
3.793127834796905518e-04 9.996206760406494141e-01
3.061522729694843292e-04 9.996938705444335938e-01
2.077744866255670786e-04 9.997922778129577637e-01
1.279682619497179985e-04 9.998719692230224609e-01
1.989674521610140800e-03 9.980103373527526855e-01
6.930559757165610790e-04 9.993069171905517578e-01
2.211454557254910469e-04 9.997788071632385254e-01
2.605360168672632426e-05 9.999738931655883789e-01
4.534296167548745871e-04 9.995465874671936035e-01
1.747605972923338413e-03 9.982523322105407715e-01
1.079387438949197531e-04 9.998919963836669922e-01
2.770144864916801453e-02 9.722985625267028809e-01
1.346137956716120243e-03 9.986538887023925781e-01
4.910759744234383106e-04 9.995089769363403320e-01
8.723031351109966636e-05 9.999127388000488281e-01
1.504660758655518293e-04 9.998495578765869141e-01
1.130582299083471298e-03 9.988693594932556152e-01
1.886432437459006906e-04 9.998113512992858887e-01
6.803333963034674525e-05 9.999319314956665039e-01
1.102383703255327418e-05 9.999890327453613281e-01
2.240080175397451967e-05 9.999775886535644531e-01
9.583525243215262890e-04 9.990416169166564941e-01
4.750753942062146962e-05 9.999524354934692383e-01
7.321141310967504978e-05 9.999268054962158203e-01
6.975054275244474411e-04 9.993025064468383789e-01
1.568824081914499402e-04 9.998431205749511719e-01
2.362067461945116520e-04 9.997637867927551270e-01
1.681347639532759786e-04 9.998317956924438477e-01
5.882437108084559441e-04 9.994118213653564453e-01
1.999558589886873960e-04 9.998000264167785645e-01
1.947910495800897479e-04 9.998052716255187988e-01
9.388966282131150365e-05 9.999060630798339844e-01
8.600269939051941037e-05 9.999139308929443359e-01
2.546556061133742332e-04 9.997453093528747559e-01
2.823769813403487206e-03 9.971761703491210938e-01
2.473109052516520023e-04 9.997527003288269043e-01
4.535260814009234309e-05 9.999547004699707031e-01
1.912255247589200735e-04 9.998088479042053223e-01
1.119512817240320146e-04 9.998880624771118164e-01
1.475131721235811710e-04 9.998524188995361328e-01
8.292226993944495916e-05 9.999170303344726562e-01
1.328780053881928325e-04 9.998670816421508789e-01
3.954962812713347375e-05 9.999604225158691406e-01
1.226272142957895994e-04 9.998773336410522461e-01
5.200277155381627381e-05 9.999480247497558594e-01
1.754006952978670597e-04 9.998245835304260254e-01
1.164434652309864759e-04 9.998835325241088867e-01
2.129795175278559327e-04 9.997870326042175293e-01
1.255209936061874032e-04 9.998744726181030273e-01
8.689106325618922710e-04 9.991311430931091309e-01
2.994547321577556431e-05 9.999700784683227539e-01
3.025473597517702729e-05 9.999697208404541016e-01
9.968461235985159874e-04 9.990032315254211426e-01
7.206299342215061188e-04 9.992794394493103027e-01
4.606856091413646936e-04 9.995393753051757812e-01
3.564673170330934227e-05 9.999643564224243164e-01
6.186252576299011707e-04 9.993813037872314453e-01
6.215239409357309341e-04 9.993784427642822266e-01
1.254091184819117188e-04 9.998745918273925781e-01
7.851274567656219006e-04 9.992148876190185547e-01
3.022872842848300934e-04 9.996976852416992188e-01
2.572856901679188013e-04 9.997426867485046387e-01
5.953967920504510403e-04 9.994045495986938477e-01
1.076709595508873463e-04 9.998923540115356445e-01
3.207245754310861230e-05 9.999679327011108398e-01
5.869049346074461937e-04 9.994131326675415039e-01
1.034493616316467524e-04 9.998965263366699219e-01
7.287713378900662065e-05 9.999271631240844727e-01
4.274245293345302343e-05 9.999572038650512695e-01
3.648494021035730839e-05 9.999635219573974609e-01
5.416495841927826405e-04 9.994583725929260254e-01
9.608113323338329792e-04 9.990391731262207031e-01
1.187566012958995998e-04 9.998812675476074219e-01
6.696458440274000168e-04 9.993304014205932617e-01
1.872218999778851867e-04 9.998127818107604980e-01
1.109454024117439985e-04 9.998890161514282227e-01
9.931796375894919038e-05 9.999006986618041992e-01
2.550747594796121120e-04 9.997449517250061035e-01
1.657454995438456535e-04 9.998341798782348633e-01
1.205999054946005344e-03 9.987939596176147461e-01
1.556323259137570858e-04 9.998443126678466797e-01
8.819359936751425266e-05 9.999117851257324219e-01
2.316574828000739217e-04 9.997683167457580566e-01
1.045506578520871699e-04 9.998954534530639648e-01
1.140282838605344296e-04 9.998859167098999023e-01
5.170760414330288768e-05 9.999482631683349609e-01
1.625017961487174034e-03 9.983749389648437500e-01
1.433860510587692261e-03 9.985662102699279785e-01
6.722512771375477314e-04 9.993277788162231445e-01
4.935213655699044466e-05 9.999506473541259766e-01
8.939518738770857453e-05 9.999105930328369141e-01
2.561519977462012321e-05 9.999743700027465820e-01
5.846643944096285850e-06 9.999941587448120117e-01
9.896976407617330551e-04 9.990103244781494141e-01
2.254165738122537732e-04 9.997746348381042480e-01
2.669806126505136490e-04 9.997330307960510254e-01
1.606260484550148249e-04 9.998393058776855469e-01
2.515450760256499052e-04 9.997484087944030762e-01
3.090800310019403696e-04 9.996908903121948242e-01
4.661403727368451655e-05 9.999533891677856445e-01
9.258819773094728589e-05 9.999073743820190430e-01
9.630907443352043629e-04 9.990369081497192383e-01
1.150063908426091075e-04 9.998849630355834961e-01
6.093001502449624240e-05 9.999390840530395508e-01
1.883535151137039065e-04 9.998117089271545410e-01
4.674736555898562074e-05 9.999532699584960938e-01
2.689286193344742060e-04 9.997310042381286621e-01
1.223948493134230375e-04 9.998775720596313477e-01
5.400687223300337791e-04 9.994599223136901855e-01
4.204897413728758693e-05 9.999579191207885742e-01
6.843636510893702507e-04 9.993156194686889648e-01
8.297875756397843361e-04 9.991701841354370117e-01
3.050362465728539973e-05 9.999694824218750000e-01
1.339597656624391675e-04 9.998660087585449219e-01
3.825602470897138119e-04 9.996174573898315430e-01
1.345453056273981929e-04 9.998654127120971680e-01
2.193740510847419500e-04 9.997805953025817871e-01
1.226997555932030082e-04 9.998773336410522461e-01
7.068144623190164566e-05 9.999293088912963867e-01
9.258536738343536854e-05 9.999073743820190430e-01
1.946841075550764799e-04 9.998053908348083496e-01
4.723672755062580109e-03 9.952763319015502930e-01
6.510093808174133301e-04 9.993489384651184082e-01
5.808761925436556339e-04 9.994190931320190430e-01
9.840614802669733763e-05 9.999015331268310547e-01
2.604664405225776136e-05 9.999738931655883789e-01
1.130940945586189628e-04 9.998868703842163086e-01
1.311960804741829634e-04 9.998687505722045898e-01
2.389662549830973148e-04 9.997610449790954590e-01
1.775295240804553032e-04 9.998225569725036621e-01
5.788711132481694221e-04 9.994211196899414062e-01
2.302852590219117701e-05 9.999769926071166992e-01
9.885629406198859215e-04 9.990113973617553711e-01
5.442698020488023758e-04 9.994557499885559082e-01
2.982383593916893005e-04 9.997016787528991699e-01
4.790279781445860863e-04 9.995210170745849609e-01
7.361499592661857605e-05 9.999263286590576172e-01
1.190516399219632149e-03 9.988094568252563477e-01
4.152993496973067522e-04 9.995847344398498535e-01
3.297087270766496658e-03 9.967029690742492676e-01
2.175527188228443265e-04 9.997825026512145996e-01
1.780132733983919024e-04 9.998219609260559082e-01
1.844337530201300979e-04 9.998156428337097168e-01
2.033003140240907669e-03 9.979669451713562012e-01
6.697329808957874775e-04 9.993302822113037109e-01
7.664089935133233666e-05 9.999233484268188477e-01
2.101009304169565439e-04 9.997898936271667480e-01
7.745837792754173279e-04 9.992253780364990234e-01
3.938576555810868740e-04 9.996061921119689941e-01
5.030565444030798972e-05 9.999496936798095703e-01
8.364616078324615955e-04 9.991635084152221680e-01
1.553725451231002808e-04 9.998445510864257812e-01
3.242301754653453827e-04 9.996757507324218750e-01
8.911381592042744160e-04 9.991088509559631348e-01
1.027932885335758328e-04 9.998972415924072266e-01
2.718475589063018560e-04 9.997281432151794434e-01
6.342813721857964993e-04 9.993657469749450684e-01
8.328347030328586698e-05 9.999166727066040039e-01
3.753651166334748268e-03 9.962462782859802246e-01
1.115849663619883358e-04 9.998884201049804688e-01
2.409910084679722786e-03 9.975900650024414062e-01
8.049348980421200395e-05 9.999195337295532227e-01
4.350701055955141783e-04 9.995649456977844238e-01
7.971601735334843397e-05 9.999202489852905273e-01
7.169155869632959366e-04 9.992831349372863770e-01
5.369534846977330744e-05 9.999463558197021484e-01
3.737188526429235935e-04 9.996262788772583008e-01
3.557399395504035056e-05 9.999644756317138672e-01
4.754864858114160597e-05 9.999524354934692383e-01
2.487316378392279148e-04 9.997512698173522949e-01
5.546847241930663586e-04 9.994452595710754395e-01
3.874554531648755074e-04 9.996126294136047363e-01
1.944372896105051041e-03 9.980556964874267578e-01
2.472672495059669018e-04 9.997527003288269043e-01
1.907351252157241106e-04 9.998093247413635254e-01
3.259040240664035082e-04 9.996740818023681641e-01
1.296390080824494362e-03 9.987035989761352539e-01
8.699856116436421871e-04 9.991300702095031738e-01
3.589717962313443422e-04 9.996410608291625977e-01
1.775931683368980885e-03 9.982240796089172363e-01
5.924864308326505125e-05 9.999407529830932617e-01
4.185519937891513109e-04 9.995813965797424316e-01
4.404852807056158781e-04 9.995594620704650879e-01
5.958407200523652136e-05 9.999403953552246094e-01
3.521210601320490241e-05 9.999648332595825195e-01
2.476499648764729500e-04 9.997523427009582520e-01
8.011466823518276215e-03 9.919885396957397461e-01
4.928935231873765588e-05 9.999507665634155273e-01
8.926661685109138489e-04 9.991073012351989746e-01
1.672336366027593613e-04 9.998327493667602539e-01
5.388997305999509990e-05 9.999461174011230469e-01
3.641612129285931587e-04 9.996358156204223633e-01
1.255305483937263489e-03 9.987446069717407227e-01
2.001519751502200961e-04 9.997999072074890137e-01
5.140162538737058640e-04 9.994859695434570312e-01
5.643718177452683449e-04 9.994356036186218262e-01
2.436104696244001389e-04 9.997563958168029785e-01
1.200141967274248600e-03 9.987998008728027344e-01
7.074022432789206505e-04 9.992926120758056641e-01
1.638724934309720993e-04 9.998360872268676758e-01
1.858424511738121510e-04 9.998142123222351074e-01
6.920678424648940563e-05 9.999307394027709961e-01
3.677642671391367912e-04 9.996322393417358398e-01
5.171911325305700302e-04 9.994827508926391602e-01
4.719340067822486162e-04 9.995280504226684570e-01
1.211361843161284924e-03 9.987886548042297363e-01
8.699325262568891048e-04 9.991300702095031738e-01
5.685568903572857380e-04 9.994314312934875488e-01
1.590616593603044748e-04 9.998408555984497070e-01
1.222044695168733597e-03 9.987779259681701660e-01
1.692510704742744565e-04 9.998307228088378906e-01
2.654326635820325464e-05 9.999734163284301758e-01
1.046606776071712375e-04 9.998953342437744141e-01
3.178689221385866404e-04 9.996821880340576172e-01
1.822617778088897467e-04 9.998177886009216309e-01
1.797670993255451322e-04 9.998202919960021973e-01
7.920125499367713928e-04 9.992080330848693848e-01
1.431540353223681450e-03 9.985684156417846680e-01
6.964526255615055561e-04 9.993035793304443359e-01
1.304023317061364651e-04 9.998695850372314453e-01
3.871161316055804491e-04 9.996128678321838379e-01
1.184107022709213197e-04 9.998816251754760742e-01
1.912756706587970257e-04 9.998087286949157715e-01
4.939141799695789814e-04 9.995061159133911133e-01
1.783237443305552006e-03 9.982166886329650879e-01
3.882129967678338289e-04 9.996117949485778809e-01
7.589824381284415722e-04 9.992409944534301758e-01
2.873007615562528372e-04 9.997126460075378418e-01
4.197634989395737648e-04 9.995802044868469238e-01
1.139521991717629135e-04 9.998860359191894531e-01
2.453327469993382692e-04 9.997546076774597168e-01
1.438925100956112146e-04 9.998561143875122070e-01
1.656194217503070831e-04 9.998342990875244141e-01
1.174159464426338673e-03 9.988258481025695801e-01
3.084349737036973238e-05 9.999691247940063477e-01
4.194040593574754894e-05 9.999580383300781250e-01
1.964686816791072488e-04 9.998036026954650879e-01
1.833784481277689338e-04 9.998165965080261230e-01
1.769519643858075142e-03 9.982305169105529785e-01
1.222487189806997776e-04 9.998776912689208984e-01
5.361731746233999729e-04 9.994638562202453613e-01
1.177007070509716868e-04 9.998823404312133789e-01
