4.978774115443229675e-02 9.502122998237609863e-01
2.038571536540985107e-01 7.961428165435791016e-01
4.184606373310089111e-01 5.815393924713134766e-01
4.389657452702522278e-02 9.561034440994262695e-01
1.676775068044662476e-01 8.323224782943725586e-01
7.468868046998977661e-03 9.925311207771301270e-01
1.531613469123840332e-01 8.468385934829711914e-01
9.961196184158325195e-01 3.880449337884783745e-03
3.078576922416687012e-01 6.921423077583312988e-01
2.928764224052429199e-01 7.071235775947570801e-01
1.780938357114791870e-01 8.219062089920043945e-01
1.221979968249797821e-02 9.877802133560180664e-01
6.067785024642944336e-01 3.932214975357055664e-01
6.252721697092056274e-02 9.374728202819824219e-01
8.599105477333068848e-01 1.400894969701766968e-01
9.842867255210876465e-01 1.571331545710563660e-02
4.288067296147346497e-02 9.571192860603332520e-01
1.287610456347465515e-02 9.871238470077514648e-01
6.232569217681884766e-01 3.767430782318115234e-01
1.491533517837524414e-01 8.508466482162475586e-01
1.834607869386672974e-01 8.165392279624938965e-01
7.124648094177246094e-01 2.875352203845977783e-01
2.822668850421905518e-02 9.717733263969421387e-01
1.775133162736892700e-01 8.224866390228271484e-01
9.667068123817443848e-01 3.329313918948173523e-02
4.028136432170867920e-01 5.971863865852355957e-01
1.010059472173452377e-02 9.898994565010070801e-01
6.392373889684677124e-02 9.360762238502502441e-01
2.735373675823211670e-01 7.264626622200012207e-01
7.634972333908081055e-01 2.365027666091918945e-01
6.184661984443664551e-01 3.815338015556335449e-01
1.318270713090896606e-01 8.681729435920715332e-01
5.473583191633224487e-02 9.452641606330871582e-01
1.511351298540830612e-02 9.848864674568176270e-01
1.928597092628479004e-01 8.071402907371520996e-01
5.240637436509132385e-02 9.475936889648437500e-01
1.130769699811935425e-01 8.869230747222900391e-01
1.363562941551208496e-01 8.636437654495239258e-01
4.635522365570068359e-01 5.364478230476379395e-01
3.322110474109649658e-01 6.677889823913574219e-01
8.784727752208709717e-02 9.121527075767517090e-01
9.446943402290344238e-01 5.530564114451408386e-02
1.029976308345794678e-01 8.970023393630981445e-01
3.210222721099853516e-01 6.789777278900146484e-01
5.026476979255676270e-01 4.973522722721099854e-01
1.995416879653930664e-01 8.004583120346069336e-01
1.368375718593597412e-01 8.631624579429626465e-01
2.734357416629791260e-01 7.265642881393432617e-01
4.024731814861297607e-01 5.975268483161926270e-01
3.106909617781639099e-02 9.689308404922485352e-01
3.473093360662460327e-02 9.652690291404724121e-01
8.816470950841903687e-02 9.118353724479675293e-01
1.907853782176971436e-01 8.092146515846252441e-01
4.864277690649032593e-02 9.513573050498962402e-01
8.683385699987411499e-02 9.131661057472229004e-01
4.331301450729370117e-01 5.668698549270629883e-01
9.230694770812988281e-01 7.693050801753997803e-02
1.553584039211273193e-01 8.446416258811950684e-01
1.663570851087570190e-01 8.336429595947265625e-01
2.930924892425537109e-01 7.069075107574462891e-01
2.264469116926193237e-01 7.735531330108642578e-01
3.585965633392333984e-01 6.414034366607666016e-01
2.518129162490367889e-02 9.748186469078063965e-01
1.010923013091087341e-01 8.989076614379882812e-01
6.465245038270950317e-02 9.353474974632263184e-01
4.789439588785171509e-02 9.521055817604064941e-01
1.452430151402950287e-02 9.854757189750671387e-01
2.435332834720611572e-01 7.564667463302612305e-01
2.305905893445014954e-02 9.769409298896789551e-01
2.184204906225204468e-01 7.815795540809631348e-01
9.336665272712707520e-01 6.633345037698745728e-02
8.194713592529296875e-01 1.805286109447479248e-01
2.216729372739791870e-01 7.783270478248596191e-01
2.697681784629821777e-01 7.302318215370178223e-01
4.500793516635894775e-01 5.499206781387329102e-01
6.762584298849105835e-02 9.323741793632507324e-01
4.311542212963104248e-02 9.568845629692077637e-01
2.272083759307861328e-01 7.727916240692138672e-01
6.095855236053466797e-01 3.904144763946533203e-01
1.243105530738830566e-01 8.756893873214721680e-01
2.449727430939674377e-02 9.755026698112487793e-01
1.829998791217803955e-01 8.170001506805419922e-01
5.094430409371852875e-03 9.949055910110473633e-01
9.397780299186706543e-01 6.022198498249053955e-02
1.467610895633697510e-02 9.853238463401794434e-01
8.860471248626708984e-01 1.139528602361679077e-01
1.317175328731536865e-01 8.682824373245239258e-01
3.226157650351524353e-02 9.677383899688720703e-01
1.433725208044052124e-01 8.566275238990783691e-01
2.747152559459209442e-02 9.725285172462463379e-01
1.037006229162216187e-01 8.962994217872619629e-01
1.510928869247436523e-01 8.489071130752563477e-01
1.028914153575897217e-01 8.971086144447326660e-01
3.631516396999359131e-01 6.368483901023864746e-01
6.766678690910339355e-01 3.233321309089660645e-01
3.642566800117492676e-01 6.357433199882507324e-01
2.231211215257644653e-02 9.776878952980041504e-01
9.290946722030639648e-01 7.090532779693603516e-02
6.767148971557617188e-01 3.232850730419158936e-01
1.464114151895046234e-02 9.853588342666625977e-01
5.437883734703063965e-02 9.456211328506469727e-01
4.950158596038818359e-01 5.049840807914733887e-01
2.026362419128417969e-01 7.973637580871582031e-01
9.163902699947357178e-02 9.083609580993652344e-01
1.412984281778335571e-01 8.587015867233276367e-01
3.979397714138031006e-01 6.020601987838745117e-01
8.989296108484268188e-02 9.101070761680603027e-01
4.042541980743408203e-02 9.595746397972106934e-01
2.316255867481231689e-02 9.768373966217041016e-01
1.098374575376510620e-01 8.901625871658325195e-01
2.680486142635345459e-01 7.319514155387878418e-01
2.439587563276290894e-01 7.560412287712097168e-01
6.539584696292877197e-02 9.346041679382324219e-01
2.035684585571289062e-01 7.964315414428710938e-01
6.747864484786987305e-01 3.252135515213012695e-01
6.511844694614410400e-02 9.348815679550170898e-01
1.302372477948665619e-02 9.869762063026428223e-01
4.153656661510467529e-01 5.846343040466308594e-01
4.790934547781944275e-02 9.520906805992126465e-01
4.140031710267066956e-02 9.585996866226196289e-01
1.787151098251342773e-01 8.212848901748657227e-01
1.173287034034729004e-01 8.826712965965270996e-01
2.063568085432052612e-01 7.936431169509887695e-01
1.507635265588760376e-01 8.492364883422851562e-01
9.861578941345214844e-01 1.384210586547851562e-02
1.173772290349006653e-02 9.882622361183166504e-01
1.172408647835254669e-02 9.882759451866149902e-01
1.239736303687095642e-01 8.760263919830322266e-01
2.499912828207015991e-01 7.500087618827819824e-01
6.148697435855865479e-02 9.385130405426025391e-01
6.987375766038894653e-02 9.301262497901916504e-01
2.246498763561248779e-01 7.753501534461975098e-01
4.147853702306747437e-02 9.585214853286743164e-01
1.525407657027244568e-02 9.847458600997924805e-01
1.252148896455764771e-01 8.747850656509399414e-01
4.306091964244842529e-01 5.693907737731933594e-01
7.124243676662445068e-02 9.287575483322143555e-01
6.981033086776733398e-01 3.018966913223266602e-01
3.048073351383209229e-01 6.951926946640014648e-01
5.647971034049987793e-01 4.352028667926788330e-01
2.343326658010482788e-01 7.656673192977905273e-01
9.178893566131591797e-01 8.211065083742141724e-02
1.883400604128837585e-02 9.811659455299377441e-01
2.369244992733001709e-01 7.630754709243774414e-01
9.106840938329696655e-02 9.089316129684448242e-01
1.224283725023269653e-01 8.775716423988342285e-01
4.604163020849227905e-02 9.539583325386047363e-01
6.005610525608062744e-02 9.399438500404357910e-01
1.918931305408477783e-01 8.081068396568298340e-01
6.106060147285461426e-01 3.893940150737762451e-01
8.110732436180114746e-01 1.889267563819885254e-01
8.592299818992614746e-01 1.407700031995773315e-01
7.582585811614990234e-01 2.417413890361785889e-01
6.968004107475280762e-01 3.031995892524719238e-01
7.320907115936279297e-01 2.679093182086944580e-01
1.069713607430458069e-01 8.930286169052124023e-01
1.262697279453277588e-01 8.737303018569946289e-01
4.763956069946289062e-01 5.236044526100158691e-01
9.917401075363159180e-01 8.259858936071395874e-03
8.047262430191040039e-01 1.952737867832183838e-01
3.439802527427673340e-01 6.560196876525878906e-01
6.098291277885437012e-02 9.390171170234680176e-01
3.466259539127349854e-01 6.533740758895874023e-01
6.973866820335388184e-01 3.026133477687835693e-01
9.357182681560516357e-02 9.064280986785888672e-01
4.367141798138618469e-02 9.563285708427429199e-01
1.839288622140884399e-01 8.160710930824279785e-01
1.991275846958160400e-01 8.008723855018615723e-01
2.145841252058744431e-03 9.978541731834411621e-01
2.764618396759033203e-01 7.235381603240966797e-01
1.345097422599792480e-01 8.654901981353759766e-01
4.834504052996635437e-02 9.516549110412597656e-01
6.630005836486816406e-01 3.369994461536407471e-01
3.745151683688163757e-02 9.625484943389892578e-01
1.618595868349075317e-01 8.381404280662536621e-01
4.165188968181610107e-01 5.834810733795166016e-01
3.457069993019104004e-01 6.542930006980895996e-01
5.085331574082374573e-02 9.491466879844665527e-01
4.967735707759857178e-01 5.032264590263366699e-01
4.706321284174919128e-02 9.529367685317993164e-01
1.870200186967849731e-01 8.129799962043762207e-01
2.569480538368225098e-01 7.430519461631774902e-01
5.347803235054016113e-01 4.652196764945983887e-01
7.083957195281982422e-01 2.916043102741241455e-01
3.636254668235778809e-01 6.363745331764221191e-01
6.978640556335449219e-01 3.021359443664550781e-01
8.404951542615890503e-02 9.159504771232604980e-01
5.731071531772613525e-02 9.426892399787902832e-01
3.356104791164398193e-01 6.643895506858825684e-01
4.445840716361999512e-01 5.554159283638000488e-01
2.644073665142059326e-01 7.355926036834716797e-01
5.027534961700439453e-01 4.972465336322784424e-01
3.256131112575531006e-01 6.743868589401245117e-01
1.962736696004867554e-01 8.037263154983520508e-01
8.580268621444702148e-01 1.419730782508850098e-01
3.793049454689025879e-01 6.206950545310974121e-01
9.132479429244995117e-01 8.675200492143630981e-02
3.134268522262573242e-01 6.865730881690979004e-01
3.202982246875762939e-01 6.797017455101013184e-01
4.934121370315551758e-01 5.065878033638000488e-01
2.768413424491882324e-01 7.231586575508117676e-01
1.655730605125427246e-01 8.344269990921020508e-01
4.573842287063598633e-01 5.426157712936401367e-01
2.725258655846118927e-02 9.727474451065063477e-01
8.889283537864685059e-01 1.110716536641120911e-01
1.835596263408660889e-01 8.164403438568115234e-01
5.063628405332565308e-02 9.493637084960937500e-01
4.889149591326713562e-02 9.511085152626037598e-01
1.461744122207164764e-02 9.853825569152832031e-01
3.753604888916015625e-01 6.246395111083984375e-01
5.498431995511054993e-02 9.450156092643737793e-01
4.210041463375091553e-02 9.578995704650878906e-01
1.395564228296279907e-01 8.604435920715332031e-01
1.070811077952384949e-01 8.929189443588256836e-01
2.285584621131420135e-02 9.771441817283630371e-01
2.758035808801651001e-02 9.724196195602416992e-01
1.445206254720687866e-01 8.554793596267700195e-01
9.946828484535217285e-01 5.317180883139371872e-03
8.706541359424591064e-02 9.129346013069152832e-01
2.232048958539962769e-01 7.767950892448425293e-01
2.371055334806442261e-01 7.628944516181945801e-01
7.164770364761352539e-01 2.835229933261871338e-01
1.786120682954788208e-01 8.213878870010375977e-01
2.692871093750000000e-01 7.307128906250000000e-01
3.542101681232452393e-01 6.457898020744323730e-01
1.411324925720691681e-02 9.858868122100830078e-01
4.020116925239562988e-01 5.979883670806884766e-01
2.031667530536651611e-01 7.968332767486572266e-01
2.123370319604873657e-01 7.876629233360290527e-01
1.725773811340332031e-01 8.274226784706115723e-01
3.667078316211700439e-01 6.332921385765075684e-01
5.703793764114379883e-01 4.296206831932067871e-01
3.904908150434494019e-02 9.609509706497192383e-01
7.331021875143051147e-02 9.266897439956665039e-01
1.064610108733177185e-01 8.935389518737792969e-01
8.988217115402221680e-01 1.011782065033912659e-01
1.214723959565162659e-01 8.785275220870971680e-01
8.560991287231445312e-01 1.439009010791778564e-01
2.388672716915607452e-02 9.761132597923278809e-01
3.156907856464385986e-02 9.684309363365173340e-01
3.226708620786666870e-02 9.677329063415527344e-01
9.759781360626220703e-01 2.402189001441001892e-02
1.748511344194412231e-01 8.251488804817199707e-01
1.819203048944473267e-02 9.818080067634582520e-01
1.100287064909934998e-01 8.899713158607482910e-01
4.284218847751617432e-01 5.715781450271606445e-01
1.329932957887649536e-01 8.670067191123962402e-01
7.557848468422889709e-03 9.924421310424804688e-01
9.983890503644943237e-02 9.001611471176147461e-01
4.694978594779968262e-01 5.305021405220031738e-01
1.351233124732971191e-01 8.648766279220581055e-01
9.057672321796417236e-02 9.094232916831970215e-01
4.055047631263732910e-01 5.944952368736267090e-01
2.268036305904388428e-01 7.731963396072387695e-01
5.014860033988952637e-01 4.985139966011047363e-01
5.906065702438354492e-01 4.093934595584869385e-01
3.030873276293277740e-02 9.696912765502929688e-01
2.586141228675842285e-01 7.413858771324157715e-01
2.034706473350524902e-01 7.965294122695922852e-01
6.924380660057067871e-01 3.075619339942932129e-01
7.387080788612365723e-02 9.261292219161987305e-01
8.702866733074188232e-02 9.129713177680969238e-01
8.372778445482254028e-02 9.162722229957580566e-01
3.926223143935203552e-02 9.607377648353576660e-01
8.577644824981689453e-02 9.142235517501831055e-01
6.360732764005661011e-02 9.363926649093627930e-01
1.477616876363754272e-01 8.522382974624633789e-01
1.019468605518341064e-01 8.980531096458435059e-01
5.141004920005798340e-01 4.858995079994201660e-01
2.692276239395141602e-01 7.307723760604858398e-01
7.087445259094238281e-01 2.912555038928985596e-01
4.128674566745758057e-01 5.871325135231018066e-01
9.348170757293701172e-01 6.518293172121047974e-02
6.119874864816665649e-02 9.388012886047363281e-01
7.463632524013519287e-02 9.253637194633483887e-01
6.217897683382034302e-02 9.378209710121154785e-01
2.698793709278106689e-01 7.301206588745117188e-01
4.366277158260345459e-02 9.563372731208801270e-01
6.186597049236297607e-02 9.381340742111206055e-01
8.992317914962768555e-01 1.007681712508201599e-01
5.214089155197143555e-01 4.785910546779632568e-01
1.299937218427658081e-01 8.700063228607177734e-01
3.245486617088317871e-01 6.754512786865234375e-01
7.781748473644256592e-02 9.221825003623962402e-01
3.106037713587284088e-02 9.689396023750305176e-01
5.577717423439025879e-01 4.422282576560974121e-01
3.637365251779556274e-02 9.636263251304626465e-01
1.802349388599395752e-01 8.197650313377380371e-01
4.370967149734497070e-01 5.629032850265502930e-01
8.332130312919616699e-02 9.166786670684814453e-01
1.376232057809829712e-01 8.623768091201782227e-01
6.738007068634033203e-01 3.261992931365966797e-01
4.093227088451385498e-01 5.906772613525390625e-01
4.052813649177551270e-01 5.947186350822448730e-01
1.065464690327644348e-01 8.934534788131713867e-01
3.760109469294548035e-02 9.623989462852478027e-01
7.711838930845260620e-02 9.228816032409667969e-01
3.624746203422546387e-02 9.637525081634521484e-01
4.459394514560699463e-02 9.554060101509094238e-01
2.096185684204101562e-01 7.903814315795898438e-01
3.434240520000457764e-01 6.565759181976318359e-01
2.018524110317230225e-01 7.981476187705993652e-01
8.079754561185836792e-02 9.192025065422058105e-01
3.143099546432495117e-01 6.856900453567504883e-01
3.758185729384422302e-02 9.624181389808654785e-01
4.473449289798736572e-02 9.552655220031738281e-01
3.676514029502868652e-01 6.323485970497131348e-01
7.775599956512451172e-01 2.224399894475936890e-01
2.835613302886486053e-02 9.716439247131347656e-01
6.661556661128997803e-02 9.333844780921936035e-01
1.618342250585556030e-01 8.381658196449279785e-01
8.362801074981689453e-01 1.637198776006698608e-01
4.591779410839080811e-01 5.408220291137695312e-01
1.548584997653961182e-01 8.451415300369262695e-01
6.692395210266113281e-01 3.307604491710662842e-01
1.909526437520980835e-01 8.090473413467407227e-01
3.806945383548736572e-01 6.193054914474487305e-01
4.038973525166511536e-02 9.596102833747863770e-01
8.629268407821655273e-02 9.137073159217834473e-01
2.039366513490676880e-01 7.960633039474487305e-01
1.907422021031379700e-02 9.809257388114929199e-01
8.314799517393112183e-02 9.168519973754882812e-01
3.482230901718139648e-01 6.517768502235412598e-01
2.346733808517456055e-01 7.653266191482543945e-01
3.272595107555389404e-01 6.727405190467834473e-01
9.659546613693237305e-02 9.034045338630676270e-01
2.385956645011901855e-01 7.614043354988098145e-01
3.702276945114135742e-01 6.297723054885864258e-01
1.410891115665435791e-01 8.589108586311340332e-01
3.606685400009155273e-01 6.393314599990844727e-01
1.992456018924713135e-01 8.007544279098510742e-01
2.805180549621582031e-01 7.194818854331970215e-01
7.988321781158447266e-02 9.201167821884155273e-01
2.547653615474700928e-01 7.452346682548522949e-01
1.487635672092437744e-01 8.512364029884338379e-01
5.308124050498008728e-02 9.469187259674072266e-01
3.209576010704040527e-01 6.790423989295959473e-01
5.194625258445739746e-01 4.805375039577484131e-01
2.591255120933055878e-02 9.740874171257019043e-01
2.695504724979400635e-01 7.304494976997375488e-01
5.535466074943542480e-01 4.464533627033233643e-01
4.107071459293365479e-01 5.892928242683410645e-01
4.212723299860954285e-02 9.578727483749389648e-01
2.883321344852447510e-01 7.116678953170776367e-01
8.957884311676025391e-01 1.042115390300750732e-01
9.722221642732620239e-02 9.027778506278991699e-01
2.363520674407482147e-02 9.763647913932800293e-01
4.651791155338287354e-01 5.348209142684936523e-01
5.179817229509353638e-02 9.482018351554870605e-01
4.311126470565795898e-01 5.688873529434204102e-01
6.993563473224639893e-02 9.300643801689147949e-01
4.461554884910583496e-01 5.538445115089416504e-01
4.273671209812164307e-01 5.726329088211059570e-01
4.295980334281921387e-01 5.704019069671630859e-01
1.352589428424835205e-01 8.647410273551940918e-01
9.703042358160018921e-02 9.029695391654968262e-01
3.476040661334991455e-01 6.523959636688232422e-01
1.718890666961669922e-02 9.828110933303833008e-01
1.179688330739736557e-02 9.882031083106994629e-01
5.266146659851074219e-01 4.733853638172149658e-01
4.623978435993194580e-01 5.376021265983581543e-01
1.448533535003662109e-01 8.551466464996337891e-01
3.557466715574264526e-02 9.644253253936767578e-01
1.354034990072250366e-01 8.645964860916137695e-01
2.290462404489517212e-01 7.709537744522094727e-01
5.745152235031127930e-01 4.254848361015319824e-01
4.123688936233520508e-01 5.876311063766479492e-01
1.226701661944389343e-01 8.773298859596252441e-01
4.040219262242317200e-02 9.595977663993835449e-01
6.622032076120376587e-02 9.337797164916992188e-01
6.269074976444244385e-02 9.373093247413635254e-01
9.584413170814514160e-01 4.155864566564559937e-02
7.681579589843750000e-01 2.318420410156250000e-01
2.506495714187622070e-01 7.493504285812377930e-01
8.822200894355773926e-01 1.177799776196479797e-01
2.272873744368553162e-02 9.772712588310241699e-01
8.428115844726562500e-01 1.571884602308273315e-01
4.434665739536285400e-01 5.565333962440490723e-01
4.726572632789611816e-01 5.273426771163940430e-01
1.527602672576904297e-01 8.472397327423095703e-01
1.193017810583114624e-01 8.806982040405273438e-01
3.453751206398010254e-01 6.546248793601989746e-01
2.698050625622272491e-02 9.730194807052612305e-01
4.924301430583000183e-02 9.507570266723632812e-01
3.787167072296142578e-01 6.212832927703857422e-01
8.955656737089157104e-02 9.104434251785278320e-01
4.092600643634796143e-01 5.907399654388427734e-01
1.980253309011459351e-02 9.801974296569824219e-01
2.511560916900634766e-01 7.488439083099365234e-01
9.846991896629333496e-01 1.530080661177635193e-02
3.642669320106506348e-02 9.635732769966125488e-01
3.254958987236022949e-01 6.745041012763977051e-01
4.786411523818969727e-01 5.213588476181030273e-01
9.297959804534912109e-01 7.020405679941177368e-02
2.883039787411689758e-02 9.711696505546569824e-01
1.100427284836769104e-01 8.899572491645812988e-01
7.784854173660278320e-01 2.215145677328109741e-01
3.086992204189300537e-01 6.913008093833923340e-01
1.161072105169296265e-01 8.838928341865539551e-01
2.195700407028198242e-01 7.804299592971801758e-01
6.040324568748474121e-01 3.959676027297973633e-01
1.149407625198364258e-01 8.850592374801635742e-01
1.340514123439788818e-01 8.659486174583435059e-01
5.084486305713653564e-02 9.491550922393798828e-01
3.587193787097930908e-01 6.412805914878845215e-01
9.557633101940155029e-02 9.044236540794372559e-01
1.867998391389846802e-01 8.132001757621765137e-01
8.607667088508605957e-01 1.392332911491394043e-01
4.904493093490600586e-01 5.095506906509399414e-01
5.774445086717605591e-02 9.422555565834045410e-01
1.887510865926742554e-01 8.112489581108093262e-01
1.920875012874603271e-01 8.079125285148620605e-01
1.460571289062500000e-01 8.539428710937500000e-01
3.041987717151641846e-01 6.958011984825134277e-01
3.328617215156555176e-01 6.671383380889892578e-01
8.617730811238288879e-03 9.913823008537292480e-01
5.713861584663391113e-01 4.286138415336608887e-01
6.730961054563522339e-02 9.326903820037841797e-01
1.144354343414306641e-01 8.855645656585693359e-01
3.803690373897552490e-01 6.196309924125671387e-01
1.147237643599510193e-01 8.852762579917907715e-01
1.264344006776809692e-01 8.735656142234802246e-01
1.805748194456100464e-01 8.194251656532287598e-01
4.632989466190338135e-01 5.367010831832885742e-01
9.502653479576110840e-01 4.973468557000160217e-02
6.521311402320861816e-02 9.347868561744689941e-01
1.011032834649085999e-01 8.988966941833496094e-01
3.794655203819274902e-01 6.205344200134277344e-01
2.041737735271453857e-01 7.958261966705322266e-01
7.579151988029479980e-01 2.420847713947296143e-01
1.556295249611139297e-02 9.844371080398559570e-01
4.636077582836151123e-02 9.536392092704772949e-01
6.359725594520568848e-01 3.640273809432983398e-01
2.642287909984588623e-01 7.357712388038635254e-01
7.911612987518310547e-01 2.088387310504913330e-01
2.087883464992046356e-02 9.791212081909179688e-01
3.323962986469268799e-01 6.676037311553955078e-01
2.665133774280548096e-02 9.733486771583557129e-01
6.602949649095535278e-02 9.339704513549804688e-01
3.457938432693481445e-01 6.542061567306518555e-01
3.609459474682807922e-02 9.639054536819458008e-01
4.843163788318634033e-01 5.156836509704589844e-01
5.378682613372802734e-01 4.621317982673645020e-01
7.547205686569213867e-01 2.452794760465621948e-01
7.396833598613739014e-02 9.260317087173461914e-01
2.534074336290359497e-02 9.746593236923217773e-01
3.458254784345626831e-02 9.654174447059631348e-01
2.650469541549682617e-01 7.349530458450317383e-01
7.470483426004648209e-03 9.925294518470764160e-01
3.412483036518096924e-01 6.587516665458679199e-01
3.430495783686637878e-02 9.656950831413269043e-01
3.445766568183898926e-01 6.554233431816101074e-01
2.864053547382354736e-01 7.135946750640869141e-01
3.520498424768447876e-02 9.647949934005737305e-01
1.775634735822677612e-01 8.224365711212158203e-01
8.019497245550155640e-02 9.198050498962402344e-01
3.764023259282112122e-02 9.623597264289855957e-01
4.558556675910949707e-01 5.441443920135498047e-01
1.414524316787719727e-01 8.585475683212280273e-01
2.501583695411682129e-01 7.498416304588317871e-01
6.427609920501708984e-02 9.357239603996276855e-01
1.161051914095878601e-01 8.838948011398315430e-01
5.493703484535217285e-02 9.450629949569702148e-01
7.529520243406295776e-02 9.247047305107116699e-01
3.238479048013687134e-02 9.676151275634765625e-01
5.589543376117944717e-03 9.944104552268981934e-01
1.118640452623367310e-01 8.881359100341796875e-01
2.504036128520965576e-01 7.495964169502258301e-01
2.641868591308593750e-01 7.358131408691406250e-01
9.584190845489501953e-01 4.158092290163040161e-02
1.239739209413528442e-01 8.760260939598083496e-01
1.066787317395210266e-01 8.933212161064147949e-01
1.729526370763778687e-02 9.827046990394592285e-01
1.909809559583663940e-01 8.090190291404724121e-01
1.669135689735412598e-01 8.330864310264587402e-01
1.087793521583080292e-02 9.891220927238464355e-01
3.535185754299163818e-01 6.464813947677612305e-01
5.638749524950981140e-02 9.436125755310058594e-01
3.341424977406859398e-03 9.966585636138916016e-01
4.773979485034942627e-01 5.226020812988281250e-01
3.390884399414062500e-01 6.609115600585937500e-01
1.428070217370986938e-01 8.571929931640625000e-01
1.962691247463226318e-01 8.037308454513549805e-01
3.277565836906433105e-01 6.722434759140014648e-01
4.359174072742462158e-01 5.640825629234313965e-01
1.178074777126312256e-01 8.821924924850463867e-01
6.997831463813781738e-01 3.002168536186218262e-01
9.906268119812011719e-01 9.373181499540805817e-03
3.490643799304962158e-01 6.509355902671813965e-01
7.050000429153442383e-01 2.949999868869781494e-01
9.609843492507934570e-01 3.901565074920654297e-02
7.280757278203964233e-02 9.271923899650573730e-01
1.805034279823303223e-01 8.194965720176696777e-01
4.167384505271911621e-01 5.832615494728088379e-01
4.555937051773071289e-01 5.444063544273376465e-01
3.717001155018806458e-02 9.628299474716186523e-01
6.010230779647827148e-01 3.989768624305725098e-01
8.772175014019012451e-02 9.122782349586486816e-01
2.692923247814178467e-01 7.307076454162597656e-01
7.504114415496587753e-03 9.924958944320678711e-01
1.399506181478500366e-01 8.600494265556335449e-01
1.108841225504875183e-01 8.891158699989318848e-01
5.156970024108886719e-01 4.843029677867889404e-01
1.845691353082656860e-01 8.154308795928955078e-01
1.524501144886016846e-01 8.475498557090759277e-01
7.048823684453964233e-02 9.295117855072021484e-01
1.771504580974578857e-01 8.228495717048645020e-01
7.059919238090515137e-01 2.940081059932708740e-01
3.813871443271636963e-01 6.186128258705139160e-01
3.864414095878601074e-01 6.135586500167846680e-01
1.113789901137351990e-01 8.886209726333618164e-01
1.842790991067886353e-01 8.157209157943725586e-01
3.489466905593872070e-01 6.510533094406127930e-01
8.760774731636047363e-01 1.239225417375564575e-01
3.987271338701248169e-02 9.601272940635681152e-01
1.813300251960754395e-01 8.186699151992797852e-01
4.654210805892944336e-02 9.534578323364257812e-01
5.927653610706329346e-02 9.407234787940979004e-01
9.915456175804138184e-01 8.454328402876853943e-03
2.852233052253723145e-01 7.147766947746276855e-01
1.023314669728279114e-01 8.976684808731079102e-01
5.974202156066894531e-01 4.025797843933105469e-01
4.894056543707847595e-02 9.510594606399536133e-01
3.965957462787628174e-02 9.603403806686401367e-01
1.379321068525314331e-01 8.620679378509521484e-01
4.137853384017944336e-01 5.862147212028503418e-01
9.927674382925033569e-02 9.007232785224914551e-01
7.523957639932632446e-02 9.247604012489318848e-01
9.047847241163253784e-02 9.095215201377868652e-01
2.495786547660827637e-01 7.504214048385620117e-01
1.036312803626060486e-01 8.963688015937805176e-01
2.479635328054428101e-01 7.520364522933959961e-01
6.154862418770790100e-02 9.384512901306152344e-01
5.001977682113647461e-01 4.998022019863128662e-01
7.873752117156982422e-01 2.126248180866241455e-01
1.338930875062942505e-01 8.661068677902221680e-01
5.820126086473464966e-02 9.417987465858459473e-01
6.033172458410263062e-02 9.396682977676391602e-01
1.545151416212320328e-02 9.845484495162963867e-01
8.835770487785339355e-01 1.164229437708854675e-01
4.407502412796020508e-01 5.592497587203979492e-01
1.433097124099731445e-01 8.566902279853820801e-01
8.377758413553237915e-02 9.162223935127258301e-01
4.164326936006546021e-02 9.583567976951599121e-01
1.486893445253372192e-01 8.513106107711791992e-01
4.423239231109619141e-01 5.576760768890380859e-01
1.770866662263870239e-01 8.229132890701293945e-01
8.955464512109756470e-02 9.104453921318054199e-01
4.736447334289550781e-02 9.526354670524597168e-01
5.158622264862060547e-01 4.841377735137939453e-01
1.443662643432617188e-01 8.556337952613830566e-01
5.574581027030944824e-01 4.425419569015502930e-01
2.635537385940551758e-01 7.364463210105895996e-01
4.148589372634887695e-01 5.851410627365112305e-01
9.300704300403594971e-02 9.069929122924804688e-01
3.687401488423347473e-02 9.631260037422180176e-01
2.010444253683090210e-01 7.989556193351745605e-01
7.799172401428222656e-02 9.220082163810729980e-01
3.568503260612487793e-02 9.643149971961975098e-01
3.496310710906982422e-01 6.503689289093017578e-01
8.291751146316528320e-01 1.708249151706695557e-01
2.282457798719406128e-01 7.717542052268981934e-01
4.242936372756958008e-01 5.757063627243041992e-01
8.808472752571105957e-02 9.119152426719665527e-01
2.972247898578643799e-01 7.027751803398132324e-01
7.180266082286834717e-02 9.281973838806152344e-01
4.772557616233825684e-01 5.227442979812622070e-01
2.097619622945785522e-01 7.902380824089050293e-01
8.137791603803634644e-02 9.186220765113830566e-01
8.725043386220932007e-02 9.127495288848876953e-01
6.106081418693065643e-03 9.938939213752746582e-01
9.897381663322448730e-01 1.026188302785158157e-02
2.287790775299072266e-01 7.712208628654479980e-01
2.054161578416824341e-01 7.945838570594787598e-01
2.666610851883888245e-02 9.733338952064514160e-01
1.424079984426498413e-01 8.575919866561889648e-01
3.974695503711700439e-01 6.025304794311523438e-01
5.299011245369911194e-02 9.470099210739135742e-01
4.176720678806304932e-01 5.823279619216918945e-01
9.328789710998535156e-01 6.712101399898529053e-02
7.751981019973754883e-01 2.248019278049468994e-01
2.182716876268386841e-02 9.781728386878967285e-01
3.431088924407958984e-01 6.568911075592041016e-01
1.609014570713043213e-01 8.390985131263732910e-01
9.875865280628204346e-02 9.012414216995239258e-01
4.645517468452453613e-01 5.354481935501098633e-01
2.036456018686294556e-02 9.796353578567504883e-01
1.189692392945289612e-01 8.810307383537292480e-01
9.918421506881713867e-01 8.157845586538314819e-03
8.228600770235061646e-02 9.177139997482299805e-01
7.692421078681945801e-01 2.307579219341278076e-01
9.124142527580261230e-01 8.758579194545745850e-02
6.100703477859497070e-01 3.899296224117279053e-01
3.739768564701080322e-01 6.260231137275695801e-01
5.420133471488952637e-01 4.579867124557495117e-01
1.772259771823883057e-01 8.227739930152893066e-01
4.593614339828491211e-01 5.406385660171508789e-01
9.442121386528015137e-01 5.578791722655296326e-02
9.652159810066223145e-01 3.478397801518440247e-02
6.580758094787597656e-02 9.341924190521240234e-01
4.245868623256683350e-01 5.754131078720092773e-01
1.142405793070793152e-01 8.857594728469848633e-01
1.668798923492431641e-01 8.331201076507568359e-01
4.521048665046691895e-01 5.478951334953308105e-01
2.948743104934692383e-02 9.705125689506530762e-01
4.928002879023551941e-02 9.507199525833129883e-01
8.641871809959411621e-01 1.358128190040588379e-01
2.860883474349975586e-01 7.139117121696472168e-01
1.415138095617294312e-01 8.584862351417541504e-01
2.269719243049621582e-01 7.730280756950378418e-01
9.034314155578613281e-01 9.656859189271926880e-02
4.770825803279876709e-02 9.522916674613952637e-01
1.981208026409149170e-01 8.018792271614074707e-01
2.985198423266410828e-02 9.701480269432067871e-01
7.702483981847763062e-02 9.229751229286193848e-01
9.239110350608825684e-01 7.608890533447265625e-02
1.160934790968894958e-01 8.839065432548522949e-01
7.949487119913101196e-02 9.205051064491271973e-01
3.692404925823211670e-02 9.630759358406066895e-01
2.014422565698623657e-01 7.985577583312988281e-01
1.551831960678100586e-01 8.448168635368347168e-01
4.580216705799102783e-01 5.419782996177673340e-01
5.030067265033721924e-02 9.496993422508239746e-01
9.606076478958129883e-01 3.939241915941238403e-02
9.754934906959533691e-01 2.450648322701454163e-02
7.591256499290466309e-01 2.408743649721145630e-01
1.085494831204414368e-01 8.914505243301391602e-01
4.404400289058685303e-02 9.559560418128967285e-01
8.257007002830505371e-01 1.742992699146270752e-01
9.203776717185974121e-02 9.079622626304626465e-01
9.301273524761199951e-02 9.069872498512268066e-01
7.663830369710922241e-02 9.233617186546325684e-01
1.346520986407995224e-02 9.865347743034362793e-01
1.172213908284902573e-02 9.882778525352478027e-01
6.399570405483245850e-02 9.360042810440063477e-01
1.327028274536132812e-01 8.672971129417419434e-01
2.997904121875762939e-01 7.002095580101013184e-01
1.112677454948425293e-01 8.887322545051574707e-01
7.251816391944885254e-01 2.748183310031890869e-01
5.886169672012329102e-01 4.113830029964447021e-01
2.960113063454627991e-02 9.703988432884216309e-01
1.533376425504684448e-01 8.466623425483703613e-01
5.175143480300903320e-02 9.482485651969909668e-01
1.644590198993682861e-01 8.355410099029541016e-01
7.535642385482788086e-02 9.246435761451721191e-01
5.452131032943725586e-01 4.547868967056274414e-01
3.238030076026916504e-01 6.761969923973083496e-01
7.667740434408187866e-02 9.233225584030151367e-01
9.098178148269653320e-02 9.090181589126586914e-01
9.975754618644714355e-01 2.424503443762660027e-03
8.797623962163925171e-02 9.120237231254577637e-01
3.897750005125999451e-02 9.610224962234497070e-01
2.539665102958679199e-01 7.460334897041320801e-01
1.602566689252853394e-01 8.397433757781982422e-01
3.570296987891197205e-02 9.642970561981201172e-01
2.283564060926437378e-01 7.716435194015502930e-01
9.924693703651428223e-01 7.530682720243930817e-03
7.580763846635818481e-02 9.241924285888671875e-01
1.841372102499008179e-01 8.158627748489379883e-01
6.229865923523902893e-02 9.377013444900512695e-01
6.890992075204849243e-02 9.310901165008544922e-01
3.911436721682548523e-02 9.608855843544006348e-01
2.545456588268280029e-01 7.454543113708496094e-01
9.319288134574890137e-01 6.807117164134979248e-02
5.977560877799987793e-01 4.022438526153564453e-01
2.917006239295005798e-02 9.708299636840820312e-01
7.871430367231369019e-02 9.212856292724609375e-01
1.369601935148239136e-01 8.630397915840148926e-01
