7.511665171477943659e-05 9.999248981475830078e-01
5.018083611503243446e-04 9.994981288909912109e-01
5.442698020488023758e-04 9.994557499885559082e-01
1.851802335295360535e-05 9.999815225601196289e-01
8.276507141999900341e-04 9.991723299026489258e-01
2.291766228154301643e-03 9.977082014083862305e-01
1.834900467656552792e-04 9.998164772987365723e-01
2.303828077856451273e-04 9.997696280479431152e-01
6.561558257089927793e-05 9.999344348907470703e-01
1.003433935693465173e-04 9.998996257781982422e-01
1.289281644858419895e-04 9.998710155487060547e-01
1.346137956716120243e-03 9.986538887023925781e-01
5.030565444030798972e-05 9.999496936798095703e-01
6.546426448039710522e-05 9.999345541000366211e-01
3.614456509239971638e-04 9.996385574340820312e-01
2.195506531279534101e-04 9.997804760932922363e-01
1.020566560328006744e-04 9.998979568481445312e-01
2.819265355356037617e-04 9.997180104255676270e-01
3.004450409207493067e-04 9.996995925903320312e-01
8.526138262823224068e-04 9.991474151611328125e-01
1.747605972923338413e-03 9.982523322105407715e-01
3.870231448672711849e-04 9.996129870414733887e-01
1.374816474708495662e-05 9.999862909317016602e-01
5.329567939043045044e-04 9.994670748710632324e-01
8.433066541329026222e-04 9.991567134857177734e-01
1.278897252632305026e-04 9.998720884323120117e-01
1.048507634550333023e-03 9.989514350891113281e-01
1.494909083703532815e-04 9.998505115509033203e-01
5.410799058154225349e-04 9.994589686393737793e-01
7.585301646031439304e-04 9.992414712905883789e-01
3.722081019077450037e-04 9.996278285980224609e-01
1.633182400837540627e-04 9.998366832733154297e-01
1.780288876034319401e-04 9.998219609260559082e-01
2.377202472416684031e-04 9.997622370719909668e-01
5.559088094742037356e-05 9.999444484710693359e-01
5.571043002419173717e-04 9.994428753852844238e-01
1.542222744319587946e-04 9.998457431793212891e-01
2.940014237537980080e-04 9.997059702873229980e-01
2.254165738122537732e-04 9.997746348381042480e-01
1.087644996005110443e-04 9.998912811279296875e-01
4.498527050600387156e-05 9.999550580978393555e-01
1.965422648936510086e-03 9.980345368385314941e-01
1.455502235330641270e-03 9.985445737838745117e-01
2.576489641796797514e-04 9.997423291206359863e-01
1.162368920631706715e-03 9.988376498222351074e-01
6.979185855016112328e-05 9.999302625656127930e-01
5.998584674671292305e-04 9.994001388549804688e-01
4.656055476516485214e-03 9.953438639640808105e-01
1.304023317061364651e-04 9.998695850372314453e-01
1.211361843161284924e-03 9.987886548042297363e-01
4.939141799695789814e-04 9.995061159133911133e-01
7.093189196893945336e-05 9.999290704727172852e-01
9.983457857742905617e-04 9.990016818046569824e-01
2.722257049754261971e-04 9.997277855873107910e-01
3.930125967599451542e-05 9.999606609344482422e-01
7.526209810748696327e-04 9.992474317550659180e-01
2.070579677820205688e-03 9.979294538497924805e-01
6.590408738702535629e-04 9.993409514427185059e-01
5.163104739040136337e-03 9.948369264602661133e-01
8.581460861023515463e-05 9.999141693115234375e-01
6.883438618388026953e-05 9.999312162399291992e-01
1.217361786984838545e-04 9.998782873153686523e-01
4.237754183122888207e-05 9.999575614929199219e-01
3.362320057931356132e-05 9.999663829803466797e-01
2.580108412075787783e-04 9.997419714927673340e-01
2.550747594796121120e-04 9.997449517250061035e-01
7.329019717872142792e-05 9.999266862869262695e-01
1.971216697711497545e-04 9.998028874397277832e-01
3.559165052138268948e-04 9.996440410614013672e-01
9.331417968496680260e-04 9.990668892860412598e-01
7.163763075368478894e-05 9.999283552169799805e-01
1.898449991131201386e-04 9.998101592063903809e-01
1.284749450860545039e-04 9.998714923858642578e-01
2.931042108684778214e-04 9.997069239616394043e-01
3.859035496134310961e-04 9.996141195297241211e-01
2.570669748820364475e-04 9.997429251670837402e-01
1.064254785887897015e-03 9.989357590675354004e-01
1.481896033510565758e-03 9.985181689262390137e-01
8.320370106957852840e-04 9.991680383682250977e-01
5.671059479936957359e-04 9.994328618049621582e-01
1.792193688743282109e-05 9.999821186065673828e-01
5.833840696141123772e-04 9.994165897369384766e-01
2.103699225699529052e-04 9.997896552085876465e-01
1.442521606804803014e-04 9.998557567596435547e-01
2.936535165645182133e-04 9.997063279151916504e-01
9.450504876440390944e-05 9.999054670333862305e-01
1.202605999424122274e-04 9.998797178268432617e-01
2.011982141993939877e-04 9.997988343238830566e-01
1.042068688548170030e-04 9.998958110809326172e-01
7.002519851084798574e-05 9.999300241470336914e-01
3.508076479192823172e-04 9.996491670608520508e-01
8.572014485253021121e-05 9.999142885208129883e-01
6.164956372231245041e-03 9.938350915908813477e-01
3.405653114896267653e-05 9.999659061431884766e-01
2.839840599335730076e-04 9.997159838676452637e-01
1.017224742099642754e-03 9.989827275276184082e-01
8.016830543056130409e-05 9.999197721481323242e-01
4.667078901547938585e-04 9.995332956314086914e-01
3.098119486821815372e-05 9.999690055847167969e-01
5.647595971822738647e-03 9.943523406982421875e-01
1.504660758655518293e-04 9.998495578765869141e-01
3.067570796702057123e-04 9.996932744979858398e-01
1.063964795321226120e-03 9.989359974861145020e-01
1.362216862617060542e-04 9.998637437820434570e-01
1.636153465369716287e-04 9.998363256454467773e-01
2.194408007198944688e-04 9.997805953025817871e-01
3.648494021035730839e-05 9.999635219573974609e-01
5.361731746233999729e-04 9.994638562202453613e-01
5.621880409307777882e-04 9.994377493858337402e-01
5.721091292798519135e-04 9.994278550148010254e-01
1.226263993885368109e-04 9.998773336410522461e-01
3.647339763119816780e-04 9.996352195739746094e-01
3.859035496134310961e-04 9.996141195297241211e-01
6.655827164649963379e-04 9.993343949317932129e-01
6.709679728373885155e-04 9.993290901184082031e-01
4.719340067822486162e-04 9.995280504226684570e-01
9.216534672304987907e-04 9.990782737731933594e-01
1.887755119241774082e-03 9.981122016906738281e-01
1.852142275311052799e-03 9.981478452682495117e-01
3.804191073868423700e-04 9.996196031570434570e-01
9.157340973615646362e-04 9.990842342376708984e-01
4.140909732086583972e-05 9.999586343765258789e-01
1.909520360641181469e-04 9.998090863227844238e-01
1.914059394039213657e-04 9.998086094856262207e-01
4.625954315997660160e-04 9.995374679565429688e-01
1.530923691461794078e-05 9.999847412109375000e-01
7.398563320748507977e-04 9.992601275444030762e-01
7.287713378900662065e-05 9.999271631240844727e-01
3.371515776962041855e-05 9.999662637710571289e-01
1.868356193881481886e-04 9.998131394386291504e-01
6.149013061076402664e-03 9.938509464263916016e-01
2.191123494412750006e-04 9.997809529304504395e-01
6.957747973501682281e-05 9.999303817749023438e-01
4.231309503666125238e-05 9.999576807022094727e-01
1.090742152882739902e-04 9.998909235000610352e-01
1.616391673451289535e-04 9.998383522033691406e-01
5.248454399406909943e-04 9.994751811027526855e-01
1.532787428004667163e-04 9.998466968536376953e-01
8.719595643924549222e-05 9.999127388000488281e-01
4.730717409984208643e-05 9.999526739120483398e-01
1.175350043922662735e-03 9.988246560096740723e-01
6.963105261093005538e-05 9.999303817749023438e-01
2.896423684433102608e-04 9.997103810310363770e-01
1.984868431463837624e-03 9.980151653289794922e-01
2.185155972256325185e-05 9.999781847000122070e-01
5.236925790086388588e-04 9.994763731956481934e-01
3.584955993574112654e-04 9.996415376663208008e-01
9.481475717620924115e-05 9.999052286148071289e-01
7.120982627384364605e-05 9.999288320541381836e-01
1.501321385148912668e-04 9.998497962951660156e-01
4.328589711803942919e-04 9.995670914649963379e-01
2.269801771035417914e-04 9.997730851173400879e-01
2.144008067261893302e-05 9.999785423278808594e-01
3.776105586439371109e-04 9.996223449707031250e-01
9.628495172364637256e-05 9.999036788940429688e-01
2.873785851988941431e-04 9.997126460075378418e-01
2.044406428467482328e-04 9.997956156730651855e-01
2.022841479629278183e-03 9.979771971702575684e-01
1.071324455551803112e-03 9.989286065101623535e-01
3.591196727938950062e-04 9.996408224105834961e-01
1.254059025086462498e-04 9.998745918273925781e-01
7.035858579911291599e-04 9.992964267730712891e-01
5.436949133872985840e-01 4.563051164150238037e-01
9.538380254525691271e-05 9.999046325683593750e-01
1.389402459608390927e-04 9.998610019683837891e-01
6.606304668821394444e-05 9.999339580535888672e-01
4.874375881627202034e-04 9.995125532150268555e-01
5.900894757360219955e-05 9.999409914016723633e-01
1.108076539821922779e-03 9.988918900489807129e-01
2.945832238765433431e-05 9.999705553054809570e-01
1.032626969390548766e-04 9.998967647552490234e-01
2.584202738944441080e-04 9.997416138648986816e-01
3.557399395504035056e-05 9.999644756317138672e-01
1.315355330007150769e-04 9.998683929443359375e-01
1.206242595799267292e-03 9.987937211990356445e-01
4.469425417482852936e-03 9.955305457115173340e-01
1.959995832294225693e-03 9.980400204658508301e-01
2.084938751067966223e-04 9.997915625572204590e-01
8.228338265325874090e-05 9.999177455902099609e-01
1.533831236883997917e-04 9.998465776443481445e-01
5.798437632620334625e-04 9.994201660156250000e-01
4.466762475203722715e-04 9.995532631874084473e-01
2.659621241036802530e-04 9.997339844703674316e-01
3.054540429729968309e-04 9.996945858001708984e-01
2.960979181807488203e-04 9.997038245201110840e-01
5.518818274140357971e-03 9.944812059402465820e-01
1.098891370929777622e-04 9.998900890350341797e-01
5.099549161968752742e-05 9.999489784240722656e-01
6.254220352275297046e-05 9.999374151229858398e-01
4.085469845449551940e-05 9.999591112136840820e-01
1.562604447826743126e-04 9.998437166213989258e-01
6.437168922275304794e-04 9.993563294410705566e-01
1.015624002320691943e-04 9.998984336853027344e-01
1.983805093914270401e-03 9.980162382125854492e-01
1.662268885411322117e-03 9.983377456665039062e-01
1.837318122852593660e-04 9.998162388801574707e-01
7.920125499367713928e-04 9.992080330848693848e-01
1.412294368492439389e-04 9.998587369918823242e-01
4.491415165830403566e-05 9.999550580978393555e-01
1.663633302086964250e-04 9.998335838317871094e-01
3.537079028319567442e-04 9.996463060379028320e-01
5.385699914768338203e-04 9.994614720344543457e-01
7.361499592661857605e-05 9.999263286590576172e-01
1.102359965443611145e-04 9.998897314071655273e-01
5.430024582892656326e-03 9.945699572563171387e-01
2.807989039865788072e-05 9.999718666076660156e-01
6.720942474203184247e-05 9.999327659606933594e-01
5.613724715658463538e-05 9.999438524246215820e-01
7.620545511599630117e-05 9.999238252639770508e-01
2.403802936896681786e-04 9.997596144676208496e-01
7.830951362848281860e-04 9.992169141769409180e-01
1.718133280519396067e-04 9.998281002044677734e-01
2.131811343133449554e-03 9.978681802749633789e-01
1.606989681022241712e-04 9.998393058776855469e-01
3.274580012657679617e-05 9.999672174453735352e-01
7.451472338289022446e-04 9.992548823356628418e-01
7.494725584983825684e-01 2.505274713039398193e-01
9.092894033528864384e-04 9.990906715393066406e-01
4.041705746203660965e-03 9.959582686424255371e-01
2.062079031020402908e-03 9.979378581047058105e-01
4.242370778229087591e-04 9.995757937431335449e-01
1.341045572189614177e-04 9.998658895492553711e-01
9.197493636747822165e-05 9.999079704284667969e-01
1.191627015941776335e-04 9.998807907104492188e-01
2.874651690945029259e-04 9.997125267982482910e-01
5.702480557374656200e-04 9.994297623634338379e-01
2.028068265644833446e-04 9.997971653938293457e-01
1.034493616316467524e-04 9.998965263366699219e-01
2.627510002639610320e-05 9.999737739562988281e-01
2.470210311003029346e-04 9.997529387474060059e-01
2.708776853978633881e-03 9.972911477088928223e-01
2.896254409279208630e-05 9.999710321426391602e-01
2.531660138629376888e-04 9.997468590736389160e-01
3.003101119247730821e-05 9.999699592590332031e-01
1.556323259137570858e-04 9.998443126678466797e-01
7.764939073240384459e-05 9.999223947525024414e-01
3.242301754653453827e-04 9.996757507324218750e-01
9.645175305195152760e-05 9.999035596847534180e-01
1.581440010340884328e-04 9.998418092727661133e-01
7.099258800735697150e-05 9.999289512634277344e-01
4.578446169034577906e-05 9.999542236328125000e-01
8.559991329093463719e-06 9.999914169311523438e-01
1.123109759646467865e-04 9.998877048492431641e-01
1.765460474416613579e-04 9.998235106468200684e-01
1.128660151152871549e-04 9.998871088027954102e-01
1.097163767553865910e-04 9.998903274536132812e-01
1.827746396884322166e-03 9.981722831726074219e-01
2.654326635820325464e-05 9.999734163284301758e-01
3.032993990927934647e-04 9.996967315673828125e-01
8.234389679273590446e-05 9.999176263809204102e-01
1.964686816791072488e-04 9.998036026954650879e-01
2.000649546971544623e-04 9.997999072074890137e-01
2.266052179038524628e-04 9.997734427452087402e-01
1.693280064500868320e-03 9.983067512512207031e-01
1.438990875612944365e-04 9.998561143875122070e-01
7.360734161920845509e-05 9.999263286590576172e-01
1.253888942301273346e-03 9.987460374832153320e-01
4.193497879896312952e-04 9.995806813240051270e-01
2.631798561196774244e-04 9.997368454933166504e-01
2.145534090232104063e-04 9.997854828834533691e-01
2.050985785899683833e-04 9.997949004173278809e-01
1.938562782015651464e-04 9.998062252998352051e-01
5.329456180334091187e-04 9.994670748710632324e-01
3.021299780812114477e-04 9.996979236602783203e-01
8.610648364992812276e-06 9.999914169311523438e-01
1.532799447886645794e-03 9.984671473503112793e-01
1.335966953774914145e-04 9.998663663864135742e-01
1.713081874186173081e-04 9.998286962509155273e-01
5.098894471302628517e-04 9.994901418685913086e-01
9.996163425967097282e-04 9.990003705024719238e-01
1.373511167912511155e-05 9.999862909317016602e-01
3.931992396246641874e-04 9.996067881584167480e-01
2.938886638730764389e-03 9.970610737800598145e-01
9.258819773094728589e-05 9.999073743820190430e-01
3.410209683352150023e-05 9.999659061431884766e-01
2.021396649070084095e-04 9.997978806495666504e-01
4.518228815868496895e-04 9.995481371879577637e-01
1.905095705296844244e-04 9.998095631599426270e-01
1.491287112003192306e-04 9.998508691787719727e-01
4.335360135883092880e-04 9.995664954185485840e-01
2.103578881360590458e-04 9.997896552085876465e-01
5.711701305699534714e-05 9.999428987503051758e-01
4.367499204818159342e-04 9.995632767677307129e-01
6.861469009891152382e-04 9.993138313293457031e-01
9.639390191296115518e-05 9.999035596847534180e-01
3.259040240664035082e-04 9.996740818023681641e-01
5.166542250663042068e-03 9.948334693908691406e-01
2.199095615651458502e-05 9.999780654907226562e-01
9.261077502742409706e-04 9.990738630294799805e-01
3.859035496134310961e-04 9.996141195297241211e-01
1.512102699052775279e-05 9.999848604202270508e-01
1.874466579465661198e-05 9.999812841415405273e-01
3.791190101765096188e-04 9.996209144592285156e-01
4.496044421102851629e-04 9.995504021644592285e-01
4.259315028320997953e-04 9.995741248130798340e-01
2.920506267400924116e-05 9.999707937240600586e-01
6.795316934585571289e-03 9.932047128677368164e-01
2.242063492303714156e-04 9.997758269309997559e-01
5.357264308258891106e-04 9.994643330574035645e-01
1.167862210422754288e-03 9.988321661949157715e-01
3.912840329576283693e-04 9.996086955070495605e-01
1.160591418738476932e-04 9.998838901519775391e-01
1.930713624460622668e-04 9.998069405555725098e-01
9.983991980552673340e-01 1.600750838406383991e-03
2.414691116428002715e-04 9.997585415840148926e-01
3.196878969902172685e-05 9.999680519104003906e-01
3.737188526429235935e-04 9.996262788772583008e-01
5.643718177452683449e-04 9.994356036186218262e-01
7.171602919697761536e-05 9.999282360076904297e-01
4.545493866316974163e-04 9.995453953742980957e-01
2.130485518136993051e-04 9.997869133949279785e-01
5.970397251076065004e-05 9.999402761459350586e-01
1.014263136312365532e-03 9.989857077598571777e-01
5.159745924174785614e-04 9.994839429855346680e-01
2.845106064341962337e-04 9.997155070304870605e-01
3.908016718924045563e-03 9.960920214653015137e-01
5.980525165796279907e-04 9.994019269943237305e-01
2.073452742479275912e-05 9.999792575836181641e-01
7.366175850620493293e-05 9.999263286590576172e-01
1.403787464369088411e-04 9.998595714569091797e-01
1.407259987900033593e-04 9.998592138290405273e-01
4.069346759933978319e-04 9.995930790901184082e-01
3.625336466939188540e-05 9.999637603759765625e-01
6.687927816528826952e-05 9.999331235885620117e-01
2.919709731941111386e-05 9.999707937240600586e-01
5.798970596515573561e-05 9.999420642852783203e-01
1.515861367806792259e-03 9.984841942787170410e-01
6.278661021497100592e-05 9.999371767044067383e-01
2.408069703960791230e-04 9.997591376304626465e-01
1.944372896105051041e-03 9.980556964874267578e-01
1.121937602874822915e-04 9.998878240585327148e-01
8.963872824097052217e-05 9.999103546142578125e-01
1.837298768805339932e-04 9.998162388801574707e-01
1.150929136201739311e-03 9.988490343093872070e-01
3.598585608415305614e-04 9.996401071548461914e-01
2.375494223088026047e-04 9.997624754905700684e-01
1.076709595508873463e-04 9.998923540115356445e-01
3.605401434469968081e-04 9.996393918991088867e-01
5.026441649533808231e-04 9.994972944259643555e-01
1.170312636531889439e-03 9.988296627998352051e-01
1.177840022137388587e-04 9.998822212219238281e-01
1.434686128050088882e-04 9.998564720153808594e-01
5.803896579891443253e-03 9.941960573196411133e-01
6.247143028303980827e-04 9.993752837181091309e-01
7.239449041662737727e-05 9.999276399612426758e-01
4.057373444084078074e-04 9.995942711830139160e-01
1.127493014791980386e-04 9.998872280120849609e-01
4.502958327066153288e-04 9.995496869087219238e-01
2.025382564170286059e-04 9.997975230216979980e-01
3.499651793390512466e-04 9.996500015258789062e-01
5.185535410419106483e-04 9.994814991950988770e-01
5.729423719458281994e-04 9.994270801544189453e-01
7.708061020821332932e-04 9.992291927337646484e-01
5.053057611803524196e-05 9.999494552612304688e-01
1.438925100956112146e-04 9.998561143875122070e-01
7.600174285471439362e-05 9.999239444732666016e-01
6.471539381891489029e-05 9.999352693557739258e-01
1.288361236220225692e-04 9.998711347579956055e-01
5.523641084437258542e-05 9.999448060989379883e-01
6.080413586460053921e-04 9.993919134140014648e-01
1.341466559097170830e-04 9.998658895492553711e-01
3.265790001023560762e-04 9.996734857559204102e-01
1.669233024585992098e-04 9.998331069946289062e-01
1.115123741328716278e-03 9.988848567008972168e-01
1.107380230678245425e-04 9.998892545700073242e-01
5.920075927861034870e-04 9.994080066680908203e-01
2.753206063061952591e-04 9.997246861457824707e-01
4.088610003236681223e-04 9.995911717414855957e-01
5.479234969243407249e-04 9.994520545005798340e-01
1.140282838605344296e-04 9.998859167098999023e-01
2.910455223172903061e-04 9.997089505195617676e-01
1.665267394855618477e-03 9.983347058296203613e-01
6.652523006778210402e-05 9.999334812164306641e-01
9.710872836876660585e-05 9.999028444290161133e-01
3.505411732476204634e-04 9.996494054794311523e-01
1.429734984412789345e-03 9.985702037811279297e-01
5.651506944559514523e-05 9.999434947967529297e-01
2.571593795437365770e-04 9.997428059577941895e-01
1.665384043008089066e-04 9.998334646224975586e-01
1.375880965497344732e-04 9.998624324798583984e-01
1.065586475306190550e-04 9.998934268951416016e-01
3.347054007463157177e-05 9.999665021896362305e-01
2.173075881728436798e-05 9.999783039093017578e-01
3.033702087122946978e-04 9.996966123580932617e-01
1.027698599500581622e-04 9.998972415924072266e-01
2.745652818703092635e-05 9.999725818634033203e-01
3.561098492355085909e-05 9.999643564224243164e-01
2.944658081105444580e-05 9.999705553054809570e-01
2.006045833695679903e-04 9.997994303703308105e-01
1.775931683368980885e-03 9.982240796089172363e-01
1.325162476859986782e-03 9.986748695373535156e-01
2.379649231443181634e-04 9.997619986534118652e-01
7.824575004633516073e-05 9.999217987060546875e-01
1.759561710059642792e-04 9.998241066932678223e-01
1.139573068940080702e-04 9.998860359191894531e-01
7.454151636920869350e-05 9.999254941940307617e-01
1.515965559519827366e-04 9.998483657836914062e-01
2.321330830454826355e-03 9.976786971092224121e-01
7.903986843302845955e-04 9.992095232009887695e-01
2.973208320327103138e-04 9.997026324272155762e-01
2.647055953275412321e-04 9.997352957725524902e-01
1.033689986797980964e-04 9.998966455459594727e-01
1.631033257581293583e-03 9.983690381050109863e-01
2.052317373454570770e-03 9.979477524757385254e-01
1.331777602899819613e-04 9.998668432235717773e-01
6.315579958027228713e-05 9.999368190765380859e-01
8.538536494597792625e-04 9.991461038589477539e-01
1.442092470824718475e-03 9.985578656196594238e-01
4.439430267666466534e-05 9.999556541442871094e-01
9.834874072112143040e-05 9.999016523361206055e-01
3.477303385734558105e-01 6.522696614265441895e-01
6.768841558368876576e-05 9.999322891235351562e-01
1.916144537972286344e-04 9.998083710670471191e-01
7.580276724183931947e-05 9.999241828918457031e-01
4.058983176946640015e-04 9.995941519737243652e-01
2.109785855282098055e-04 9.997890591621398926e-01
1.045992103172466159e-04 9.998953342437744141e-01
2.224377822130918503e-04 9.997776150703430176e-01
1.844076177803799510e-05 9.999815225601196289e-01
1.315791858360171318e-03 9.986842274665832520e-01
8.827706798911094666e-03 9.911722540855407715e-01
7.182251429185271263e-04 9.992818236351013184e-01
9.862666483968496323e-04 9.990136623382568359e-01
6.665725959464907646e-05 9.999333620071411133e-01
2.161240990972146392e-04 9.997839331626892090e-01
1.063388917827978730e-04 9.998936653137207031e-01
8.015737694222480059e-05 9.999198913574218750e-01
4.813696796190924942e-05 9.999518394470214844e-01
5.224097985774278641e-04 9.994775652885437012e-01
1.568824081914499402e-04 9.998431205749511719e-01
3.459764411672949791e-04 9.996540546417236328e-01
8.699325262568891048e-04 9.991300702095031738e-01
2.937869401648640633e-03 9.970621466636657715e-01
1.275459217140451074e-04 9.998724460601806641e-01
4.586463619489222765e-04 9.995414018630981445e-01
2.490182814653962851e-04 9.997510313987731934e-01
9.551004768582060933e-05 9.999045133590698242e-01
3.634458989836275578e-04 9.996365308761596680e-01
2.234466082882136106e-04 9.997765421867370605e-01
1.040877905325032771e-04 9.998959302902221680e-01
2.412650064798071980e-04 9.997587800025939941e-01
5.830505324411205947e-05 9.999417066574096680e-01
8.573339437134563923e-05 9.999142885208129883e-01
8.970396447693929076e-05 9.999102354049682617e-01
4.525083932094275951e-04 9.995474219322204590e-01
3.426045441301539540e-05 9.999657869338989258e-01
2.443194389343261719e-04 9.997556805610656738e-01
3.913041437044739723e-04 9.996086955070495605e-01
1.675944076851010323e-04 9.998323917388916016e-01
1.442261389456689358e-03 9.985577464103698730e-01
2.539644250646233559e-03 9.974603652954101562e-01
2.891625626944005489e-04 9.997108578681945801e-01
3.933938569389283657e-04 9.996066689491271973e-01
2.868206938728690147e-04 9.997131228446960449e-01
1.484065141994506121e-04 9.998515844345092773e-01
2.538827247917652130e-04 9.997461438179016113e-01
7.164910493884235620e-05 9.999283552169799805e-01
6.751707405783236027e-04 9.993247985839843750e-01
9.983991980552673340e-01 1.600750838406383991e-03
4.980478435754776001e-03 9.950195550918579102e-01
1.434416393749415874e-03 9.985656142234802246e-01
1.080819056369364262e-04 9.998918771743774414e-01
3.687644493766129017e-04 9.996311664581298828e-01
9.387007448822259903e-04 9.990612864494323730e-01
1.064749783836305141e-03 9.989352822303771973e-01
4.388443994685076177e-05 9.999561309814453125e-01
1.635048975003883243e-04 9.998364448547363281e-01
1.915974717121571302e-04 9.998083710670471191e-01
1.070871949195861816e-02 9.892912507057189941e-01
5.267769665806554258e-06 9.999947547912597656e-01
4.946194821968674660e-04 9.995054006576538086e-01
3.090800310019403696e-04 9.996908903121948242e-01
1.430416945368051529e-03 9.985696077346801758e-01
1.472800704505061731e-05 9.999852180480957031e-01
1.053531654179096222e-03 9.989464879035949707e-01
6.060471059754490852e-04 9.993939399719238281e-01
6.644446693826466799e-05 9.999336004257202148e-01
3.474564000498503447e-04 9.996525049209594727e-01
1.291044754907488823e-04 9.998708963394165039e-01
4.864105358137749135e-05 9.999513626098632812e-01
8.596392581239342690e-05 9.999140501022338867e-01
2.635160635691136122e-04 9.997364878654479980e-01
4.576748324325308204e-05 9.999542236328125000e-01
2.148684579879045486e-04 9.997851252555847168e-01
1.150063908426091075e-04 9.998849630355834961e-01
1.035326495184563100e-04 9.998964071273803711e-01
2.765059180092066526e-04 9.997234940528869629e-01
1.083398747141472995e-04 9.998916387557983398e-01
5.682250048266723752e-05 9.999431371688842773e-01
9.098892769543454051e-05 9.999090433120727539e-01
1.265576865989714861e-04 9.998733997344970703e-01
2.153891604393720627e-03 9.978461265563964844e-01
9.159900946542620659e-05 9.999084472656250000e-01
1.058942580129951239e-04 9.998941421508789062e-01
6.699314690195024014e-04 9.993300437927246094e-01
1.930543839989695698e-05 9.999806880950927734e-01
2.571763179730623960e-04 9.997428059577941895e-01
7.299121934920549393e-04 9.992701411247253418e-01
4.312937962822616100e-04 9.995686411857604980e-01
3.121262416243553162e-04 9.996879100799560547e-01
4.245078889653086662e-04 9.995754361152648926e-01
2.701263583730906248e-04 9.997298121452331543e-01
1.593055640114471316e-05 9.999840259552001953e-01
1.296390080824494362e-03 9.987035989761352539e-01
3.859035496134310961e-04 9.996141195297241211e-01
8.018650696612894535e-04 9.991981387138366699e-01
1.732397591695189476e-03 9.982675313949584961e-01
1.429115363862365484e-04 9.998570680618286133e-01
1.368098775856196880e-03 9.986318945884704590e-01
2.830323646776378155e-04 9.997169375419616699e-01
2.505254815332591534e-04 9.997494816780090332e-01
2.871268952731043100e-04 9.997128844261169434e-01
5.886499420739710331e-04 9.994113445281982422e-01
4.504898679442703724e-04 9.995494484901428223e-01
5.447856965474784374e-04 9.994552731513977051e-01
2.927009190898388624e-04 9.997072815895080566e-01
4.315962360124103725e-05 9.999568462371826172e-01
3.986665251431986690e-05 9.999601840972900391e-01
2.987113257404416800e-04 9.997012019157409668e-01
2.640990715008229017e-04 9.997358918190002441e-01
6.330391857773065567e-03 9.936696887016296387e-01
1.849083346314728260e-03 9.981508851051330566e-01
9.781934932107105851e-05 9.999021291732788086e-01
9.176863241009414196e-04 9.990823268890380859e-01
5.416495841927826405e-04 9.994583725929260254e-01
3.284517733845859766e-04 9.996715784072875977e-01
1.858817704487591982e-04 9.998140931129455566e-01
2.574627054855227470e-03 9.974253773689270020e-01
4.404852807056158781e-04 9.995594620704650879e-01
1.783237443305552006e-03 9.982166886329650879e-01
1.086771953850984573e-04 9.998912811279296875e-01
9.410980419488623738e-05 9.999058246612548828e-01
2.187349455198273063e-04 9.997813105583190918e-01
3.404807939659804106e-04 9.996595382690429688e-01
3.163117216899991035e-04 9.996837377548217773e-01
7.423690112773329020e-05 9.999257326126098633e-01
5.297091411193832755e-05 9.999470710754394531e-01
2.487316378392279148e-04 9.997512698173522949e-01
5.912516498938202858e-04 9.994087219238281250e-01
1.356927677989006042e-04 9.998643398284912109e-01
1.800543395802378654e-05 9.999819993972778320e-01
3.041454823687672615e-03 9.969586133956909180e-01
4.477734182728454471e-05 9.999551773071289062e-01
8.082183194346725941e-05 9.999191761016845703e-01
1.412031473591923714e-03 9.985879063606262207e-01
2.647490473464131355e-04 9.997352957725524902e-01
7.034752052277326584e-04 9.992965459823608398e-01
4.271802026778459549e-04 9.995728135108947754e-01
6.239575450308620930e-04 9.993761181831359863e-01
1.840792101575061679e-04 9.998160004615783691e-01
8.841927774483337998e-05 9.999115467071533203e-01
4.366300127003341913e-04 9.995633959770202637e-01
6.803333963034674525e-05 9.999319314956665039e-01
2.471925290592480451e-05 9.999753236770629883e-01
2.013064513448625803e-04 9.997987151145935059e-01
8.153471571858972311e-05 9.999184608459472656e-01
8.582852024119347334e-05 9.999141693115234375e-01
7.439179462380707264e-04 9.992560744285583496e-01
3.860407450702041388e-04 9.996139407157897949e-01
8.040265674935653806e-05 9.999195337295532227e-01
4.410485562402755022e-04 9.995589852333068848e-01
5.919786781305447221e-05 9.999407529830932617e-01
3.593739529605954885e-04 9.996405839920043945e-01
9.838269761530682445e-05 9.999016523361206055e-01
1.235931122209876776e-04 9.998763799667358398e-01
1.620753027964383364e-04 9.998378753662109375e-01
1.671174308285117149e-03 9.983288645744323730e-01
2.609822258818894625e-04 9.997389912605285645e-01
9.080646123038604856e-05 9.999091625213623047e-01
1.912756706587970257e-04 9.998087286949157715e-01
4.414477152749896049e-04 9.995585083961486816e-01
3.526071086525917053e-04 9.996473789215087891e-01
2.310667186975479126e-04 9.997689127922058105e-01
3.582644043490290642e-03 9.964174032211303711e-01
2.628004585858434439e-04 9.997372031211853027e-01
2.175527188228443265e-04 9.997825026512145996e-01
2.948409564851317555e-05 9.999705553054809570e-01
1.533392496639862657e-04 9.998465776443481445e-01
2.174929832108318806e-04 9.997825026512145996e-01
5.803637905046343803e-04 9.994196891784667969e-01
8.020547102205455303e-05 9.999197721481323242e-01
4.811513936147093773e-04 9.995188713073730469e-01
2.392945607425644994e-04 9.997606873512268066e-01
1.202756247948855162e-04 9.998797178268432617e-01
3.156192251481115818e-04 9.996844530105590820e-01
1.541664241813123226e-04 9.998458623886108398e-01
4.629533941624686122e-05 9.999537467956542969e-01
1.203550127684138715e-04 9.998795986175537109e-01
3.235431722714565694e-05 9.999676942825317383e-01
2.381792291998863220e-04 9.997618794441223145e-01
1.241256948560476303e-03 9.987587928771972656e-01
3.890159714501351118e-04 9.996109604835510254e-01
8.889559103408828378e-05 9.999110698699951172e-01
1.258269330719485879e-04 9.998741149902343750e-01
1.741837186273187399e-04 9.998258948326110840e-01
2.825917908921837807e-04 9.997174143791198730e-01
3.470033989287912846e-04 9.996529817581176758e-01
1.612981031939852983e-05 9.999839067459106445e-01
5.159539636224508286e-03 9.948404431343078613e-01
3.476154597592540085e-05 9.999651908874511719e-01
4.320926091168075800e-04 9.995679259300231934e-01
5.546847241930663586e-04 9.994452595710754395e-01
5.322946817614138126e-04 9.994676709175109863e-01
6.251935265026986599e-04 9.993748068809509277e-01
8.252660627476871014e-04 9.991746544837951660e-01
1.049296915880404413e-04 9.998950958251953125e-01
2.913700591307133436e-04 9.997085928916931152e-01
5.395533517003059387e-04 9.994603991508483887e-01
1.537340867798775434e-04 9.998462200164794922e-01
1.397876912960782647e-04 9.998601675033569336e-01
5.314055670169182122e-05 9.999468326568603516e-01
2.303131914231926203e-04 9.997697472572326660e-01
3.336294030304998159e-04 9.996663331985473633e-01
7.446406380040571094e-05 9.999254941940307617e-01
3.308196901343762875e-04 9.996691942214965820e-01
1.178965088911354542e-03 9.988209605216979980e-01
8.103066647890955210e-06 9.999918937683105469e-01
2.992201189044862986e-04 9.997007846832275391e-01
1.756090641720220447e-04 9.998244643211364746e-01
5.670930841006338596e-05 9.999432563781738281e-01
1.255305483937263489e-03 9.987446069717407227e-01
6.056628189980983734e-04 9.993942975997924805e-01
3.579691110644489527e-04 9.996420145034790039e-01
9.332600166089832783e-04 9.990667700767517090e-01
4.425809311214834452e-04 9.995574355125427246e-01
4.163521516602486372e-04 9.995836615562438965e-01
1.800956379156559706e-04 9.998199343681335449e-01
1.665554009377956390e-04 9.998334646224975586e-01
1.610418665222823620e-03 9.983896017074584961e-01
3.470034062047488987e-05 9.999653100967407227e-01
5.002341276849620044e-05 9.999499320983886719e-01
1.682365837041288614e-04 9.998316764831542969e-01
1.440699910745024681e-03 9.985592961311340332e-01
5.739941479987464845e-05 9.999425411224365234e-01
1.203747597173787653e-04 9.998795986175537109e-01
2.515199012123048306e-04 9.997485280036926270e-01
8.260500180767849088e-05 9.999173879623413086e-01
3.106681469944305718e-05 9.999688863754272461e-01
8.858436194714158773e-05 9.999114274978637695e-01
2.362067461945116520e-04 9.997637867927551270e-01
4.841835834668017924e-05 9.999516010284423828e-01
5.521534330910071731e-05 9.999448060989379883e-01
4.866064060479402542e-03 9.951339364051818848e-01
1.470904448069632053e-03 9.985290765762329102e-01
1.255209936061874032e-04 9.998744726181030273e-01
1.510515867266803980e-04 9.998489618301391602e-01
2.490776532795280218e-04 9.997509121894836426e-01
6.145475199446082115e-04 9.993854761123657227e-01
6.516087887575849891e-05 9.999347925186157227e-01
7.027126266621053219e-04 9.992972612380981445e-01
1.117401043302379549e-04 9.998883008956909180e-01
1.656194217503070831e-04 9.998342990875244141e-01
3.857696428894996643e-04 9.996142387390136719e-01
5.869049346074461937e-04 9.994131326675415039e-01
4.634196520783007145e-04 9.995366334915161133e-01
4.442445468157529831e-03 9.955576062202453613e-01
3.154717385768890381e-03 9.968453049659729004e-01
3.885299884132109582e-05 9.999611377716064453e-01
3.183344146236777306e-03 9.968166947364807129e-01
3.566046652849763632e-04 9.996434450149536133e-01
3.655175096355378628e-04 9.996345043182373047e-01
3.747045411728322506e-04 9.996253252029418945e-01
2.472672495059669018e-04 9.997527003288269043e-01
1.596670626895502210e-04 9.998402595520019531e-01
2.728761173784732819e-04 9.997270703315734863e-01
4.613117780536413193e-04 9.995386600494384766e-01
1.859356707427650690e-04 9.998140931129455566e-01
8.364529639948159456e-05 9.999163150787353516e-01
2.017590776085853577e-02 9.798240661621093750e-01
4.929185379296541214e-04 9.995070695877075195e-01
1.946841075550764799e-04 9.998053908348083496e-01
1.643647992750629783e-04 9.998356103897094727e-01
1.979034277610480785e-04 9.998021721839904785e-01
4.671859496738761663e-04 9.995328187942504883e-01
1.873350993264466524e-04 9.998126626014709473e-01
5.170760414330288768e-05 9.999482631683349609e-01
5.953967920504510403e-04 9.994045495986938477e-01
2.098418626701459289e-04 9.997901320457458496e-01
9.410980419488623738e-05 9.999058246612548828e-01
7.325225305976346135e-05 9.999266862869262695e-01
1.242656289832666516e-04 9.998756647109985352e-01
4.115352639928460121e-04 9.995884299278259277e-01
2.129396423697471619e-03 9.978705644607543945e-01
3.811619826592504978e-04 9.996187686920166016e-01
2.394767070654779673e-04 9.997605681419372559e-01
4.853883365285582840e-05 9.999514818191528320e-01
1.076298940461128950e-04 9.998923540115356445e-01
6.671815644949674606e-04 9.993328452110290527e-01
4.986954154446721077e-04 9.995013475418090820e-01
8.747829997446388006e-05 9.999125003814697266e-01
1.163960623671300709e-04 9.998835325241088867e-01
1.166855581686832011e-04 9.998832941055297852e-01
3.129118704237043858e-04 9.996870756149291992e-01
1.121663735830225050e-04 9.998878240585327148e-01
1.852736168075352907e-04 9.998148083686828613e-01
5.730053817387670279e-05 9.999426603317260742e-01
1.123109759646467865e-04 9.998877048492431641e-01
3.338488386361859739e-05 9.999666213989257812e-01
6.724559664726257324e-01 3.275440335273742676e-01
1.638724934309720993e-04 9.998360872268676758e-01
2.026782603934407234e-03 9.979732632637023926e-01
3.058022412005811930e-04 9.996942281723022461e-01
5.729046533815562725e-04 9.994270801544189453e-01
5.884107667952775955e-04 9.994115829467773438e-01
1.448669499950483441e-04 9.998551607131958008e-01
9.628090629121288657e-05 9.999036788940429688e-01
2.708311367314308882e-04 9.997290968894958496e-01
1.349585363641381264e-04 9.998650550842285156e-01
3.908008511643856764e-05 9.999608993530273438e-01
2.527803590055555105e-04 9.997472167015075684e-01
1.393932499922811985e-03 9.986061453819274902e-01
1.095777333830483258e-04 9.998904466629028320e-01
3.058958391193300486e-04 9.996941089630126953e-01
1.203778592753224075e-04 9.998795986175537109e-01
1.887573016574606299e-04 9.998112320899963379e-01
9.294592891819775105e-04 9.990705847740173340e-01
7.761206361465156078e-04 9.992238283157348633e-01
5.255026626400649548e-04 9.994744658470153809e-01
4.000169064966030419e-05 9.999599456787109375e-01
7.370432140305638313e-04 9.992629885673522949e-01
1.578860537847504020e-04 9.998420476913452148e-01
1.813592680264264345e-04 9.998186230659484863e-01
3.660760121420025826e-04 9.996339082717895508e-01
3.371397906448692083e-04 9.996628761291503906e-01
8.955874945968389511e-04 9.991044402122497559e-01
2.841934328898787498e-04 9.997157454490661621e-01
4.778488437295891345e-05 9.999521970748901367e-01
7.092498708516359329e-04 9.992907047271728516e-01
3.584759251680225134e-04 9.996415376663208008e-01
3.245552943553775549e-04 9.996755123138427734e-01
1.044760138029232621e-04 9.998955726623535156e-01
1.378042215947061777e-04 9.998621940612792969e-01
1.681347639532759786e-04 9.998317956924438477e-01
6.459656287916004658e-04 9.993540644645690918e-01
2.497334789950400591e-04 9.997503161430358887e-01
1.470920979045331478e-04 9.998528957366943359e-01
5.206852219998836517e-04 9.994793534278869629e-01
5.635268171317875385e-04 9.994364380836486816e-01
9.839540580287575722e-04 9.990160465240478516e-01
9.608113323338329792e-04 9.990391731262207031e-01
1.234231749549508095e-03 9.987658262252807617e-01
1.531050511403009295e-04 9.998468160629272461e-01
1.394449936924502254e-04 9.998605251312255859e-01
1.776094286469742656e-04 9.998224377632141113e-01
7.109136640792712569e-05 9.999289512634277344e-01
3.251647285651415586e-04 9.996747970581054688e-01
1.989596057683229446e-03 9.980104565620422363e-01
1.380596368107944727e-04 9.998619556427001953e-01
1.270035427296534181e-04 9.998729228973388672e-01
1.187566012958995998e-04 9.998812675476074219e-01
4.359205486252903938e-04 9.995641112327575684e-01
2.346332621527835727e-04 9.997653365135192871e-01
1.898174523375928402e-03 9.981018900871276855e-01
1.000092452159151435e-04 9.998999834060668945e-01
2.992911904584616423e-04 9.997007846832275391e-01
3.445078851655125618e-03 9.965549707412719727e-01
2.726667735259979963e-04 9.997273087501525879e-01
1.495406730100512505e-03 9.985046386718750000e-01
4.120984522160142660e-05 9.999587535858154297e-01
4.302688830648548901e-05 9.999569654464721680e-01
4.216436354909092188e-04 9.995784163475036621e-01
3.960834583267569542e-04 9.996039271354675293e-01
1.439073384972289205e-04 9.998561143875122070e-01
1.775493146851658821e-04 9.998224377632141113e-01
3.984228897024877369e-05 9.999601840972900391e-01
8.093498763628304005e-05 9.999190568923950195e-01
1.494766096584498882e-03 9.985052347183227539e-01
1.591138716321438551e-04 9.998408555984497070e-01
1.403251080773770809e-03 9.985967278480529785e-01
7.111005834303796291e-04 9.992889165878295898e-01
2.200053859269246459e-04 9.997799992561340332e-01
4.308888455852866173e-04 9.995691180229187012e-01
3.874554531648755074e-04 9.996126294136047363e-01
9.917863644659519196e-05 9.999008178710937500e-01
5.926458397880196571e-04 9.994074106216430664e-01
1.005410030484199524e-02 9.899459481239318848e-01
4.441855126060545444e-04 9.995557665824890137e-01
6.533036503242328763e-05 9.999346733093261719e-01
1.570982567500323057e-04 9.998428821563720703e-01
5.882437108084559441e-04 9.994118213653564453e-01
1.455920428270474076e-04 9.998544454574584961e-01
1.883535151137039065e-04 9.998117089271545410e-01
2.552202495280653238e-04 9.997448325157165527e-01
1.475953613407909870e-04 9.998524188995361328e-01
4.276101943105459213e-03 9.957238435745239258e-01
2.840189845301210880e-04 9.997159838676452637e-01
6.240121438167989254e-04 9.993759989738464355e-01
3.720150853041559458e-04 9.996279478073120117e-01
4.606856091413646936e-04 9.995393753051757812e-01
7.068144623190164566e-05 9.999293088912963867e-01
6.614536978304386139e-04 9.993385672569274902e-01
3.031100786756724119e-04 9.996969699859619141e-01
5.388283170759677887e-04 9.994612336158752441e-01
1.265265600522980094e-04 9.998733997344970703e-01
9.917542774928733706e-05 9.999008178710937500e-01
1.937407650984823704e-04 9.998062252998352051e-01
1.498618512414395809e-04 9.998501539230346680e-01
4.439563199412077665e-04 9.995560050010681152e-01
1.554303453303873539e-04 9.998445510864257812e-01
1.181129773613065481e-04 9.998818635940551758e-01
7.584618870168924332e-04 9.992415904998779297e-01
1.081466616597026587e-04 9.998918771743774414e-01
2.440965727146249264e-05 9.999755620956420898e-01
3.907984646502882242e-04 9.996091723442077637e-01
9.023649181472137570e-05 9.999097585678100586e-01
2.319949999218806624e-04 9.997679591178894043e-01
5.349838640540838242e-03 9.946501851081848145e-01
4.197262227535247803e-03 9.958027005195617676e-01
6.706824933644384146e-05 9.999328851699829102e-01
4.965128391631878912e-05 9.999502897262573242e-01
1.416503655491396785e-04 9.998583793640136719e-01
2.803114766720682383e-04 9.997196793556213379e-01
3.514295676723122597e-04 9.996485710144042969e-01
4.011442069895565510e-04 9.995989203453063965e-01
1.975593331735581160e-04 9.998024106025695801e-01
1.892803556984290481e-04 9.998107552528381348e-01
8.932463242672383785e-05 9.999107122421264648e-01
1.567458966746926308e-03 9.984325766563415527e-01
1.051000217557884753e-04 9.998948574066162109e-01
2.403633261565119028e-04 9.997596144676208496e-01
1.902226067613810301e-04 9.998098015785217285e-01
5.212334217503666878e-04 9.994787573814392090e-01
1.080224683391861618e-04 9.998919963836669922e-01
2.206240169471129775e-04 9.997794032096862793e-01
3.589717962313443422e-04 9.996410608291625977e-01
1.780132733983919024e-04 9.998219609260559082e-01
1.265460392460227013e-03 9.987345337867736816e-01
9.839975973591208458e-05 9.999015331268310547e-01
1.655831292737275362e-04 9.998344182968139648e-01
2.994547321577556431e-05 9.999700784683227539e-01
8.390893344767391682e-05 9.999160766601562500e-01
1.320310257142409682e-04 9.998679161071777344e-01
3.917845606338232756e-04 9.996082186698913574e-01
2.979513374157249928e-04 9.997020363807678223e-01
4.198494367301464081e-03 9.958015084266662598e-01
5.472792545333504677e-04 9.994527697563171387e-01
1.252103596925735474e-03 9.987478256225585938e-01
7.923658995423465967e-05 9.999207258224487305e-01
1.218706674990244210e-04 9.998781681060791016e-01
2.980377175845205784e-04 9.997019171714782715e-01
2.462485863361507654e-04 9.997537732124328613e-01
3.823205188382416964e-04 9.996176958084106445e-01
1.235408126376569271e-04 9.998764991760253906e-01
1.079387438949197531e-04 9.998919963836669922e-01
2.972105576191097498e-04 9.997027516365051270e-01
2.345110755413770676e-03 9.976549148559570312e-01
4.489599814405664802e-05 9.999550580978393555e-01
7.528411224484443665e-04 9.992471933364868164e-01
1.945530675584450364e-04 9.998055100440979004e-01
7.318634743569418788e-05 9.999268054962158203e-01
2.225334319518879056e-04 9.997774958610534668e-01
1.636677770875394344e-04 9.998363256454467773e-01
1.790479436749592423e-04 9.998210072517395020e-01
6.554945721291005611e-04 9.993445277214050293e-01
3.146718663629144430e-04 9.996854066848754883e-01
1.674865023232996464e-03 9.983251690864562988e-01
2.792521991068497300e-05 9.999721050262451172e-01
2.950825364678166807e-05 9.999704360961914062e-01
7.020958233624696732e-03 9.929791092872619629e-01
6.591316778212785721e-04 9.993408322334289551e-01
2.432618639431893826e-04 9.997567534446716309e-01
2.371260197833180428e-04 9.997628331184387207e-01
2.436104696244001389e-04 9.997563958168029785e-01
5.274402210488915443e-04 9.994725584983825684e-01
7.897896284703165293e-05 9.999209642410278320e-01
4.216132219880819321e-05 9.999577999114990234e-01
2.219551533926278353e-04 9.997780919075012207e-01
4.073117452207952738e-04 9.995927214622497559e-01
1.951799640664830804e-04 9.998047947883605957e-01
3.467040078248828650e-04 9.996533393859863281e-01
3.890401785611175001e-05 9.999611377716064453e-01
3.868038766086101532e-04 9.996132254600524902e-01
2.952449722215533257e-05 9.999704360961914062e-01
2.525175514165312052e-04 9.997474551200866699e-01
6.129535904619842768e-05 9.999387264251708984e-01
4.993466427549719810e-05 9.999500513076782227e-01
1.116043422371149063e-04 9.998884201049804688e-01
5.713346399716101587e-05 9.999428987503051758e-01
1.160090207122266293e-03 9.988399147987365723e-01
2.657453878782689571e-04 9.997342228889465332e-01
1.018307302729226649e-04 9.998981952667236328e-01
3.639174246927723289e-05 9.999636411666870117e-01
6.388608017005026340e-05 9.999361038208007812e-01
1.347657293081283569e-03 9.986523985862731934e-01
1.184923108667135239e-03 9.988150596618652344e-01
2.525649906601756811e-04 9.997474551200866699e-01
2.756017602223437279e-05 9.999724626541137695e-01
4.730672662844881415e-05 9.999526739120483398e-01
2.096828684443607926e-04 9.997903704643249512e-01
4.172859189566224813e-04 9.995827078819274902e-01
8.498809620505198836e-05 9.999150037765502930e-01
1.761191524565219879e-04 9.998238682746887207e-01
1.870646810857579112e-04 9.998129010200500488e-01
2.001031098188832402e-04 9.997999072074890137e-01
1.624243304831907153e-04 9.998375177383422852e-01
2.891388976422604173e-05 9.999710321426391602e-01
4.783232579939067364e-04 9.995217323303222656e-01
2.681582118384540081e-04 9.997318387031555176e-01
4.250654892530292273e-04 9.995749592781066895e-01
5.388997305999509990e-05 9.999461174011230469e-01
1.870884152594953775e-04 9.998129010200500488e-01
5.846643944096285850e-06 9.999941587448120117e-01
1.899764611152932048e-04 9.998100399971008301e-01
1.046606776071712375e-04 9.998953342437744141e-01
2.283374342368915677e-04 9.997716546058654785e-01
1.056152177625335753e-04 9.998943805694580078e-01
2.607472473755478859e-03 9.973925352096557617e-01
7.422500493703410029e-05 9.999257326126098633e-01
7.000329060247167945e-05 9.999300241470336914e-01
5.024612764827907085e-04 9.994975328445434570e-01
1.025190867949277163e-04 9.998974800109863281e-01
2.840699162334203720e-04 9.997158646583557129e-01
7.061731594149023294e-05 9.999294281005859375e-01
1.014825393212959170e-04 9.998985528945922852e-01
2.442568074911832809e-04 9.997557997703552246e-01
1.748361537465825677e-04 9.998251795768737793e-01
1.260425080545246601e-03 9.987395405769348145e-01
2.164010191336274147e-03 9.978360533714294434e-01
4.053442098665982485e-04 9.995946288108825684e-01
2.392857277300208807e-05 9.999760389328002930e-01
1.153818375314585865e-04 9.998846054077148438e-01
6.164966907817870378e-05 9.999383687973022461e-01
5.992602091282606125e-04 9.994007349014282227e-01
6.237665656954050064e-04 9.993762373924255371e-01
2.435584319755434990e-04 9.997563958168029785e-01
1.733301469357684255e-04 9.998267292976379395e-01
1.886432437459006906e-04 9.998113512992858887e-01
9.336522634839639068e-05 9.999066591262817383e-01
1.124283007811754942e-04 9.998875856399536133e-01
1.676273095654323697e-04 9.998323917388916016e-01
6.342813721857964993e-04 9.993657469749450684e-01
4.780202289111912251e-05 9.999521970748901367e-01
2.994315582327544689e-04 9.997005462646484375e-01
1.692510704742744565e-04 9.998307228088378906e-01
5.233786650933325291e-04 9.994766116142272949e-01
1.412790967151522636e-03 9.985872507095336914e-01
7.752028614049777389e-05 9.999225139617919922e-01
3.859035496134310961e-04 9.996141195297241211e-01
8.858081127982586622e-05 9.999114274978637695e-01
6.020308865117840469e-05 9.999397993087768555e-01
1.505792606621980667e-02 9.849420785903930664e-01
4.265019015292637050e-05 9.999573230743408203e-01
2.339169150218367577e-04 9.997660517692565918e-01
3.563728532753884792e-04 9.996435642242431641e-01
7.058035407681018114e-05 9.999294281005859375e-01
1.024776429403573275e-04 9.998974800109863281e-01
5.534175579668954015e-05 9.999446868896484375e-01
9.088402730412781239e-04 9.990911483764648438e-01
7.854117429815232754e-04 9.992145299911499023e-01
2.495140361133962870e-04 9.997504353523254395e-01
2.192253887187689543e-04 9.997808337211608887e-01
3.672657476272433996e-05 9.999632835388183594e-01
5.681540278601460159e-05 9.999431371688842773e-01
2.103230071952566504e-04 9.997896552085876465e-01
1.660054433159530163e-03 9.983398914337158203e-01
6.434837996494024992e-05 9.999356269836425781e-01
8.699856116436421871e-04 9.991300702095031738e-01
5.826695123687386513e-04 9.994173049926757812e-01
5.060167168267071247e-04 9.994939565658569336e-01
2.260015025967732072e-04 9.997740387916564941e-01
1.120928136515431106e-04 9.998879432678222656e-01
9.991821571020409465e-05 9.999001026153564453e-01
3.320687683299183846e-04 9.996678829193115234e-01
2.117575844749808311e-03 9.978824257850646973e-01
7.729225908406078815e-04 9.992270469665527344e-01
5.958407200523652136e-05 9.999403953552246094e-01
4.891870194114744663e-04 9.995107650756835938e-01
2.434509369777515531e-04 9.997565150260925293e-01
4.756817361339926720e-04 9.995243549346923828e-01
8.576060645282268524e-04 9.991424083709716797e-01
3.574218135327100754e-04 9.996426105499267578e-01
1.830038381740450859e-03 9.981698989868164062e-01
7.228766917251050472e-04 9.992771744728088379e-01
2.222868613898754120e-03 9.977771639823913574e-01
7.836477016098797321e-05 9.999216794967651367e-01
2.880670945160090923e-04 9.997119307518005371e-01
8.811088628135621548e-05 9.999119043350219727e-01
4.438594332896173000e-04 9.995561242103576660e-01
1.088789780624210835e-03 9.989112615585327148e-01
9.744684939505532384e-05 9.999024868011474609e-01
7.664089935133233666e-05 9.999233484268188477e-01
2.624168992042541504e-04 9.997375607490539551e-01
1.226272142957895994e-04 9.998773336410522461e-01
5.355436587706208229e-04 9.994644522666931152e-01
4.423160571604967117e-04 9.995576739311218262e-01
6.124405626906082034e-05 9.999387264251708984e-01
7.205919973785057664e-05 9.999278783798217773e-01
1.063931413227692246e-04 9.998935461044311523e-01
2.235160936834290624e-04 9.997765421867370605e-01
2.184931654483079910e-04 9.997815489768981934e-01
9.826615132624283433e-05 9.999017715454101562e-01
9.585218504071235657e-05 9.999041557312011719e-01
1.134277117671445012e-04 9.998865127563476562e-01
1.553784677525982261e-04 9.998445510864257812e-01
1.192087293020449579e-04 9.998807907104492188e-01
1.290250802412629128e-04 9.998710155487060547e-01
2.232025726698338985e-04 9.997767806053161621e-01
3.661127993836998940e-04 9.996339082717895508e-01
8.155077011906541884e-06 9.999918937683105469e-01
2.181438758270815015e-04 9.997819066047668457e-01
6.313776248134672642e-04 9.993686079978942871e-01
6.415820680558681488e-04 9.993584752082824707e-01
9.968461235985159874e-04 9.990032315254211426e-01
1.040280549204908311e-04 9.998959302902221680e-01
3.792632196564227343e-04 9.996206760406494141e-01
1.199995040224166587e-05 9.999879598617553711e-01
4.178427116130478680e-05 9.999581575393676758e-01
2.965315943583846092e-04 9.997034668922424316e-01
5.959881818853318691e-04 9.994040727615356445e-01
6.325036883354187012e-01 3.674963116645812988e-01
3.265540581196546555e-04 9.996734857559204102e-01
8.664761553518474102e-04 9.991335272789001465e-01
1.461544015910476446e-04 9.998538494110107422e-01
1.118319869419792667e-05 9.999887943267822266e-01
1.504147221567109227e-04 9.998495578765869141e-01
6.877292762510478497e-04 9.993122816085815430e-01
5.115140083944424987e-05 9.999488592147827148e-01
1.317017158726230264e-04 9.998682737350463867e-01
4.395095456857234240e-04 9.995605349540710449e-01
3.129542747046798468e-04 9.996870756149291992e-01
3.061522729694843292e-04 9.996938705444335938e-01
3.859035496134310961e-04 9.996141195297241211e-01
2.692978014238178730e-04 9.997306466102600098e-01
5.605354672297835350e-04 9.994394183158874512e-01
6.868162017781287432e-05 9.999313354492187500e-01
2.070321206701919436e-04 9.997929930686950684e-01
1.366813434287905693e-03 9.986332058906555176e-01
6.172931171022355556e-05 9.999382495880126953e-01
5.171911325305700302e-04 9.994827508926391602e-01
5.350867650122381747e-05 9.999464750289916992e-01
5.788711132481694221e-04 9.994211196899414062e-01
2.794223546516150236e-04 9.997205138206481934e-01
4.022251814603805542e-04 9.995978474617004395e-01
7.580391247756779194e-04 9.992419481277465820e-01
1.392862061038613319e-03 9.986072182655334473e-01
5.819029320264235139e-05 9.999418258666992188e-01
2.158356073778122663e-05 9.999784231185913086e-01
3.313923079986125231e-04 9.996685981750488281e-01
5.764205125160515308e-04 9.994236230850219727e-01
4.754864858114160597e-05 9.999524354934692383e-01
2.447429505991749465e-05 9.999755620956420898e-01
7.545602857135236263e-04 9.992455244064331055e-01
3.489127848297357559e-04 9.996510744094848633e-01
6.653101445408537984e-05 9.999334812164306641e-01
5.425548297353088856e-04 9.994574189186096191e-01
1.191305418615229428e-04 9.998809099197387695e-01
9.484053007327020168e-04 9.990516304969787598e-01
4.525838885456323624e-04 9.995474219322204590e-01
8.059963874984532595e-05 9.999194145202636719e-01
1.554796239361166954e-03 9.984452128410339355e-01
2.929728652816265821e-04 9.997070431709289551e-01
2.045703004114329815e-04 9.997954964637756348e-01
3.064110060222446918e-04 9.996936321258544922e-01
9.745660645421594381e-05 9.999024868011474609e-01
6.358673999784514308e-05 9.999364614486694336e-01
1.182461928692646325e-04 9.998817443847656250e-01
2.347317204112187028e-04 9.997652173042297363e-01
2.257211017422378063e-04 9.997742772102355957e-01
5.469432289828546345e-05 9.999452829360961914e-01
1.519911165814846754e-04 9.998480081558227539e-01
1.109454024117439985e-04 9.998890161514282227e-01
1.780662569217383862e-04 9.998219609260559082e-01
2.337254118174314499e-04 9.997662901878356934e-01
3.793091746047139168e-04 9.996206760406494141e-01
5.619402509182691574e-05 9.999438524246215820e-01
8.540615090169012547e-04 9.991458654403686523e-01
3.394062805455178022e-04 9.996606111526489258e-01
2.746113750617951155e-05 9.999725818634033203e-01
6.623390363529324532e-04 9.993376135826110840e-01
1.803580198611598462e-05 9.999819993972778320e-01
2.316574828000739217e-04 9.997683167457580566e-01
2.433808695059269667e-04 9.997566342353820801e-01
4.535260814009234309e-05 9.999547004699707031e-01
1.130940945586189628e-04 9.998868703842163086e-01
8.649403025628998876e-05 9.999134540557861328e-01
2.387827262282371521e-03 9.976122379302978516e-01
1.051690051099285483e-04 9.998948574066162109e-01
2.345977351069450378e-03 9.976540207862854004e-01
3.859035496134310961e-04 9.996141195297241211e-01
1.260479097254574299e-03 9.987395405769348145e-01
3.022241871803998947e-04 9.996978044509887695e-01
1.279682619497179985e-04 9.998719692230224609e-01
1.190516399219632149e-03 9.988094568252563477e-01
4.924329696223139763e-04 9.995075464248657227e-01
7.064951205393299460e-05 9.999293088912963867e-01
2.088796754833310843e-04 9.997910857200622559e-01
3.382856375537812710e-04 9.996616840362548828e-01
1.339597656624391675e-04 9.998660087585449219e-01
2.223671413958072662e-03 9.977763295173645020e-01
4.828502133022993803e-04 9.995172023773193359e-01
2.273399295518174767e-04 9.997727274894714355e-01
4.134089394938200712e-04 9.995866417884826660e-01
8.383650183677673340e-01 1.616350263357162476e-01
2.581959124654531479e-04 9.997418522834777832e-01
5.259637255221605301e-04 9.994741082191467285e-01
8.094571239780634642e-05 9.999190568923950195e-01
1.400997163727879524e-03 9.985989928245544434e-01
1.872218999778851867e-04 9.998127818107604980e-01
3.805465064942836761e-03 9.961946010589599609e-01
1.399360480718314648e-03 9.986006617546081543e-01
8.152001537382602692e-04 9.991847872734069824e-01
6.159136682981625199e-05 9.999383687973022461e-01
1.713593519525602460e-05 9.999828338623046875e-01
2.674626884981989861e-04 9.997325539588928223e-01
1.908420963445678353e-04 9.998092055320739746e-01
3.378138353582471609e-04 9.996621608734130859e-01
5.501379491761326790e-04 9.994499087333679199e-01
8.636069251224398613e-04 9.991363883018493652e-01
5.974868327029980719e-05 9.999402761459350586e-01
2.692547277547419071e-04 9.997307658195495605e-01
3.107367083430290222e-04 9.996893405914306641e-01
5.528070614673197269e-04 9.994471669197082520e-01
2.322765067219734192e-04 9.997677206993103027e-01
1.175841534859500825e-04 9.998824596405029297e-01
9.985439101001247764e-05 9.999001026153564453e-01
5.526652676053345203e-04 9.994472861289978027e-01
6.167912943055853248e-05 9.999383687973022461e-01
3.084349737036973238e-05 9.999691247940063477e-01
7.206299342215061188e-04 9.992794394493103027e-01
3.576099334168247879e-05 9.999642372131347656e-01
1.528467168100178242e-03 9.984715580940246582e-01
5.366827099351212382e-05 9.999463558197021484e-01
1.364670170005410910e-04 9.998635053634643555e-01
1.844337530201300979e-04 9.998156428337097168e-01
1.180104300146922469e-04 9.998819828033447266e-01
5.182163295103237033e-05 9.999481439590454102e-01
9.388966282131150365e-05 9.999060630798339844e-01
1.903732045320793986e-04 9.998096823692321777e-01
8.157858246704563498e-05 9.999184608459472656e-01
7.794666453264653683e-05 9.999220371246337891e-01
3.882129967678338289e-04 9.996117949485778809e-01
7.837208977434784174e-05 9.999216794967651367e-01
4.991002497263252735e-04 9.995008707046508789e-01
1.345409429632127285e-03 9.986546039581298828e-01
3.028241044376045465e-04 9.996972084045410156e-01
1.838824478909373283e-03 9.981611371040344238e-01
9.255476179532706738e-04 9.990744590759277344e-01
9.102741605602204800e-04 9.990897178649902344e-01
4.454515001270920038e-04 9.995545744895935059e-01
4.813447303604334593e-04 9.995186328887939453e-01
8.274549327325075865e-05 9.999172687530517578e-01
2.488753059878945351e-03 9.975112676620483398e-01
1.641652634134516120e-04 9.998358488082885742e-01
1.923012168845161796e-04 9.998077750205993652e-01
9.983991980552673340e-01 1.600750838406383991e-03
2.905101573560386896e-04 9.997094273567199707e-01
1.026906888000667095e-03 9.989731311798095703e-01
7.708006887696683407e-05 9.999228715896606445e-01
1.364311028737574816e-04 9.998635053634643555e-01
9.821602725423872471e-05 9.999017715454101562e-01
1.019385876134037971e-03 9.989805817604064941e-01
2.007345174206420779e-04 9.997993111610412598e-01
5.297313909977674484e-04 9.994702935218811035e-01
1.568346284329891205e-03 9.984316229820251465e-01
9.179173503071069717e-06 9.999908208847045898e-01
1.575209462316706777e-04 9.998424053192138672e-01
1.671972568146884441e-04 9.998327493667602539e-01
3.910578670911490917e-04 9.996089339256286621e-01
1.534327166154980659e-04 9.998465776443481445e-01
1.082496310118585825e-04 9.998917579650878906e-01
6.284261326072737575e-05 9.999371767044067383e-01
5.350810824893414974e-04 9.994649291038513184e-01
2.530057972762733698e-04 9.997469782829284668e-01
4.076926270499825478e-04 9.995923638343811035e-01
1.141009037382900715e-03 9.988590478897094727e-01
1.241905411006882787e-04 9.998757839202880859e-01
1.431540353223681450e-03 9.985684156417846680e-01
4.007164970971643925e-04 9.995992779731750488e-01
3.337095840834081173e-04 9.996663331985473633e-01
2.909314644057303667e-04 9.997090697288513184e-01
1.015181478578597307e-04 9.998984336853027344e-01
1.629220438189804554e-03 9.983708262443542480e-01
1.532973255962133408e-03 9.984670281410217285e-01
6.510093808174133301e-04 9.993489384651184082e-01
1.340675953542813659e-04 9.998658895492553711e-01
4.503306932747364044e-03 9.954967498779296875e-01
2.244209281343501061e-05 9.999775886535644531e-01
5.669602542184293270e-04 9.994329810142517090e-01
1.140360836870968342e-03 9.988596439361572266e-01
3.769367467612028122e-04 9.996230602264404297e-01
4.443000652827322483e-04 9.995556473731994629e-01
4.968474968336522579e-04 9.995031356811523438e-01
3.283809928689152002e-04 9.996715784072875977e-01
9.667851263657212257e-04 9.990332126617431641e-01
3.452539749559946358e-05 9.999654293060302734e-01
6.186252576299011707e-04 9.993813037872314453e-01
2.142000012099742889e-04 9.997858405113220215e-01
4.372482944745570421e-04 9.995626807212829590e-01
2.552319201640784740e-04 9.997447133064270020e-01
1.184107022709213197e-04 9.998816251754760742e-01
1.029025763273239136e-03 9.989709854125976562e-01
2.193740510847419500e-04 9.997805953025817871e-01
3.696260682772845030e-04 9.996303319931030273e-01
1.421686320099979639e-04 9.998577833175659180e-01
5.335870664566755295e-04 9.994664788246154785e-01
1.712087396299466491e-04 9.998288154602050781e-01
7.025505765341222286e-04 9.992973804473876953e-01
4.451236236491240561e-05 9.999555349349975586e-01
2.360573125770315528e-05 9.999763965606689453e-01
1.401122281095013022e-04 9.998598098754882812e-01
5.113066799822263420e-05 9.999488592147827148e-01
2.304394962266087532e-03 9.976956248283386230e-01
1.956810447154566646e-04 9.998043179512023926e-01
4.626797453965991735e-05 9.999537467956542969e-01
1.167934315162710845e-04 9.998831748962402344e-01
2.796972694341093302e-05 9.999719858169555664e-01
4.285375689505599439e-05 9.999572038650512695e-01
2.606927591841667891e-04 9.997393488883972168e-01
2.475810470059514046e-04 9.997524619102478027e-01
3.137743624392896891e-04 9.996862411499023438e-01
1.810707326512783766e-04 9.998189806938171387e-01
2.065913518890738487e-03 9.979341030120849609e-01
3.676580672618001699e-04 9.996323585510253906e-01
2.079899568343535066e-04 9.997920393943786621e-01
1.215785086969844997e-04 9.998784065246582031e-01
6.920678424648940563e-05 9.999307394027709961e-01
6.144163198769092560e-04 9.993855953216552734e-01
2.558170817792415619e-04 9.997442364692687988e-01
5.258386954665184021e-04 9.994742274284362793e-01
3.732645127456635237e-04 9.996267557144165039e-01
3.786848392337560654e-04 9.996212720870971680e-01
8.812265150481835008e-05 9.999119043350219727e-01
1.285838952753692865e-04 9.998713731765747070e-01
8.047629671636968851e-05 9.999195337295532227e-01
1.034682150930166245e-03 9.989652633666992188e-01
1.131619559600949287e-03 9.988684654235839844e-01
1.995161073864437640e-05 9.999800920486450195e-01
4.153399277129210532e-05 9.999585151672363281e-01
1.835505972849205136e-04 9.998164772987365723e-01
2.202068222686648369e-03 9.977979660034179688e-01
1.556511037051677704e-03 9.984435439109802246e-01
5.572591180680319667e-05 9.999443292617797852e-01
3.020522126462310553e-04 9.996979236602783203e-01
2.273453283123672009e-04 9.997726082801818848e-01
7.815103890607133508e-05 9.999217987060546875e-01
2.310013631358742714e-03 9.976899623870849609e-01
1.508815767010673881e-04 9.998490810394287109e-01
8.480966062052175403e-05 9.999152421951293945e-01
6.159430486150085926e-04 9.993840456008911133e-01
1.286119804717600346e-04 9.998713731765747070e-01
2.494709915481507778e-04 9.997505545616149902e-01
5.316321767168119550e-05 9.999468326568603516e-01
4.570419696392491460e-05 9.999543428421020508e-01
5.209975061006844044e-04 9.994789958000183105e-01
1.311960804741829634e-04 9.998687505722045898e-01
5.120810601511038840e-05 9.999487400054931641e-01
3.974284336436539888e-04 9.996026158332824707e-01
1.369149977108463645e-04 9.998630285263061523e-01
7.991540478542447090e-04 9.992008805274963379e-01
4.251817881595343351e-04 9.995748400688171387e-01
4.128868458792567253e-04 9.995871186256408691e-01
4.285087343305349350e-04 9.995715022087097168e-01
1.586380240041762590e-04 9.998413324356079102e-01
2.024297427851706743e-04 9.997976422309875488e-01
5.273668793961405754e-04 9.994726777076721191e-01
4.935213655699044466e-05 9.999506473541259766e-01
6.415806274162605405e-05 9.999358654022216797e-01
2.887209302571136504e-05 9.999711513519287109e-01
6.197598122525960207e-05 9.999380111694335938e-01
1.761451858328655362e-04 9.998238682746887207e-01
2.835533814504742622e-04 9.997164607048034668e-01
2.820185036398470402e-04 9.997180104255676270e-01
1.625017961487174034e-03 9.983749389648437500e-01
2.484119322616606951e-04 9.997516274452209473e-01
2.426540158921852708e-04 9.997573494911193848e-01
1.213280047522857785e-04 9.998786449432373047e-01
3.179076884407550097e-04 9.996820688247680664e-01
2.934357908088713884e-04 9.997065663337707520e-01
7.654215005459263921e-05 9.999234676361083984e-01
1.605415309313684702e-05 9.999839067459106445e-01
9.045704791788011789e-05 9.999095201492309570e-01
4.661170241888612509e-04 9.995338916778564453e-01
4.842377966269850731e-04 9.995157718658447266e-01
2.631371899042278528e-04 9.997368454933166504e-01
1.387588679790496826e-03 9.986124038696289062e-01
1.058402121998369694e-03 9.989416003227233887e-01
2.436999056953936815e-04 9.997562766075134277e-01
9.322217374574393034e-05 9.999067783355712891e-01
6.773950735805556178e-05 9.999322891235351562e-01
1.479720114730298519e-03 9.985203146934509277e-01
1.075739783118478954e-04 9.998924732208251953e-01
4.648392859962768853e-05 9.999535083770751953e-01
1.753791548253502697e-05 9.999824762344360352e-01
5.226493158261291683e-05 9.999477863311767578e-01
1.527963031549006701e-04 9.998471736907958984e-01
9.062800381798297167e-05 9.999094009399414062e-01
1.098404482036130503e-05 9.999890327453613281e-01
2.653372393979225308e-05 9.999734163284301758e-01
2.125563332810997963e-04 9.997875094413757324e-01
1.753186574205756187e-03 9.982467889785766602e-01
6.561104673892259598e-04 9.993439316749572754e-01
2.630998205859214067e-04 9.997368454933166504e-01
1.800559693947434425e-04 9.998199343681335449e-01
6.465461337938904762e-04 9.993534684181213379e-01
2.105369698256254196e-03 9.978947043418884277e-01
7.627960440004244447e-05 9.999237060546875000e-01
1.152261393144726753e-04 9.998847246170043945e-01
4.222012939862906933e-04 9.995778203010559082e-01
7.230631308630108833e-05 9.999276399612426758e-01
1.737640413921326399e-04 9.998262524604797363e-01
1.263474114239215851e-04 9.998736381530761719e-01
8.727300155442208052e-05 9.999127388000488281e-01
6.368426256813108921e-04 9.993631243705749512e-01
6.975054275244474411e-04 9.993025064468383789e-01
1.962344831554219127e-04 9.998038411140441895e-01
5.088017132948152721e-05 9.999490976333618164e-01
7.796171703375875950e-04 9.992203712463378906e-01
3.751554177142679691e-04 9.996248483657836914e-01
4.818261731998063624e-05 9.999518394470214844e-01
3.146352828480303288e-04 9.996854066848754883e-01
2.240080175397451967e-05 9.999775886535644531e-01
8.364616078324615955e-04 9.991635084152221680e-01
7.190043834270909429e-05 9.999281167984008789e-01
5.203072447329759598e-03 9.947969317436218262e-01
1.481270301155745983e-04 9.998518228530883789e-01
8.665634231874719262e-05 9.999133348464965820e-01
7.467214163625612855e-05 9.999253749847412109e-01
4.152993496973067522e-04 9.995847344398498535e-01
4.937023622915148735e-04 9.995062351226806641e-01
3.825602470897138119e-04 9.996174573898315430e-01
4.998469739803113043e-05 9.999500513076782227e-01
3.634623863035812974e-05 9.999636411666870117e-01
4.881906788796186447e-04 9.995118379592895508e-01
7.246985915116965771e-04 9.992752671241760254e-01
4.270096775144338608e-03 9.957298636436462402e-01
5.975108069833368063e-05 9.999402761459350586e-01
6.215239409357309341e-04 9.993784427642822266e-01
2.765161916613578796e-04 9.997234940528869629e-01
7.312126399483531713e-05 9.999269247055053711e-01
3.521210601320490241e-05 9.999648332595825195e-01
4.390967951621860266e-04 9.995608925819396973e-01
1.150698401033878326e-03 9.988492727279663086e-01
3.300215175841003656e-04 9.996700286865234375e-01
1.102276946767233312e-04 9.998897314071655273e-01
7.161231478676199913e-04 9.992838501930236816e-01
5.279345437884330750e-03 9.947206974029541016e-01
1.182509120553731918e-03 9.988175034523010254e-01
1.762153988238424063e-04 9.998238682746887207e-01
3.004939935635775328e-04 9.996995925903320312e-01
1.486572145950049162e-04 9.998513460159301758e-01
6.392435170710086823e-04 9.993607401847839355e-01
1.518377248430624604e-04 9.998481273651123047e-01
5.945092198089696467e-05 9.999405145645141602e-01
5.850094021297991276e-04 9.994150400161743164e-01
5.245608626864850521e-04 9.994754195213317871e-01
3.087066579610109329e-04 9.996913671493530273e-01
1.019291696138679981e-03 9.989807009696960449e-01
3.286657156422734261e-04 9.996713399887084961e-01
3.900617302861064672e-04 9.996100068092346191e-01
3.140452317893505096e-04 9.996860027313232422e-01
5.897018490941263735e-05 9.999409914016723633e-01
2.532109210733324289e-04 9.997467398643493652e-01
1.090093210223130882e-04 9.998909235000610352e-01
5.715482402592897415e-04 9.994284510612487793e-01
7.622297562193125486e-05 9.999238252639770508e-01
9.050838707480579615e-05 9.999095201492309570e-01
2.070554328383877873e-04 9.997929930686950684e-01
3.056270652450621128e-04 9.996943473815917969e-01
9.733299957588315010e-04 9.990266561508178711e-01
2.669806126505136490e-04 9.997330307960510254e-01
2.454275090713053942e-04 9.997546076774597168e-01
9.885629406198859215e-04 9.990113973617553711e-01
9.336059883935377002e-05 9.999066591262817383e-01
1.254091184819117188e-04 9.998745918273925781e-01
4.785775090567767620e-04 9.995213747024536133e-01
5.301417331793345511e-05 9.999469518661499023e-01
1.339155569439753890e-04 9.998660087585449219e-01
1.534934417577460408e-04 9.998464584350585938e-01
4.487270780373364687e-04 9.995512366294860840e-01
1.644693693378940225e-04 9.998354911804199219e-01
4.369593516457825899e-04 9.995630383491516113e-01
1.222487189806997776e-04 9.998776912689208984e-01
3.859035496134310961e-04 9.996141195297241211e-01
2.367347769904881716e-04 9.997633099555969238e-01
1.311394298681989312e-04 9.998688697814941406e-01
2.252317935926839709e-04 9.997747540473937988e-01
2.515450760256499052e-04 9.997484087944030762e-01
2.134770184056833386e-04 9.997865557670593262e-01
1.713673118501901627e-04 9.998285770416259766e-01
1.220033300342038274e-04 9.998779296875000000e-01
8.745231316424906254e-04 9.991255402565002441e-01
8.452941983705386519e-05 9.999154806137084961e-01
3.120821784250438213e-04 9.996879100799560547e-01
1.110799494199454784e-04 9.998888969421386719e-01
1.916323672048747540e-04 9.998083710670471191e-01
5.426427815109491348e-04 9.994574189186096191e-01
8.911381592042744160e-04 9.991088509559631348e-01
9.276919445255771279e-05 9.999072551727294922e-01
6.778172100894153118e-04 9.993221759796142578e-01
4.430662011145614088e-05 9.999556541442871094e-01
9.864346793619915843e-05 9.999012947082519531e-01
1.848570071160793304e-03 9.981513619422912598e-01
8.034801430767402053e-05 9.999196529388427734e-01
1.531684392830356956e-04 9.998468160629272461e-01
4.136736097279936075e-04 9.995862841606140137e-01
6.832141662016510963e-05 9.999316930770874023e-01
1.614564826013520360e-04 9.998384714126586914e-01
1.248156040674075484e-04 9.998751878738403320e-01
9.023055899888277054e-04 9.990977048873901367e-01
5.093050422146916389e-04 9.994906187057495117e-01
2.631434472277760506e-04 9.997368454933166504e-01
2.289694675710052252e-04 9.997710585594177246e-01
8.819359936751425266e-05 9.999117851257324219e-01
4.019618500024080276e-04 9.995980858802795410e-01
1.802657498046755791e-03 9.981973767280578613e-01
7.845433428883552551e-03 9.921545386314392090e-01
5.200277155381627381e-05 9.999480247497558594e-01
1.459648337913677096e-04 9.998539686203002930e-01
5.395167318056337535e-05 9.999459981918334961e-01
2.130477514583617449e-04 9.997869133949279785e-01
1.563349505886435509e-04 9.998435974121093750e-01
1.222261227667331696e-03 9.987776875495910645e-01
1.564382837386801839e-04 9.998434782028198242e-01
2.015488134929910302e-04 9.997984766960144043e-01
7.843220373615622520e-05 9.999215602874755859e-01
2.903899876400828362e-04 9.997095465660095215e-01
7.204512949101626873e-04 9.992795586585998535e-01
8.638522558612748981e-05 9.999135732650756836e-01
5.354803215595893562e-05 9.999464750289916992e-01
1.849334221333265305e-03 9.981506466865539551e-01
1.508211717009544373e-04 9.998492002487182617e-01
1.993947953451424837e-04 9.998006224632263184e-01
5.633991167997010052e-05 9.999436140060424805e-01
2.630652161315083504e-04 9.997369647026062012e-01
7.956285116961225867e-05 9.999204874038696289e-01
1.296927621297072619e-05 9.999870061874389648e-01
5.609593936242163181e-04 9.994390606880187988e-01
7.211226329673081636e-05 9.999278783798217773e-01
4.934711614623665810e-04 9.995064735412597656e-01
1.027932885335758328e-04 9.998972415924072266e-01
1.019210758386179805e-04 9.998980760574340820e-01
6.484153709607198834e-05 9.999351501464843750e-01
1.306869235122576356e-04 9.998693466186523438e-01
4.118779033888131380e-04 9.995880722999572754e-01
1.907351252157241106e-04 9.998093247413635254e-01
1.291016000322997570e-03 9.987089633941650391e-01
7.852912531234323978e-04 9.992146492004394531e-01
4.081159131601452827e-04 9.995918869972229004e-01
1.524675462860614061e-04 9.998475313186645508e-01
5.687452503480017185e-04 9.994311928749084473e-01
2.137366973329335451e-04 9.997863173484802246e-01
1.354967535007745028e-04 9.998644590377807617e-01
3.419631684664636850e-04 9.996579885482788086e-01
1.590498577570542693e-04 9.998409748077392578e-01
1.933416351675987244e-04 9.998067021369934082e-01
6.151881825644522905e-05 9.999384880065917969e-01
2.823769813403487206e-03 9.971761703491210938e-01
2.933104697149246931e-04 9.997066855430603027e-01
