2.201221138238906860e-01 7.798778414726257324e-01
7.550802826881408691e-01 2.449196875095367432e-01
2.993513457477092743e-02 9.700648784637451172e-01
6.372950673103332520e-01 3.627049326896667480e-01
2.851418852806091309e-01 7.148581147193908691e-01
8.752679824829101562e-01 1.247320175170898438e-01
2.496649473905563354e-01 7.503350973129272461e-01
6.864180564880371094e-01 3.135819733142852783e-01
2.632858157157897949e-01 7.367141842842102051e-01
8.921008706092834473e-01 1.078991144895553589e-01
7.565685361623764038e-02 9.243431091308593750e-01
8.621021509170532227e-01 1.378978788852691650e-01
2.484446018934249878e-01 7.515553832054138184e-01
3.041169047355651855e-01 6.958830356597900391e-01
8.557455241680145264e-02 9.144254326820373535e-01
2.955491840839385986e-01 7.044507861137390137e-01
4.832532256841659546e-02 9.516746997833251953e-01
2.078285366296768188e-01 7.921714782714843750e-01
1.400591880083084106e-01 8.599407672882080078e-01
1.670022010803222656e-01 8.329977989196777344e-01
1.545331180095672607e-01 8.454668521881103516e-01
3.020504117012023926e-01 6.979495882987976074e-01
5.164748802781105042e-02 9.483525753021240234e-01
8.276569843292236328e-02 9.172343611717224121e-01
2.022031694650650024e-02 9.797796607017517090e-01
8.206070959568023682e-02 9.179392457008361816e-01
2.623267769813537598e-01 7.376732826232910156e-01
8.632646203041076660e-01 1.367353498935699463e-01
3.793295100331306458e-02 9.620670676231384277e-01
1.896117478609085083e-01 8.103882670402526855e-01
3.499504178762435913e-02 9.650049805641174316e-01
3.323887586593627930e-01 6.676111817359924316e-01
6.329531967639923096e-02 9.367046356201171875e-01
2.613512240350246429e-02 9.738648533821105957e-01
5.946042761206626892e-02 9.405395984649658203e-01
1.011315211653709412e-01 8.988684415817260742e-01
6.186461076140403748e-02 9.381354451179504395e-01
2.033057212829589844e-01 7.966943383216857910e-01
3.449187800288200378e-02 9.655081629753112793e-01
5.167375206947326660e-01 4.832624793052673340e-01
3.090777620673179626e-02 9.690922498703002930e-01
2.131221294403076172e-01 7.868778109550476074e-01
4.454614222049713135e-02 9.554538726806640625e-01
6.678490638732910156e-01 3.321509361267089844e-01
6.835566461086273193e-02 9.316443800926208496e-01
5.450881719589233398e-01 4.549118578433990479e-01
6.074752286076545715e-02 9.392524957656860352e-01
8.286578655242919922e-01 1.713421791791915894e-01
2.190650999546051025e-02 9.780935049057006836e-01
5.950719118118286133e-01 4.049280881881713867e-01
3.579235076904296875e-02 9.642075896263122559e-01
5.657495856285095215e-01 4.342503845691680908e-01
5.739086121320724487e-02 9.426091909408569336e-01
1.822156161069869995e-01 8.177843689918518066e-01
1.758830249309539795e-01 8.241170048713684082e-01
7.820902466773986816e-01 2.179097086191177368e-01
2.071173116564750671e-02 9.792882800102233887e-01
7.812051177024841309e-01 2.187948524951934814e-01
1.093238815665245056e-01 8.906761407852172852e-01
4.566652178764343262e-01 5.433347821235656738e-01
1.004685685038566589e-01 8.995314240455627441e-01
2.875936329364776611e-01 7.124063968658447266e-01
3.747140765190124512e-01 6.252859234809875488e-01
6.918960213661193848e-01 3.081039786338806152e-01
7.696229219436645508e-02 9.230377078056335449e-01
4.149244725704193115e-01 5.850754976272583008e-01
1.230674237012863159e-01 8.769325613975524902e-01
7.540079355239868164e-01 2.459920793771743774e-01
3.472615033388137817e-02 9.652738571166992188e-01
3.963884115219116211e-01 6.036115884780883789e-01
3.257919102907180786e-02 9.674207568168640137e-01
5.944048762321472168e-01 4.055950939655303955e-01
1.355409622192382812e-01 8.644589781761169434e-01
4.982645511627197266e-01 5.017354488372802734e-01
1.181031093001365662e-01 8.818969130516052246e-01
8.676761388778686523e-01 1.323238611221313477e-01
3.417734056711196899e-02 9.658226370811462402e-01
5.190369859337806702e-02 9.480962753295898438e-01
5.498652905225753784e-02 9.450135231018066406e-01
4.014147520065307617e-01 5.985852479934692383e-01
7.118721306324005127e-02 9.288128018379211426e-01
9.437240958213806152e-01 5.627591535449028015e-02
3.303689509630203247e-02 9.669631123542785645e-01
5.049746036529541016e-01 4.950253963470458984e-01
1.328679621219635010e-01 8.671320676803588867e-01
5.137388110160827637e-01 4.862612187862396240e-01
4.204821959137916565e-02 9.579517245292663574e-01
4.327902793884277344e-01 5.672096610069274902e-01
3.355055451393127441e-01 6.644944548606872559e-01
1.033970266580581665e-01 8.966029286384582520e-01
3.127555847167968750e-01 6.872444152832031250e-01
3.945581614971160889e-02 9.605441689491271973e-01
4.756975173950195312e-02 9.524301886558532715e-01
7.638209462165832520e-01 2.361790388822555542e-01
9.015062451362609863e-02 9.098493456840515137e-01
7.037705779075622559e-01 2.962294518947601318e-01
1.739202886819839478e-01 8.260796666145324707e-01
5.140456929802894592e-02 9.485954642295837402e-01
5.658319592475891113e-02 9.434167742729187012e-01
8.579976558685302734e-01 1.420023739337921143e-01
7.215657830238342285e-02 9.278433918952941895e-01
3.194308280944824219e-01 6.805691719055175781e-01
2.778894081711769104e-02 9.722110033035278320e-01
1.041171178221702576e-01 8.958828449249267578e-01
4.700502753257751465e-02 9.529950022697448730e-01
7.797389626502990723e-01 2.202610075473785400e-01
7.673286646604537964e-02 9.232671856880187988e-01
7.528975605964660645e-01 2.471024394035339355e-01
1.974331140518188477e-01 8.025668859481811523e-01
7.700097560882568359e-01 2.299902886152267456e-01
1.982908509671688080e-02 9.801708459854125977e-01
7.812255024909973145e-01 2.187744975090026855e-01
4.865591973066329956e-02 9.513441324234008789e-01
9.009515643119812012e-01 9.904838353395462036e-02
2.361314892768859863e-01 7.638685703277587891e-01
2.922037839889526367e-01 7.077962160110473633e-01
8.359952270984649658e-02 9.164004921913146973e-01
8.722709417343139648e-01 1.277290731668472290e-01
1.472601294517517090e-01 8.527399301528930664e-01
2.076502889394760132e-01 7.923496961593627930e-01
2.825501374900341034e-02 9.717449545860290527e-01
1.962328851222991943e-01 8.037671446800231934e-01
4.488570615649223328e-02 9.551142454147338867e-01
1.310933083295822144e-01 8.689067363739013672e-01
4.634466394782066345e-02 9.536553621292114258e-01
9.061044454574584961e-01 9.389550238847732544e-02
2.193946391344070435e-02 9.780605435371398926e-01
8.411148190498352051e-02 9.158884882926940918e-01
5.437290295958518982e-02 9.456270933151245117e-01
8.411198854446411133e-01 1.588800698518753052e-01
1.372946351766586304e-01 8.627053499221801758e-01
1.158799827098846436e-01 8.841199874877929688e-01
3.733880072832107544e-02 9.626612663269042969e-01
7.300614565610885620e-02 9.269937872886657715e-01
8.872225880622863770e-02 9.112777709960937500e-01
5.679095983505249023e-01 4.320904016494750977e-01
7.615970075130462646e-02 9.238403439521789551e-01
4.250128269195556641e-01 5.749871134757995605e-01
4.993018135428428650e-02 9.500697851181030273e-01
9.091463685035705566e-01 9.085358679294586182e-02
9.080272912979125977e-02 9.091973304748535156e-01
3.551942110061645508e-01 6.448057293891906738e-01
5.207422375679016113e-02 9.479257464408874512e-01
8.028141409158706665e-02 9.197186231613159180e-01
4.038928747177124023e-01 5.961071252822875977e-01
8.245665431022644043e-01 1.754334419965744019e-01
7.292015850543975830e-02 9.270798563957214355e-01
1.803976595401763916e-01 8.196023702621459961e-01
4.279511421918869019e-02 9.572049379348754883e-01
5.384754538536071777e-01 4.615244865417480469e-01
4.404823854565620422e-02 9.559518098831176758e-01
1.624963432550430298e-01 8.375037312507629395e-01
2.911023795604705811e-02 9.708897471427917480e-01
1.704856455326080322e-01 8.295143246650695801e-01
1.698197722434997559e-01 8.301801681518554688e-01
3.802734315395355225e-01 6.197265982627868652e-01
3.958603367209434509e-02 9.604139328002929688e-01
2.354278862476348877e-01 7.645720839500427246e-01
4.634939506649971008e-02 9.536505937576293945e-01
2.525013685226440430e-01 7.474986314773559570e-01
9.644129872322082520e-02 9.035586714744567871e-01
4.482612311840057373e-01 5.517387390136718750e-01
1.362462639808654785e-01 8.637537360191345215e-01
3.681523799896240234e-01 6.318476200103759766e-01
3.517688810825347900e-02 9.648230671882629395e-01
7.726366519927978516e-01 2.273633778095245361e-01
3.287686407566070557e-01 6.712313890457153320e-01
4.520897865295410156e-01 5.479102730751037598e-01
8.752249181270599365e-02 9.124774932861328125e-01
7.322445511817932129e-01 2.677554786205291748e-01
2.356053739786148071e-01 7.643946409225463867e-01
6.404072642326354980e-01 3.595927655696868896e-01
1.914714276790618896e-01 8.085285425186157227e-01
3.428860902786254883e-01 6.571138501167297363e-01
4.688461869955062866e-02 9.531154036521911621e-01
7.390305995941162109e-01 2.609693408012390137e-01
8.429279178380966187e-02 9.157072305679321289e-01
9.216523766517639160e-01 7.834760099649429321e-02
5.151566118001937866e-02 9.484843611717224121e-01
6.095410585403442383e-01 3.904588818550109863e-01
1.007987037301063538e-01 8.992013335227966309e-01
5.725235939025878906e-01 4.274763762950897217e-01
1.010305657982826233e-01 8.989694118499755859e-01
7.373619675636291504e-01 2.626380026340484619e-01
3.649174422025680542e-02 9.635082483291625977e-01
9.313111305236816406e-01 6.868889927864074707e-02
5.239013954997062683e-02 9.476098418235778809e-01
4.828740358352661133e-01 5.171259641647338867e-01
1.303311884403228760e-01 8.696688413619995117e-01
3.602118492126464844e-01 6.397881507873535156e-01
8.607583492994308472e-02 9.139241576194763184e-01
8.519808053970336914e-01 1.480192244052886963e-01
1.002411842346191406e-01 8.997588157653808594e-01
8.266327530145645142e-02 9.173367619514465332e-01
