5.639250844069465529e-07 9.999994039535522461e-01
2.574246025233151158e-07 9.999997615814208984e-01
6.519063617815845646e-07 9.999994039535522461e-01
3.006660449500486720e-07 9.999996423721313477e-01
1.333375934109426453e-07 9.999998807907104492e-01
1.689335107357692323e-07 9.999998807907104492e-01
2.596240449292963604e-07 9.999997615814208984e-01
5.787214831798337400e-07 9.999994039535522461e-01
3.998123077053605812e-07 9.999996423721313477e-01
3.479050292298779823e-07 9.999996423721313477e-01
3.939221073778753635e-07 9.999996423721313477e-01
5.733488706027856097e-07 9.999994039535522461e-01
7.551290082119521685e-07 9.999992847442626953e-01
3.683222473682690179e-07 9.999996423721313477e-01
3.061467737097700592e-07 9.999996423721313477e-01
4.942896794091211632e-07 9.999995231628417969e-01
1.328914208897913340e-06 9.999986886978149414e-01
3.339706609040149488e-07 9.999996423721313477e-01
3.065183875605725916e-07 9.999996423721313477e-01
2.239612797438894631e-07 9.999997615814208984e-01
7.975682478900125716e-07 9.999991655349731445e-01
3.840021349788003135e-07 9.999996423721313477e-01
3.488079869384819176e-07 9.999996423721313477e-01
3.642385024704708485e-07 9.999996423721313477e-01
2.057890924334060401e-07 9.999997615814208984e-01
4.795510335497965571e-07 9.999995231628417969e-01
2.629610946769389557e-07 9.999997615814208984e-01
1.501276869930734392e-06 9.999984502792358398e-01
7.701408435423218179e-07 9.999992847442626953e-01
1.823026849478992517e-07 9.999997615814208984e-01
3.338779777095624013e-07 9.999996423721313477e-01
2.805671499572781613e-07 9.999997615814208984e-01
3.900046579019544879e-07 9.999996423721313477e-01
7.112938646969269030e-07 9.999992847442626953e-01
2.483502612449228764e-07 9.999997615814208984e-01
2.516328834190062480e-07 9.999997615814208984e-01
3.847257232791889692e-07 9.999996423721313477e-01
1.704262899693276267e-07 9.999998807907104492e-01
8.899800718609185424e-07 9.999991655349731445e-01
2.411693174053652911e-07 9.999997615814208984e-01
2.342483185202581808e-07 9.999997615814208984e-01
5.536499543268291745e-07 9.999994039535522461e-01
2.630978315210086294e-07 9.999997615814208984e-01
1.423359350383179844e-07 9.999998807907104492e-01
1.123440142691833898e-06 9.999989271163940430e-01
2.319652310234232573e-07 9.999997615814208984e-01
5.065701316198101267e-07 9.999995231628417969e-01
4.511955751240748214e-07 9.999995231628417969e-01
2.235424005903041689e-07 9.999997615814208984e-01
4.434632955963024870e-06 9.999955892562866211e-01
3.895281110999349039e-07 9.999996423721313477e-01
2.911339151978609152e-07 9.999997615814208984e-01
5.116705779073527083e-07 9.999995231628417969e-01
4.512412203894200502e-07 9.999995231628417969e-01
3.817328320110391360e-07 9.999996423721313477e-01
3.661079404082556721e-07 9.999996423721313477e-01
3.188204544812833774e-08 1.000000000000000000e+00
2.670748813216050621e-07 9.999997615814208984e-01
9.693663827192722238e-08 9.999998807907104492e-01
7.821315648470772430e-07 9.999991655349731445e-01
2.606155646844854346e-07 9.999997615814208984e-01
1.722897451372773503e-07 9.999998807907104492e-01
3.549028804172849050e-07 9.999996423721313477e-01
3.863191579966951394e-07 9.999996423721313477e-01
4.635475363556906814e-07 9.999995231628417969e-01
3.311009493245364865e-07 9.999996423721313477e-01
3.217374455743993167e-07 9.999996423721313477e-01
1.615599387605470838e-07 9.999998807907104492e-01
3.767497958051535534e-07 9.999996423721313477e-01
4.407987432841764530e-07 9.999995231628417969e-01
7.710558520557242446e-07 9.999992847442626953e-01
7.707154168201668654e-07 9.999992847442626953e-01
1.932103685930997017e-07 9.999997615814208984e-01
2.525189870539179537e-07 9.999997615814208984e-01
2.101218541383786942e-07 9.999997615814208984e-01
1.238243276020511985e-04 9.998761415481567383e-01
4.511826716679934179e-07 9.999995231628417969e-01
2.633053952649788698e-07 9.999997615814208984e-01
7.418178142870601732e-07 9.999992847442626953e-01
2.971212893498886842e-07 9.999997615814208984e-01
3.261639278662187280e-07 9.999996423721313477e-01
5.004096692573511973e-07 9.999995231628417969e-01
3.061844324747653445e-07 9.999996423721313477e-01
6.993399210841744207e-07 9.999992847442626953e-01
2.454894172387867002e-07 9.999997615814208984e-01
3.191977384631172754e-07 9.999996423721313477e-01
3.596699968966277083e-07 9.999996423721313477e-01
3.812744182596361497e-07 9.999996423721313477e-01
1.625609655775406281e-07 9.999998807907104492e-01
5.835264005327189807e-07 9.999994039535522461e-01
3.026112267434655223e-07 9.999996423721313477e-01
4.382907832223281730e-07 9.999995231628417969e-01
3.315641663448332110e-07 9.999996423721313477e-01
3.512056139243213693e-07 9.999996423721313477e-01
3.606650693654955830e-07 9.999996423721313477e-01
2.802607070861995453e-07 9.999997615814208984e-01
4.761641321238130331e-07 9.999995231628417969e-01
4.852454935644345824e-07 9.999995231628417969e-01
3.336662928177247522e-07 9.999996423721313477e-01
3.262398138303979067e-07 9.999996423721313477e-01
2.330004917894257233e-06 9.999976158142089844e-01
7.053332637951825745e-07 9.999992847442626953e-01
1.475116278015775606e-07 9.999998807907104492e-01
3.135096733331010910e-07 9.999996423721313477e-01
2.348777883298680536e-07 9.999997615814208984e-01
5.963727289781672880e-07 9.999994039535522461e-01
1.918370031717131496e-07 9.999997615814208984e-01
2.697729826195427449e-07 9.999997615814208984e-01
5.114534928907232825e-07 9.999995231628417969e-01
3.376883057626400841e-07 9.999996423721313477e-01
6.059519819245906547e-07 9.999994039535522461e-01
5.019109039494651370e-07 9.999995231628417969e-01
4.697512281381932553e-07 9.999995231628417969e-01
7.606292911077616736e-07 9.999992847442626953e-01
4.743565966691676294e-07 9.999995231628417969e-01
3.291763164270378184e-07 9.999996423721313477e-01
2.995327008648018818e-07 9.999996423721313477e-01
7.062170084282115567e-07 9.999992847442626953e-01
4.828003739021369256e-07 9.999995231628417969e-01
2.856954210983531084e-07 9.999997615814208984e-01
1.117929627980629448e-06 9.999989271163940430e-01
3.455170940469542984e-07 9.999996423721313477e-01
3.528328136326308595e-07 9.999996423721313477e-01
5.142555323800479528e-07 9.999995231628417969e-01
1.985383306646326673e-07 9.999997615814208984e-01
4.183663975254603429e-07 9.999995231628417969e-01
2.266727960886782967e-07 9.999997615814208984e-01
1.827611981752852444e-07 9.999997615814208984e-01
7.496213925151096191e-07 9.999992847442626953e-01
4.460925708826835034e-07 9.999995231628417969e-01
3.748792778424103744e-07 9.999996423721313477e-01
4.514073452810407616e-07 9.999995231628417969e-01
2.048193294967859401e-07 9.999997615814208984e-01
3.413552462916413788e-07 9.999996423721313477e-01
8.277721121885406319e-07 9.999991655349731445e-01
4.051228188473032787e-07 9.999996423721313477e-01
1.593667349197858130e-07 9.999998807907104492e-01
6.847299687251506839e-07 9.999992847442626953e-01
3.255735919083235785e-06 9.999967813491821289e-01
3.587823584894067608e-07 9.999996423721313477e-01
4.097634302979713539e-07 9.999996423721313477e-01
3.000994013291347073e-07 9.999996423721313477e-01
5.561000193665677216e-07 9.999994039535522461e-01
1.281956514276316739e-07 9.999998807907104492e-01
3.284437752881785855e-07 9.999996423721313477e-01
3.327314459511399036e-07 9.999996423721313477e-01
1.514132577540294733e-06 9.999984502792358398e-01
7.171386187110329047e-07 9.999992847442626953e-01
3.303884170691162581e-07 9.999996423721313477e-01
2.991430392285110429e-07 9.999996423721313477e-01
5.327640906216402072e-07 9.999995231628417969e-01
2.448387306230870308e-07 9.999997615814208984e-01
3.634224015058862278e-07 9.999996423721313477e-01
3.658573177744983695e-07 9.999996423721313477e-01
3.274436153333226684e-07 9.999996423721313477e-01
4.582528276841912884e-07 9.999995231628417969e-01
2.397023024514055578e-07 9.999997615814208984e-01
2.773003018319286639e-07 9.999997615814208984e-01
4.545774174857797334e-07 9.999995231628417969e-01
3.869408260470663663e-07 9.999996423721313477e-01
4.872980525760794990e-07 9.999995231628417969e-01
3.687767105020611780e-07 9.999996423721313477e-01
7.718062420281057712e-07 9.999992847442626953e-01
5.086211558591458015e-07 9.999995231628417969e-01
2.700298864510841668e-07 9.999997615814208984e-01
4.247095830578473397e-07 9.999995231628417969e-01
4.925063876726198941e-07 9.999995231628417969e-01
1.530165832264174242e-06 9.999984502792358398e-01
4.058033482579048723e-07 9.999996423721313477e-01
7.621337658747506794e-07 9.999992847442626953e-01
9.093751032196450979e-07 9.999990463256835938e-01
1.091910007744445466e-06 9.999989271163940430e-01
2.962554788155102869e-07 9.999997615814208984e-01
3.981597842539486010e-07 9.999996423721313477e-01
6.409700290532782674e-07 9.999994039535522461e-01
5.156699671715614386e-07 9.999995231628417969e-01
4.409421308082528412e-07 9.999995231628417969e-01
3.060743836158508202e-07 9.999996423721313477e-01
2.517459449791203951e-07 9.999997615814208984e-01
5.378824994295428041e-07 9.999994039535522461e-01
3.275588369433535263e-07 9.999996423721313477e-01
2.765035844731755788e-07 9.999997615814208984e-01
4.177006189820531290e-07 9.999995231628417969e-01
8.684372119205363560e-07 9.999991655349731445e-01
5.534008096219622530e-07 9.999994039535522461e-01
1.843478543150922633e-07 9.999997615814208984e-01
7.225619924611237366e-07 9.999992847442626953e-01
3.743498382391408086e-07 9.999996423721313477e-01
2.363964455298628309e-07 9.999997615814208984e-01
2.470569029355829116e-07 9.999997615814208984e-01
8.874661716617993079e-07 9.999991655349731445e-01
5.195310563976818230e-07 9.999995231628417969e-01
4.172503338395472383e-07 9.999995231628417969e-01
2.191313370758507517e-07 9.999997615814208984e-01
3.644532000635081204e-07 9.999996423721313477e-01
9.242639862350188196e-07 9.999990463256835938e-01
2.516252095574600389e-07 9.999997615814208984e-01
3.443979039730038494e-07 9.999996423721313477e-01
3.850990424325573258e-07 9.999996423721313477e-01
2.328049504285445437e-07 9.999997615814208984e-01
6.479803005277062766e-08 9.999998807907104492e-01
3.240325668230070733e-06 9.999967813491821289e-01
5.448678734865097795e-07 9.999994039535522461e-01
1.576409545123169664e-06 9.999984502792358398e-01
3.015772449543874245e-07 9.999996423721313477e-01
4.586646866755472729e-07 9.999995231628417969e-01
3.844051832402328728e-07 9.999996423721313477e-01
5.760936687693174463e-07 9.999994039535522461e-01
4.596666087763878750e-07 9.999995231628417969e-01
5.617404781332879793e-07 9.999994039535522461e-01
1.850211930332079646e-07 9.999997615814208984e-01
3.751797237327991752e-07 9.999996423721313477e-01
2.128620337771280902e-07 9.999997615814208984e-01
2.733322901349310996e-07 9.999997615814208984e-01
1.336117918526724679e-07 9.999998807907104492e-01
2.024188319182940177e-07 9.999997615814208984e-01
1.147848180949040398e-07 9.999998807907104492e-01
6.893997692714037839e-07 9.999992847442626953e-01
3.482661838916101260e-07 9.999996423721313477e-01
1.845022666202567052e-06 9.999982118606567383e-01
2.922153896633972181e-07 9.999997615814208984e-01
4.665665471748070559e-07 9.999995231628417969e-01
4.078880806446250062e-07 9.999996423721313477e-01
2.523877640214777784e-07 9.999997615814208984e-01
5.152147650733240880e-07 9.999995231628417969e-01
9.582354323356412351e-07 9.999990463256835938e-01
1.764506833978884970e-07 9.999998807907104492e-01
3.144268134747107979e-07 9.999996423721313477e-01
4.137037308282742742e-07 9.999996423721313477e-01
3.473527101505169412e-07 9.999996423721313477e-01
3.101675929428893141e-07 9.999996423721313477e-01
6.913439847267000005e-07 9.999992847442626953e-01
2.589188989077229053e-05 9.999741315841674805e-01
3.444645813033275772e-07 9.999996423721313477e-01
4.329491218868497526e-07 9.999995231628417969e-01
2.736546491632907419e-07 9.999997615814208984e-01
2.511088439405284589e-07 9.999997615814208984e-01
6.595354307137313299e-07 9.999992847442626953e-01
3.582411522984330077e-07 9.999996423721313477e-01
5.318518674357619602e-07 9.999995231628417969e-01
2.823295233156386530e-07 9.999997615814208984e-01
8.287555601782514714e-07 9.999991655349731445e-01
8.387333991777268238e-07 9.999991655349731445e-01
5.365698712012090255e-07 9.999994039535522461e-01
2.451602370001637610e-07 9.999997615814208984e-01
5.399109568315907381e-07 9.999994039535522461e-01
6.068646030144009273e-07 9.999994039535522461e-01
2.197090793742972892e-07 9.999997615814208984e-01
2.939889611752732890e-07 9.999997615814208984e-01
4.598507814534968929e-07 9.999995231628417969e-01
4.787513319115532795e-08 1.000000000000000000e+00
1.092545403480471577e-06 9.999989271163940430e-01
4.458148907815484563e-07 9.999995231628417969e-01
3.262435654960427200e-07 9.999996423721313477e-01
3.968829673794971313e-07 9.999996423721313477e-01
5.748539138039632235e-07 9.999994039535522461e-01
3.736763858341873856e-07 9.999996423721313477e-01
3.131857226890133461e-07 9.999996423721313477e-01
2.930565301539900247e-07 9.999997615814208984e-01
8.005013114598114043e-07 9.999991655349731445e-01
2.603212294616241707e-07 9.999997615814208984e-01
1.387331707292105420e-07 9.999998807907104492e-01
1.593892307027999777e-07 9.999998807907104492e-01
5.808574314869474620e-07 9.999994039535522461e-01
7.831145012460183352e-07 9.999991655349731445e-01
1.813877048562062555e-07 9.999997615814208984e-01
1.359920815957593732e-07 9.999998807907104492e-01
4.098259580587182427e-07 9.999996423721313477e-01
7.501513437091489322e-07 9.999992847442626953e-01
3.532401819938968401e-07 9.999996423721313477e-01
3.610869896419899305e-07 9.999996423721313477e-01
6.960709129089082126e-07 9.999992847442626953e-01
1.774212250893469900e-06 9.999982118606567383e-01
4.611748636307311244e-07 9.999995231628417969e-01
6.353454296004201751e-07 9.999994039535522461e-01
2.583508091902331216e-07 9.999997615814208984e-01
3.888874573476641672e-07 9.999996423721313477e-01
3.102726395809440874e-07 9.999996423721313477e-01
2.423976468435284914e-07 9.999997615814208984e-01
8.375288302886474412e-07 9.999991655349731445e-01
4.436928406903462019e-07 9.999995231628417969e-01
3.704905964241334004e-07 9.999996423721313477e-01
1.267473521693318617e-06 9.999986886978149414e-01
2.455563787862047320e-07 9.999997615814208984e-01
2.743915956671116874e-07 9.999997615814208984e-01
3.089448057380650425e-07 9.999996423721313477e-01
1.288035264224163257e-06 9.999986886978149414e-01
3.529142418301489670e-07 9.999996423721313477e-01
1.301309566770214587e-05 9.999870061874389648e-01
3.325271507037541596e-07 9.999996423721313477e-01
2.278703021829642239e-07 9.999997615814208984e-01
3.440151488121045986e-07 9.999996423721313477e-01
3.276788334005686920e-07 9.999996423721313477e-01
9.464196182307205163e-07 9.999990463256835938e-01
3.006832400842540665e-07 9.999996423721313477e-01
2.860528240944404388e-07 9.999997615814208984e-01
3.735780467195581878e-07 9.999996423721313477e-01
6.995139756327262148e-06 9.999929666519165039e-01
4.385512681892578257e-07 9.999995231628417969e-01
7.354036029028065968e-07 9.999992847442626953e-01
6.609067213503294624e-07 9.999992847442626953e-01
6.382909418789495248e-07 9.999994039535522461e-01
2.501713822766760131e-07 9.999997615814208984e-01
7.683247531531378627e-06 9.999923706054687500e-01
3.205937559869198594e-07 9.999996423721313477e-01
3.898083207332092570e-07 9.999996423721313477e-01
3.108531245743506588e-07 9.999996423721313477e-01
3.610787473462551134e-07 9.999996423721313477e-01
1.444463322286537732e-07 9.999998807907104492e-01
2.505655913864757167e-07 9.999997615814208984e-01
7.828725188119278755e-07 9.999991655349731445e-01
4.206985693144815741e-07 9.999995231628417969e-01
4.068201349127775757e-07 9.999996423721313477e-01
2.723349439293087926e-07 9.999997615814208984e-01
4.395465680318011437e-07 9.999995231628417969e-01
4.241251190251205117e-07 9.999995231628417969e-01
2.397208049842447508e-07 9.999997615814208984e-01
4.755696068059478421e-07 9.999995231628417969e-01
6.185446181916631758e-06 9.999938011169433594e-01
4.467307519462337950e-07 9.999995231628417969e-01
2.301510590996258543e-07 9.999997615814208984e-01
2.784682067158428254e-07 9.999997615814208984e-01
6.610422929043124896e-07 9.999992847442626953e-01
6.254696245377999730e-07 9.999994039535522461e-01
2.457264542954362696e-07 9.999997615814208984e-01
6.855206038380856626e-07 9.999992847442626953e-01
3.090656264248536900e-07 9.999996423721313477e-01
4.437787595179543132e-07 9.999995231628417969e-01
2.921362636243429733e-07 9.999997615814208984e-01
6.666559215773304459e-07 9.999992847442626953e-01
2.252456283713399898e-07 9.999997615814208984e-01
5.029257295063871425e-07 9.999995231628417969e-01
7.436296414198295679e-07 9.999992847442626953e-01
2.540186869737226516e-07 9.999997615814208984e-01
3.499582135191303678e-07 9.999996423721313477e-01
4.358773253443359863e-07 9.999995231628417969e-01
4.387784144910256146e-07 9.999995231628417969e-01
5.960151270301139448e-07 9.999994039535522461e-01
1.211388507726951502e-06 9.999988079071044922e-01
2.493227384547935799e-07 9.999997615814208984e-01
6.158079486340284348e-07 9.999994039535522461e-01
7.215476784949714784e-07 9.999992847442626953e-01
4.835662252844485920e-07 9.999995231628417969e-01
4.737227925488696201e-07 9.999995231628417969e-01
5.274955583445262164e-07 9.999995231628417969e-01
4.472175589853577549e-07 9.999995231628417969e-01
4.381579117307410343e-07 9.999995231628417969e-01
6.781726824556244537e-07 9.999992847442626953e-01
1.536122454126598313e-06 9.999984502792358398e-01
1.008560161608329508e-06 9.999990463256835938e-01
6.205033855621877592e-07 9.999994039535522461e-01
3.746369543478067499e-07 9.999996423721313477e-01
3.165253019687952474e-07 9.999996423721313477e-01
1.917100860282516805e-07 9.999997615814208984e-01
2.943236268038162962e-07 9.999997615814208984e-01
2.506418184111680603e-07 9.999997615814208984e-01
1.894229342269682093e-07 9.999997615814208984e-01
4.325281679484760389e-07 9.999995231628417969e-01
3.834396977708820486e-07 9.999996423721313477e-01
3.479003964912408264e-07 9.999996423721313477e-01
6.515669497275666799e-07 9.999994039535522461e-01
4.223145140258566244e-07 9.999995231628417969e-01
9.744799172040075064e-07 9.999990463256835938e-01
1.619895783733227290e-06 9.999983310699462891e-01
3.492820042083621956e-07 9.999996423721313477e-01
3.150893235215335153e-07 9.999996423721313477e-01
6.235001706045295577e-07 9.999994039535522461e-01
7.740973728687094990e-08 9.999998807907104492e-01
2.455734886552818352e-07 9.999997615814208984e-01
5.033388674746674951e-07 9.999995231628417969e-01
6.117065822763834149e-07 9.999994039535522461e-01
2.447724227749858983e-07 9.999997615814208984e-01
3.884115642449614825e-07 9.999996423721313477e-01
3.926266458620375488e-07 9.999996423721313477e-01
3.037979183773131808e-07 9.999996423721313477e-01
4.191819300558563555e-07 9.999995231628417969e-01
3.810908424384251703e-07 9.999996423721313477e-01
6.677503279206575826e-07 9.999992847442626953e-01
5.036802690483455081e-07 9.999995231628417969e-01
3.555587397841009079e-07 9.999996423721313477e-01
3.321484030038845958e-07 9.999996423721313477e-01
1.761547707701538457e-07 9.999998807907104492e-01
3.851824317280261312e-07 9.999996423721313477e-01
1.400648130811532610e-07 9.999998807907104492e-01
7.781800377415493131e-07 9.999991655349731445e-01
1.761354042173479684e-06 9.999982118606567383e-01
1.758823344744087080e-07 9.999998807907104492e-01
2.717540610319701955e-07 9.999997615814208984e-01
2.363861540288780816e-06 9.999976158142089844e-01
3.841413160898810020e-07 9.999996423721313477e-01
3.846350864478154108e-07 9.999996423721313477e-01
3.328069624330964871e-07 9.999996423721313477e-01
2.574727204773807898e-07 9.999997615814208984e-01
1.469572765699922456e-07 9.999998807907104492e-01
5.132530986884376034e-07 9.999995231628417969e-01
4.989233843843976501e-07 9.999995231628417969e-01
2.607960709610779304e-07 9.999997615814208984e-01
9.345342988353877445e-08 9.999998807907104492e-01
4.110942484203405911e-07 9.999996423721313477e-01
3.129656818146031583e-07 9.999996423721313477e-01
2.410697561572305858e-07 9.999997615814208984e-01
2.622671217977767810e-07 9.999997615814208984e-01
3.038124134491226869e-07 9.999996423721313477e-01
2.319506222647760296e-07 9.999997615814208984e-01
3.667596786272042664e-07 9.999996423721313477e-01
8.498130910084000789e-07 9.999991655349731445e-01
2.475255200806714129e-07 9.999997615814208984e-01
4.762113690048863646e-07 9.999995231628417969e-01
5.082827101432485506e-07 9.999995231628417969e-01
2.629230095863022143e-07 9.999997615814208984e-01
3.976793436777370516e-07 9.999996423721313477e-01
7.140675961636588909e-07 9.999992847442626953e-01
2.308837849795963848e-07 9.999997615814208984e-01
4.072560386703116819e-07 9.999996423721313477e-01
2.146242366052319994e-07 9.999997615814208984e-01
7.411707656501675956e-07 9.999992847442626953e-01
6.335224043141352013e-07 9.999994039535522461e-01
1.198201744045945816e-06 9.999988079071044922e-01
2.378146888304399909e-07 9.999997615814208984e-01
2.261267724179560901e-07 9.999997615814208984e-01
6.312656637419422623e-07 9.999994039535522461e-01
4.166380449532880448e-07 9.999996423721313477e-01
2.158336087632051203e-07 9.999997615814208984e-01
4.774846615873684641e-07 9.999995231628417969e-01
3.464046187673375243e-07 9.999996423721313477e-01
1.836701244428695645e-07 9.999997615814208984e-01
3.475624623661133228e-07 9.999996423721313477e-01
2.751318390892265597e-07 9.999997615814208984e-01
4.358727494491176913e-07 9.999995231628417969e-01
8.059860761022719089e-07 9.999991655349731445e-01
2.599646791168197524e-07 9.999997615814208984e-01
1.068371418000424455e-07 9.999998807907104492e-01
9.426834424175467575e-08 9.999998807907104492e-01
2.248837489560173708e-07 9.999997615814208984e-01
3.038135503174999030e-07 9.999996423721313477e-01
2.306953632569275214e-07 9.999997615814208984e-01
4.470998362648970215e-07 9.999995231628417969e-01
1.292943125008605421e-06 9.999986886978149414e-01
1.814827186308320961e-07 9.999997615814208984e-01
4.470167596082319506e-07 9.999995231628417969e-01
4.601551779614965199e-07 9.999995231628417969e-01
4.189233493434585398e-07 9.999995231628417969e-01
2.988008986903878395e-07 9.999996423721313477e-01
3.654764952898403862e-07 9.999996423721313477e-01
3.039938292204169556e-07 9.999996423721313477e-01
3.033992186374234734e-07 9.999996423721313477e-01
6.916039296811504755e-08 9.999998807907104492e-01
1.918906207265536068e-07 9.999997615814208984e-01
1.763371244578593178e-07 9.999998807907104492e-01
3.184679826517822221e-07 9.999996423721313477e-01
3.385741536021669162e-07 9.999996423721313477e-01
3.113586899416986853e-07 9.999996423721313477e-01
3.302800166693486972e-07 9.999996423721313477e-01
6.962123393350339029e-07 9.999992847442626953e-01
8.246557854363345541e-07 9.999991655349731445e-01
6.530761993417399935e-07 9.999994039535522461e-01
4.920331662106036674e-07 9.999995231628417969e-01
3.278835833953053225e-07 9.999996423721313477e-01
6.417235454136971384e-07 9.999994039535522461e-01
1.772903601704456378e-07 9.999998807907104492e-01
4.172323315287940204e-05 9.999582767486572266e-01
4.576658341193251545e-07 9.999995231628417969e-01
3.466577709332341328e-07 9.999996423721313477e-01
4.885156954514968675e-07 9.999995231628417969e-01
3.118609299690433545e-07 9.999996423721313477e-01
3.904579557456600014e-07 9.999996423721313477e-01
1.192398372040770482e-06 9.999988079071044922e-01
4.875936383541557007e-07 9.999995231628417969e-01
2.578811404418956954e-07 9.999997615814208984e-01
4.881435984316340182e-07 9.999995231628417969e-01
1.174075023868681455e-07 9.999998807907104492e-01
3.356994682235381333e-07 9.999996423721313477e-01
5.070481279290106613e-07 9.999995231628417969e-01
3.396054069071396952e-07 9.999996423721313477e-01
5.282839197207067627e-07 9.999995231628417969e-01
7.797223844363543321e-08 9.999998807907104492e-01
5.304684691509464756e-07 9.999995231628417969e-01
7.129115147108677775e-07 9.999992847442626953e-01
2.537605894303851528e-07 9.999997615814208984e-01
4.415649357270012842e-07 9.999995231628417969e-01
3.194127202732488513e-07 9.999996423721313477e-01
2.743309153174777748e-07 9.999997615814208984e-01
2.980163458232709672e-07 9.999997615814208984e-01
1.972260150751026231e-07 9.999997615814208984e-01
3.505313657115038950e-07 9.999996423721313477e-01
2.894001909226062708e-07 9.999997615814208984e-01
4.580666939091315726e-07 9.999995231628417969e-01
7.046663199616887141e-07 9.999992847442626953e-01
8.030184517338057049e-07 9.999991655349731445e-01
4.139772613598324824e-07 9.999996423721313477e-01
3.576134304239531048e-07 9.999996423721313477e-01
5.144733563611225691e-07 9.999995231628417969e-01
3.833991115698154317e-07 9.999996423721313477e-01
3.966487440720811719e-07 9.999996423721313477e-01
4.762917455991555471e-07 9.999995231628417969e-01
4.710674659236246953e-07 9.999995231628417969e-01
3.853043892831919948e-07 9.999996423721313477e-01
2.598122534891444957e-07 9.999997615814208984e-01
6.770509486386799836e-08 9.999998807907104492e-01
3.520157747516350355e-07 9.999996423721313477e-01
5.576953867603151593e-07 9.999994039535522461e-01
2.906406564306962537e-07 9.999997615814208984e-01
2.850023008704738459e-07 9.999997615814208984e-01
6.728271273459540680e-07 9.999992847442626953e-01
2.753641297204012517e-07 9.999997615814208984e-01
3.433013660014694324e-07 9.999996423721313477e-01
3.297330408713605721e-07 9.999996423721313477e-01
4.910904181087971665e-07 9.999995231628417969e-01
3.570422677512397058e-07 9.999996423721313477e-01
5.146553689883148763e-07 9.999995231628417969e-01
3.369539172126678750e-07 9.999996423721313477e-01
4.919524485558213200e-07 9.999995231628417969e-01
3.759289768368034856e-07 9.999996423721313477e-01
4.148835159867303446e-07 9.999996423721313477e-01
2.171384352323002531e-07 9.999997615814208984e-01
3.901724312527221628e-07 9.999996423721313477e-01
2.476782867688598344e-07 9.999997615814208984e-01
5.630362238662200980e-07 9.999994039535522461e-01
3.107802228896616725e-07 9.999996423721313477e-01
3.490812048312363913e-07 9.999996423721313477e-01
3.548578604295471450e-07 9.999996423721313477e-01
2.241621359644341283e-07 9.999997615814208984e-01
3.980755138854874531e-07 9.999996423721313477e-01
6.525432922899199184e-07 9.999994039535522461e-01
2.481158958289597649e-07 9.999997615814208984e-01
2.478373062331229448e-07 9.999997615814208984e-01
3.915751562999503221e-07 9.999996423721313477e-01
6.436432045120454859e-07 9.999994039535522461e-01
2.457820187373727094e-07 9.999997615814208984e-01
2.573627284618851263e-07 9.999997615814208984e-01
2.590065264485019725e-07 9.999997615814208984e-01
7.831115453882375732e-07 9.999991655349731445e-01
2.847015707629907411e-07 9.999997615814208984e-01
6.053138008610403631e-07 9.999994039535522461e-01
2.457916252751601860e-07 9.999997615814208984e-01
6.975974429224152118e-07 9.999992847442626953e-01
7.149514402726708795e-08 9.999998807907104492e-01
5.012551014260679949e-07 9.999995231628417969e-01
2.930800064859795384e-07 9.999997615814208984e-01
4.152560109105252195e-07 9.999996423721313477e-01
2.565462295933684800e-07 9.999997615814208984e-01
2.491736950105405413e-07 9.999997615814208984e-01
1.611802815659757471e-07 9.999998807907104492e-01
9.361663728668645490e-07 9.999990463256835938e-01
4.290599235901026987e-07 9.999995231628417969e-01
3.713112448622268857e-07 9.999996423721313477e-01
2.928338744823122397e-07 9.999997615814208984e-01
8.818818173494946677e-07 9.999991655349731445e-01
3.154672469918295974e-07 9.999996423721313477e-01
3.340365992698934861e-07 9.999996423721313477e-01
5.410248036241682712e-07 9.999994039535522461e-01
3.935327299586788286e-07 9.999996423721313477e-01
3.086891808834479889e-07 9.999996423721313477e-01
3.439410249939101050e-07 9.999996423721313477e-01
4.127079478166706394e-07 9.999996423721313477e-01
3.913291379831207450e-07 9.999996423721313477e-01
2.944724428743938915e-07 9.999997615814208984e-01
6.560925385201699100e-07 9.999992847442626953e-01
4.519716299000720028e-07 9.999995231628417969e-01
2.663321936324791750e-07 9.999997615814208984e-01
3.196912530256668106e-07 9.999996423721313477e-01
4.630695116247807164e-07 9.999995231628417969e-01
6.389767008840863127e-07 9.999994039535522461e-01
3.385270019862218760e-07 9.999996423721313477e-01
2.758474977326841326e-07 9.999997615814208984e-01
4.590152116179524455e-07 9.999995231628417969e-01
2.119353439411497675e-07 9.999997615814208984e-01
5.842425139235274401e-07 9.999994039535522461e-01
3.993607435859303223e-07 9.999996423721313477e-01
4.537151028216612758e-07 9.999995231628417969e-01
1.948691448205863708e-07 9.999997615814208984e-01
1.887346599005468306e-07 9.999997615814208984e-01
3.744512184766790597e-07 9.999996423721313477e-01
1.330903813823169912e-07 9.999998807907104492e-01
3.783603688134462573e-07 9.999996423721313477e-01
4.702895637365145376e-07 9.999995231628417969e-01
1.364175432172487490e-06 9.999986886978149414e-01
3.722394410488050198e-07 9.999996423721313477e-01
8.287128707706870046e-07 9.999991655349731445e-01
4.141537601753952913e-07 9.999996423721313477e-01
4.916072384730796330e-07 9.999995231628417969e-01
1.361395050025748787e-07 9.999998807907104492e-01
3.379495865374337882e-07 9.999996423721313477e-01
1.441565359527885448e-06 9.999985694885253906e-01
3.500776983855757862e-07 9.999996423721313477e-01
2.929506308646523394e-07 9.999997615814208984e-01
1.248457806468650233e-06 9.999988079071044922e-01
1.570081053614558186e-06 9.999984502792358398e-01
3.220579571916459827e-07 9.999996423721313477e-01
1.764837975315458607e-06 9.999982118606567383e-01
9.340012070424563717e-07 9.999990463256835938e-01
2.821241764650039840e-07 9.999997615814208984e-01
4.874974024460243527e-07 9.999995231628417969e-01
6.555284812748141121e-07 9.999994039535522461e-01
3.102474863680981798e-07 9.999996423721313477e-01
6.221553690011205617e-07 9.999994039535522461e-01
2.430726624425005866e-07 9.999997615814208984e-01
1.319371335739560891e-06 9.999986886978149414e-01
3.718711241162964143e-07 9.999996423721313477e-01
4.316027286677126540e-07 9.999995231628417969e-01
3.857926742512063356e-07 9.999996423721313477e-01
1.415507995261577889e-07 9.999998807907104492e-01
4.456363456029066583e-07 9.999995231628417969e-01
2.313422129418540862e-07 9.999997615814208984e-01
2.100026534890275798e-07 9.999997615814208984e-01
3.795623797486769035e-07 9.999996423721313477e-01
9.434710364075726829e-07 9.999990463256835938e-01
2.481057208569836803e-07 9.999997615814208984e-01
3.902040361936087720e-07 9.999996423721313477e-01
6.586396921193227172e-07 9.999992847442626953e-01
3.122302132396725938e-07 9.999996423721313477e-01
7.482201453967718408e-07 9.999992847442626953e-01
3.319669303891714662e-07 9.999996423721313477e-01
3.210276133813749766e-07 9.999996423721313477e-01
4.587097635067038937e-07 9.999995231628417969e-01
2.216723089532024460e-07 9.999997615814208984e-01
2.603370887754863361e-07 9.999997615814208984e-01
2.978052293656219263e-07 9.999997615814208984e-01
4.958662316312256735e-07 9.999995231628417969e-01
7.571690616714477073e-07 9.999992847442626953e-01
5.715151019103359431e-07 9.999994039535522461e-01
1.266876552108442411e-06 9.999986886978149414e-01
3.571226443455088884e-07 9.999996423721313477e-01
2.108658065935742343e-07 9.999997615814208984e-01
4.207595338812097907e-07 9.999995231628417969e-01
6.004394208503072150e-07 9.999994039535522461e-01
2.326617760672888835e-07 9.999997615814208984e-01
8.989385946733818855e-08 9.999998807907104492e-01
3.746023367057205178e-07 9.999996423721313477e-01
1.076302737601508852e-06 9.999989271163940430e-01
3.531020809077745071e-07 9.999996423721313477e-01
2.536255863105907338e-07 9.999997615814208984e-01
3.661229470708349254e-07 9.999996423721313477e-01
2.111736989718338009e-07 9.999997615814208984e-01
3.837458564248663606e-07 9.999996423721313477e-01
2.641048979512561345e-07 9.999997615814208984e-01
1.249335582542698830e-06 9.999988079071044922e-01
2.491117072622728301e-07 9.999997615814208984e-01
9.671979341874248348e-07 9.999990463256835938e-01
4.672982072406739462e-07 9.999995231628417969e-01
3.631015772498358274e-07 9.999996423721313477e-01
1.830755564924402279e-07 9.999997615814208984e-01
5.487204361998010427e-07 9.999994039535522461e-01
3.148952600895427167e-07 9.999996423721313477e-01
2.488991412974428385e-07 9.999997615814208984e-01
4.453932831438578432e-07 9.999995231628417969e-01
2.904849054630176397e-07 9.999997615814208984e-01
3.465004283498274162e-07 9.999996423721313477e-01
7.641978641004243400e-07 9.999992847442626953e-01
4.462972640340012731e-07 9.999995231628417969e-01
5.040882342655095272e-07 9.999995231628417969e-01
2.732764983193192165e-07 9.999997615814208984e-01
3.324941815208148910e-07 9.999996423721313477e-01
5.243048235570313409e-07 9.999995231628417969e-01
6.711211995025223587e-07 9.999992847442626953e-01
6.745939913344045635e-07 9.999992847442626953e-01
5.115808221489714924e-07 9.999995231628417969e-01
3.304476479115692200e-07 9.999996423721313477e-01
3.823839733740896918e-07 9.999996423721313477e-01
1.714474393565978971e-07 9.999998807907104492e-01
7.753990871606220026e-07 9.999991655349731445e-01
3.918912057088164147e-07 9.999996423721313477e-01
2.759214510206220439e-07 9.999997615814208984e-01
2.475245821642602095e-07 9.999997615814208984e-01
4.885347948402340990e-07 9.999995231628417969e-01
2.969983370348927565e-07 9.999997615814208984e-01
2.465256727646192303e-07 9.999997615814208984e-01
1.978110759637274896e-07 9.999997615814208984e-01
