1.887346599005468306e-07 9.999997615814208984e-01
1.175006332232442219e-06 9.999988079071044922e-01
6.916039296811504755e-08 9.999998807907104492e-01
1.469572765699922456e-07 9.999998807907104492e-01
1.822541833007562673e-07 9.999997615814208984e-01
6.335224043141352013e-07 9.999994039535522461e-01
2.028143626375822350e-07 9.999997615814208984e-01
6.520157853628916200e-07 9.999994039535522461e-01
5.144733563611225691e-07 9.999995231628417969e-01
3.733308631126419641e-07 9.999996423721313477e-01
4.248262541750591481e-07 9.999995231628417969e-01
9.242639862350188196e-07 9.999990463256835938e-01
6.117065822763834149e-07 9.999994039535522461e-01
7.171386187110329047e-07 9.999992847442626953e-01
3.497279976727440953e-07 9.999996423721313477e-01
1.602604839945342974e-07 9.999998807907104492e-01
1.576409545123169664e-06 9.999984502792358398e-01
1.733589130026302882e-07 9.999998807907104492e-01
2.576994575065327808e-06 9.999973773956298828e-01
4.919524485558213200e-07 9.999995231628417969e-01
9.022896847454831004e-07 9.999990463256835938e-01
3.795623797486769035e-07 9.999996423721313477e-01
4.127079478166706394e-07 9.999996423721313477e-01
2.145876010217762087e-07 9.999997615814208984e-01
4.462972640340012731e-07 9.999995231628417969e-01
3.810908424384251703e-07 9.999996423721313477e-01
4.701716420640877914e-07 9.999995231628417969e-01
4.635475363556906814e-07 9.999995231628417969e-01
3.656808189589355607e-07 9.999996423721313477e-01
3.650069686500501120e-07 9.999996423721313477e-01
4.472175589853577549e-07 9.999995231628417969e-01
1.086033989849966019e-06 9.999989271163940430e-01
3.475624623661133228e-07 9.999996423721313477e-01
3.582195802209753310e-07 9.999996423721313477e-01
2.014769734159926884e-06 9.999979734420776367e-01
4.375215212348848581e-07 9.999995231628417969e-01
4.257355499248660635e-07 9.999995231628417969e-01
3.531020809077745071e-07 9.999996423721313477e-01
2.069092062129129772e-07 9.999997615814208984e-01
2.957507376777357422e-07 9.999997615814208984e-01
2.670748813216050621e-07 9.999997615814208984e-01
3.557802529030595906e-06 9.999964237213134766e-01
3.148952600895427167e-07 9.999996423721313477e-01
4.045780315209412947e-07 9.999996423721313477e-01
2.989510790030180942e-07 9.999996423721313477e-01
3.570422677512397058e-07 9.999996423721313477e-01
4.130579895900154952e-07 9.999996423721313477e-01
3.136322845875838539e-07 9.999996423721313477e-01
6.225495212675014045e-07 9.999994039535522461e-01
7.436296414198295679e-07 9.999992847442626953e-01
1.814827186308320961e-07 9.999997615814208984e-01
4.920331662106036674e-07 9.999995231628417969e-01
4.787513319115532795e-08 1.000000000000000000e+00
2.373678569256298942e-07 9.999997615814208984e-01
2.523877640214777784e-07 9.999997615814208984e-01
5.365698712012090255e-07 9.999994039535522461e-01
6.840498372184811160e-07 9.999992847442626953e-01
7.435147608703118749e-07 9.999992847442626953e-01
2.536451688683882821e-07 9.999997615814208984e-01
2.773003018319286639e-07 9.999997615814208984e-01
5.487173098117636982e-07 9.999994039535522461e-01
5.631425779029086698e-07 9.999994039535522461e-01
5.132530986884376034e-07 9.999995231628417969e-01
4.289862829409685219e-07 9.999995231628417969e-01
2.418353801658668090e-07 9.999997615814208984e-01
1.085595400240890740e-07 9.999998807907104492e-01
3.667596786272042664e-07 9.999996423721313477e-01
3.587823584894067608e-07 9.999996423721313477e-01
4.872980525760794990e-07 9.999995231628417969e-01
3.584581236282247119e-07 9.999996423721313477e-01
3.433013660014694324e-07 9.999996423721313477e-01
3.184679826517822221e-07 9.999996423721313477e-01
6.519063617815845646e-07 9.999994039535522461e-01
1.948691448205863708e-07 9.999997615814208984e-01
5.327640906216402072e-07 9.999995231628417969e-01
3.708794906742696185e-07 9.999996423721313477e-01
4.172323315287940204e-05 9.999582767486572266e-01
4.232947219406923978e-07 9.999995231628417969e-01
2.646994516908307560e-07 9.999997615814208984e-01
3.949520248625049135e-07 9.999996423721313477e-01
8.473020329802238848e-07 9.999991655349731445e-01
5.005724119655496906e-07 9.999995231628417969e-01
7.606292911077616736e-07 9.999992847442626953e-01
3.871482761041988852e-07 9.999996423721313477e-01
2.847015707629907411e-07 9.999997615814208984e-01
3.131857226890133461e-07 9.999996423721313477e-01
2.395537421762128361e-07 9.999997615814208984e-01
4.020425876660738140e-07 9.999996423721313477e-01
5.582722337749146391e-07 9.999994039535522461e-01
3.033992186374234734e-07 9.999996423721313477e-01
9.478341098656528629e-07 9.999990463256835938e-01
3.592390953599533532e-07 9.999996423721313477e-01
4.881435984316340182e-07 9.999995231628417969e-01
3.574818094875809038e-07 9.999996423721313477e-01
3.327314459511399036e-07 9.999996423721313477e-01
2.457820187373727094e-07 9.999997615814208984e-01
4.081608722117380239e-07 9.999996423721313477e-01
3.261564529566385318e-07 9.999996423721313477e-01
3.228873310945346020e-07 9.999996423721313477e-01
4.000781359536631498e-07 9.999996423721313477e-01
1.918370031717131496e-07 9.999997615814208984e-01
7.641978641004243400e-07 9.999992847442626953e-01
2.723349439293087926e-07 9.999997615814208984e-01
3.884634054429625394e-07 9.999996423721313477e-01
3.569503519429417793e-07 9.999996423721313477e-01
1.570081053614558186e-06 9.999984502792358398e-01
3.319669303891714662e-07 9.999996423721313477e-01
5.399109568315907381e-07 9.999994039535522461e-01
3.532401819938968401e-07 9.999996423721313477e-01
1.714474393565978971e-07 9.999998807907104492e-01
8.287128707706870046e-07 9.999991655349731445e-01
6.053138008610403631e-07 9.999994039535522461e-01
6.198232540555181913e-07 9.999994039535522461e-01
2.465256727646192303e-07 9.999997615814208984e-01
4.887444902124116197e-07 9.999995231628417969e-01
2.328049504285445437e-07 9.999997615814208984e-01
7.916544291219906881e-07 9.999991655349731445e-01
3.321484030038845958e-07 9.999996423721313477e-01
4.462976619379332988e-07 9.999995231628417969e-01
3.528328136326308595e-07 9.999996423721313477e-01
2.549678868035698542e-07 9.999997615814208984e-01
2.508424472580372822e-07 9.999997615814208984e-01
3.286355365617055213e-07 9.999996423721313477e-01
1.051673052643309347e-06 9.999989271163940430e-01
4.817999865736055654e-07 9.999995231628417969e-01
2.171384352323002531e-07 9.999997615814208984e-01
3.194127202732488513e-07 9.999996423721313477e-01
7.636909771235877997e-08 9.999998807907104492e-01
2.753641297204012517e-07 9.999997615814208984e-01
4.476228809835447464e-07 9.999995231628417969e-01
3.816007279056066182e-07 9.999996423721313477e-01
3.976793436777370516e-07 9.999996423721313477e-01
3.473540175491507398e-07 9.999996423721313477e-01
4.078880806446250062e-07 9.999996423721313477e-01
3.479003964912408264e-07 9.999996423721313477e-01
4.801935915565991309e-07 9.999995231628417969e-01
9.693663827192722238e-08 9.999998807907104492e-01
2.688950644369469956e-07 9.999997615814208984e-01
5.685371888830559328e-07 9.999994039535522461e-01
3.022734631485946011e-07 9.999996423721313477e-01
2.481158958289597649e-07 9.999997615814208984e-01
3.439410249939101050e-07 9.999996423721313477e-01
2.821241764650039840e-07 9.999997615814208984e-01
4.247095830578473397e-07 9.999995231628417969e-01
2.962554788155102869e-07 9.999997615814208984e-01
4.732296758902521105e-07 9.999995231628417969e-01
4.651000722333265003e-07 9.999995231628417969e-01
2.578811404418956954e-07 9.999997615814208984e-01
3.750899111309990985e-07 9.999996423721313477e-01
2.851398619441170013e-07 9.999997615814208984e-01
3.900046579019544879e-07 9.999996423721313477e-01
5.005638286093017086e-07 9.999995231628417969e-01
1.774212250893469900e-06 9.999982118606567383e-01
3.583689078823226737e-07 9.999996423721313477e-01
4.376767890335031552e-07 9.999995231628417969e-01
4.978140850653289817e-07 9.999995231628417969e-01
8.911844133763224818e-07 9.999991655349731445e-01
3.804792925166111672e-07 9.999996423721313477e-01
2.623261707412893884e-06 9.999973773956298828e-01
4.511826716679934179e-07 9.999995231628417969e-01
4.148835159867303446e-07 9.999996423721313477e-01
2.898501065828895662e-07 9.999997615814208984e-01
2.190012992286938243e-06 9.999978542327880859e-01
2.166467396591542638e-07 9.999997615814208984e-01
3.443979039730038494e-07 9.999996423721313477e-01
4.427633371051342692e-07 9.999995231628417969e-01
9.426834424175467575e-08 9.999998807907104492e-01
1.283928838802239625e-07 9.999998807907104492e-01
5.115808221489714924e-07 9.999995231628417969e-01
2.784682067158428254e-07 9.999997615814208984e-01
3.210276133813749766e-07 9.999996423721313477e-01
4.526821157924132422e-07 9.999995231628417969e-01
3.980755138854874531e-07 9.999996423721313477e-01
2.470569029355829116e-07 9.999997615814208984e-01
2.743915956671116874e-07 9.999997615814208984e-01
2.353644276809063740e-06 9.999976158142089844e-01
2.924830369011033326e-07 9.999997615814208984e-01
1.560552504997758660e-07 9.999998807907104492e-01
2.700298864510841668e-07 9.999997615814208984e-01
4.587097635067038937e-07 9.999995231628417969e-01
2.280363986528755049e-07 9.999997615814208984e-01
3.642385024704708485e-07 9.999996423721313477e-01
4.207595338812097907e-07 9.999995231628417969e-01
3.582411522984330077e-07 9.999996423721313477e-01
4.445022057097958168e-07 9.999995231628417969e-01
6.389767008840863127e-07 9.999994039535522461e-01
4.139772613598324824e-07 9.999996423721313477e-01
6.221553690011205617e-07 9.999994039535522461e-01
5.142555323800479528e-07 9.999995231628417969e-01
6.218374437594320625e-07 9.999994039535522461e-01
2.991430392285110429e-07 9.999996423721313477e-01
4.051228188473032787e-07 9.999996423721313477e-01
4.747693367335159564e-07 9.999995231628417969e-01
2.308837849795963848e-07 9.999997615814208984e-01
3.589226764688646654e-07 9.999996423721313477e-01
2.951975943688012194e-07 9.999997615814208984e-01
7.551290082119521685e-07 9.999992847442626953e-01
3.302800166693486972e-07 9.999996423721313477e-01
5.304684691509464756e-07 9.999995231628417969e-01
4.991861146663723048e-07 9.999995231628417969e-01
1.248457806468650233e-06 9.999988079071044922e-01
2.717540610319701955e-07 9.999997615814208984e-01
2.319652310234232573e-07 9.999997615814208984e-01
5.832738452227204107e-07 9.999994039535522461e-01
2.422233933430106845e-07 9.999997615814208984e-01
2.622671217977767810e-07 9.999997615814208984e-01
1.447943304810905829e-06 9.999985694885253906e-01
3.957162562073790468e-07 9.999996423721313477e-01
3.261639278662187280e-07 9.999996423721313477e-01
3.094180840435001301e-07 9.999996423721313477e-01
2.216723089532024460e-07 9.999997615814208984e-01
3.107802228896616725e-07 9.999996423721313477e-01
1.305774333104636753e-07 9.999998807907104492e-01
2.978052293656219263e-07 9.999997615814208984e-01
4.110942484203405911e-07 9.999996423721313477e-01
5.829190286021912470e-07 9.999994039535522461e-01
3.746023367057205178e-07 9.999996423721313477e-01
3.269287560669908999e-07 9.999996423721313477e-01
3.644532000635081204e-07 9.999996423721313477e-01
5.342013764675357379e-07 9.999995231628417969e-01
3.981597842539486010e-07 9.999996423721313477e-01
8.997436680147075094e-07 9.999990463256835938e-01
6.821248348387598526e-07 9.999992847442626953e-01
3.659445440007402794e-07 9.999996423721313477e-01
3.300825994756451109e-07 9.999996423721313477e-01
1.198862378259946126e-06 9.999988079071044922e-01
2.655993966982350685e-07 9.999997615814208984e-01
2.311638098717594403e-07 9.999997615814208984e-01
9.106737053343749722e-08 9.999998807907104492e-01
4.989233843843976501e-07 9.999995231628417969e-01
6.436432045120454859e-07 9.999994039535522461e-01
5.160015348337765317e-07 9.999995231628417969e-01
3.165253019687952474e-07 9.999996423721313477e-01
3.982938494573318167e-07 9.999996423721313477e-01
6.913439847267000005e-07 9.999992847442626953e-01
1.527215090391109698e-06 9.999984502792358398e-01
3.129656818146031583e-07 9.999996423721313477e-01
2.451775458212068770e-07 9.999997615814208984e-01
4.189233493434585398e-07 9.999995231628417969e-01
2.539339334362011869e-07 9.999997615814208984e-01
3.198736351350817131e-07 9.999996423721313477e-01
1.182269357968834811e-07 9.999998807907104492e-01
5.808574314869474620e-07 9.999994039535522461e-01
5.639250844069465529e-07 9.999994039535522461e-01
5.864346235284756403e-07 9.999994039535522461e-01
8.318865525325236376e-07 9.999991655349731445e-01
2.457916252751601860e-07 9.999997615814208984e-01
7.507518375859945081e-07 9.999992847442626953e-01
1.415507995261577889e-07 9.999998807907104492e-01
2.599646791168197524e-07 9.999997615814208984e-01
9.799148301681270823e-07 9.999990463256835938e-01
3.242645618684036890e-07 9.999996423721313477e-01
2.641048979512561345e-07 9.999997615814208984e-01
4.456363456029066583e-07 9.999995231628417969e-01
3.869408260470663663e-07 9.999996423721313477e-01
2.329162072101098602e-07 9.999997615814208984e-01
8.287555601782514714e-07 9.999991655349731445e-01
7.053332637951825745e-07 9.999992847442626953e-01
2.751318390892265597e-07 9.999997615814208984e-01
1.248599573955289088e-06 9.999988079071044922e-01
4.912201916340563912e-07 9.999995231628417969e-01
6.677503279206575826e-07 9.999992847442626953e-01
1.092778802558314055e-06 9.999989271163940430e-01
3.339544036862207577e-07 9.999996423721313477e-01
3.551212444108386990e-07 9.999996423721313477e-01
6.068646030144009273e-07 9.999994039535522461e-01
5.274955583445262164e-07 9.999995231628417969e-01
3.118951497071975609e-07 9.999996423721313477e-01
3.841413160898810020e-07 9.999996423721313477e-01
3.465004283498274162e-07 9.999996423721313477e-01
1.972260150751026231e-07 9.999997615814208984e-01
2.301613761801490909e-07 9.999997615814208984e-01
5.410248036241682712e-07 9.999994039535522461e-01
2.903389599850925151e-07 9.999997615814208984e-01
7.924044780338590499e-07 9.999991655349731445e-01
2.172214834672558936e-07 9.999997615814208984e-01
1.064585376298055053e-06 9.999989271163940430e-01
2.560561540576600237e-07 9.999997615814208984e-01
2.087952850615693023e-07 9.999997615814208984e-01
6.460724222279168316e-08 9.999998807907104492e-01
7.066576586112205405e-07 9.999992847442626953e-01
3.054197748042497551e-07 9.999996423721313477e-01
1.400648130811532610e-07 9.999998807907104492e-01
3.834396977708820486e-07 9.999996423721313477e-01
3.356994682235381333e-07 9.999996423721313477e-01
1.198201744045945816e-06 9.999988079071044922e-01
9.744799172040075064e-07 9.999990463256835938e-01
3.783603688134462573e-07 9.999996423721313477e-01
1.689335107357692323e-07 9.999998807907104492e-01
3.812744182596361497e-07 9.999996423721313477e-01
4.545774174857797334e-07 9.999995231628417969e-01
4.630695116247807164e-07 9.999995231628417969e-01
5.835264005327189807e-07 9.999994039535522461e-01
4.206985693144815741e-07 9.999995231628417969e-01
7.411707656501675956e-07 9.999992847442626953e-01
9.093751032196450979e-07 9.999990463256835938e-01
4.268185591627116082e-07 9.999995231628417969e-01
6.014526547915011179e-07 9.999994039535522461e-01
6.711211995025223587e-07 9.999992847442626953e-01
7.571690616714477073e-07 9.999992847442626953e-01
4.470998362648970215e-07 9.999995231628417969e-01
2.835053578564838972e-07 9.999997615814208984e-01
5.504411433321365621e-07 9.999994039535522461e-01
3.115021627309033647e-07 9.999996423721313477e-01
3.264452459461608669e-07 9.999996423721313477e-01
3.305141547116363654e-07 9.999996423721313477e-01
3.488079869384819176e-07 9.999996423721313477e-01
3.115838751455157762e-07 9.999996423721313477e-01
1.330903813823169912e-07 9.999998807907104492e-01
7.357971298915799707e-07 9.999992847442626953e-01
6.121022124716546386e-07 9.999994039535522461e-01
6.530761993417399935e-07 9.999994039535522461e-01
1.123440142691833898e-06 9.999989271163940430e-01
5.309862558533495758e-07 9.999995231628417969e-01
6.312554319265473168e-07 9.999994039535522461e-01
2.455563787862047320e-07 9.999997615814208984e-01
2.811288197790418053e-07 9.999997615814208984e-01
1.288035264224163257e-06 9.999986886978149414e-01
2.795244995468237903e-07 9.999997615814208984e-01
3.102474863680981798e-07 9.999996423721313477e-01
4.702895637365145376e-07 9.999995231628417969e-01
9.671979341874248348e-07 9.999990463256835938e-01
6.781726824556244537e-07 9.999992847442626953e-01
3.560483889941679081e-07 9.999996423721313477e-01
7.572832032565202098e-07 9.999992847442626953e-01
1.252780066351988353e-06 9.999986886978149414e-01
2.457264542954362696e-07 9.999997615814208984e-01
1.249335582542698830e-06 9.999988079071044922e-01
3.853043892831919948e-07 9.999996423721313477e-01
2.626140087613748619e-07 9.999997615814208984e-01
5.229869088907435071e-07 9.999995231628417969e-01
4.528492354438640177e-07 9.999995231628417969e-01
4.172503338395472383e-07 9.999995231628417969e-01
4.762113690048863646e-07 9.999995231628417969e-01
5.327427743395674042e-07 9.999995231628417969e-01
2.525189870539179537e-07 9.999997615814208984e-01
3.392460996565205278e-07 9.999996423721313477e-01
3.888874573476641672e-07 9.999996423721313477e-01
2.911339151978609152e-07 9.999997615814208984e-01
7.496213925151096191e-07 9.999992847442626953e-01
4.755696068059478421e-07 9.999995231628417969e-01
6.353454296004201751e-07 9.999994039535522461e-01
3.426563353059464134e-07 9.999996423721313477e-01
6.362245699165214319e-07 9.999994039535522461e-01
7.774656864967255387e-07 9.999991655349731445e-01
3.018963639078720007e-07 9.999996423721313477e-01
3.522985423387581250e-07 9.999996423721313477e-01
6.312656637419422623e-07 9.999994039535522461e-01
4.385512681892578257e-07 9.999995231628417969e-01
6.146872237877687439e-07 9.999994039535522461e-01
1.593892307027999777e-07 9.999998807907104492e-01
4.908694108962663449e-07 9.999995231628417969e-01
5.040882342655095272e-07 9.999995231628417969e-01
1.678639250712876674e-06 9.999983310699462891e-01
2.904034772654995322e-07 9.999997615814208984e-01
3.492820042083621956e-07 9.999996423721313477e-01
7.621337658747506794e-07 9.999992847442626953e-01
5.825644961987563875e-07 9.999994039535522461e-01
