4.472175589853577549e-07 9.999995231628417969e-01
2.849063491794368019e-07 9.999997615814208984e-01
2.899396918110141996e-07 9.999997615814208984e-01
3.278835833953053225e-07 9.999996423721313477e-01
3.054567798699281411e-07 9.999996423721313477e-01
3.274885784776415676e-07 9.999996423721313477e-01
2.430726624425005866e-07 9.999997615814208984e-01
3.360636640081793303e-07 9.999996423721313477e-01
3.916416346783080371e-07 9.999996423721313477e-01
6.436432045120454859e-07 9.999994039535522461e-01
3.918912057088164147e-07 9.999996423721313477e-01
9.093751032196450979e-07 9.999990463256835938e-01
2.454894172387867002e-07 9.999997615814208984e-01
3.610787473462551134e-07 9.999996423721313477e-01
2.415389701582171256e-07 9.999997615814208984e-01
5.410248036241682712e-07 9.999994039535522461e-01
4.858349029746023007e-07 9.999995231628417969e-01
4.501241335219674511e-07 9.999995231628417969e-01
2.481158958289597649e-07 9.999997615814208984e-01
2.784682067158428254e-07 9.999997615814208984e-01
4.817825356440152973e-07 9.999995231628417969e-01
9.840870234256726690e-07 9.999990463256835938e-01
3.243490027671214193e-07 9.999996423721313477e-01
4.748281980937463231e-07 9.999995231628417969e-01
5.040882342655095272e-07 9.999995231628417969e-01
7.831115453882375732e-07 9.999991655349731445e-01
2.240433047973056091e-07 9.999997615814208984e-01
4.920331662106036674e-07 9.999995231628417969e-01
1.458487020045140525e-07 9.999998807907104492e-01
3.634224015058862278e-07 9.999996423721313477e-01
4.387784144910256146e-07 9.999995231628417969e-01
4.804762170351750683e-07 9.999995231628417969e-01
1.732704930645923014e-07 9.999998807907104492e-01
2.921362636243429733e-07 9.999997615814208984e-01
5.222821641837072093e-07 9.999995231628417969e-01
3.006832400842540665e-07 9.999996423721313477e-01
3.570422677512397058e-07 9.999996423721313477e-01
2.971212893498886842e-07 9.999997615814208984e-01
2.842157016402779846e-07 9.999997615814208984e-01
3.205708480891189538e-07 9.999996423721313477e-01
5.608251285593723878e-07 9.999994039535522461e-01
3.117990843293227954e-07 9.999996423721313477e-01
2.998267802922782721e-07 9.999996423721313477e-01
7.559895465192312258e-08 9.999998807907104492e-01
4.916072384730796330e-07 9.999995231628417969e-01
4.308793108975805808e-07 9.999995231628417969e-01
3.531020809077745071e-07 9.999996423721313477e-01
3.061844324747653445e-07 9.999996423721313477e-01
3.950823952436621767e-07 9.999996423721313477e-01
3.551506893018085975e-07 9.999996423721313477e-01
1.759671704348875210e-06 9.999982118606567383e-01
5.222562435847066808e-07 9.999995231628417969e-01
3.338779777095624013e-07 9.999996423721313477e-01
7.264692953867779579e-07 9.999992847442626953e-01
5.705011858481157105e-07 9.999994039535522461e-01
3.188204544812833774e-08 1.000000000000000000e+00
1.972260150751026231e-07 9.999997615814208984e-01
5.519839874068566132e-07 9.999994039535522461e-01
4.138296105793415336e-07 9.999996423721313477e-01
3.966487440720811719e-07 9.999996423721313477e-01
4.706821812305861386e-07 9.999995231628417969e-01
2.978052293656219263e-07 9.999997615814208984e-01
4.191819300558563555e-07 9.999995231628417969e-01
5.954804578323091846e-07 9.999994039535522461e-01
3.102474863680981798e-07 9.999996423721313477e-01
3.235849419525038684e-07 9.999996423721313477e-01
4.289437072202417767e-07 9.999995231628417969e-01
3.135096733331010910e-07 9.999996423721313477e-01
1.405449268077063607e-07 9.999998807907104492e-01
3.280080704826104920e-07 9.999996423721313477e-01
4.173538172835833393e-07 9.999995231628417969e-01
4.436928406903462019e-07 9.999995231628417969e-01
4.115277079108636826e-07 9.999996423721313477e-01
2.493227384547935799e-07 9.999997615814208984e-01
7.740973728687094990e-08 9.999998807907104492e-01
2.508692205083207227e-07 9.999997615814208984e-01
6.543647828038956504e-07 9.999994039535522461e-01
2.578811404418956954e-07 9.999997615814208984e-01
3.439410249939101050e-07 9.999996423721313477e-01
3.140695810088800499e-07 9.999996423721313477e-01
4.504827586515602889e-07 9.999995231628417969e-01
5.792680894955992699e-07 9.999994039535522461e-01
4.256616819020564435e-07 9.999995231628417969e-01
3.327314459511399036e-07 9.999996423721313477e-01
7.096846275089774281e-07 9.999992847442626953e-01
7.496213925151096191e-07 9.999992847442626953e-01
3.898741169905406423e-07 9.999996423721313477e-01
2.409261128377693240e-07 9.999997615814208984e-01
8.025651823118096218e-07 9.999991655349731445e-01
5.576953867603151593e-07 9.999994039535522461e-01
4.511826716679934179e-07 9.999995231628417969e-01
1.211388507726951502e-06 9.999988079071044922e-01
1.932643698410174693e-07 9.999997615814208984e-01
7.354036029028065968e-07 9.999992847442626953e-01
2.369957741166217602e-07 9.999997615814208984e-01
8.003760854080610443e-07 9.999991655349731445e-01
7.781800377415493131e-07 9.999991655349731445e-01
1.830503570943164959e-08 1.000000000000000000e+00
8.904896731110056862e-08 9.999998807907104492e-01
2.681081809896568302e-07 9.999997615814208984e-01
2.988008986903878395e-07 9.999996423721313477e-01
3.217374455743993167e-07 9.999996423721313477e-01
3.210276133813749766e-07 9.999996423721313477e-01
4.280516350263496861e-07 9.999995231628417969e-01
3.057245976378908381e-07 9.999996423721313477e-01
3.284437752881785855e-07 9.999996423721313477e-01
6.059519819245906547e-07 9.999994039535522461e-01
3.932536003503628308e-07 9.999996423721313477e-01
4.636580968053749530e-07 9.999995231628417969e-01
1.593667349197858130e-07 9.999998807907104492e-01
6.066533728699141648e-07 9.999994039535522461e-01
1.073735575118917041e-06 9.999989271163940430e-01
3.853043892831919948e-07 9.999996423721313477e-01
2.860528240944404388e-07 9.999997615814208984e-01
3.261937990828300826e-07 9.999996423721313477e-01
3.018105587671016110e-07 9.999996423721313477e-01
3.471189131687424378e-07 9.999996423721313477e-01
7.571690616714477073e-07 9.999992847442626953e-01
3.490419260288035730e-07 9.999996423721313477e-01
2.442498896471079206e-07 9.999997615814208984e-01
2.607960709610779304e-07 9.999997615814208984e-01
7.606292911077616736e-07 9.999992847442626953e-01
3.803160666393523570e-07 9.999996423721313477e-01
3.966142969602515223e-07 9.999996423721313477e-01
3.746023367057205178e-07 9.999996423721313477e-01
3.428766603974509053e-07 9.999996423721313477e-01
4.291994741834059823e-07 9.999995231628417969e-01
1.923911895573837683e-06 9.999980926513671875e-01
7.621337658747506794e-07 9.999992847442626953e-01
4.547161438495095354e-07 9.999995231628417969e-01
2.889018730911629973e-07 9.999997615814208984e-01
8.989385946733818855e-08 9.999998807907104492e-01
6.250796786844148301e-07 9.999994039535522461e-01
2.856057790268096142e-07 9.999997615814208984e-01
4.247095830578473397e-07 9.999995231628417969e-01
2.717540610319701955e-07 9.999997615814208984e-01
1.191194272109896701e-07 9.999998807907104492e-01
4.356483600531646516e-07 9.999995231628417969e-01
4.582528276841912884e-07 9.999995231628417969e-01
4.484175875063556305e-08 1.000000000000000000e+00
6.632100166825694032e-07 9.999992847442626953e-01
1.161215209322108421e-06 9.999988079071044922e-01
4.486635987177578500e-07 9.999995231628417969e-01
1.015691168504417874e-06 9.999989271163940430e-01
2.630747530929511413e-07 9.999997615814208984e-01
4.460925708826835034e-07 9.999995231628417969e-01
1.714474393565978971e-07 9.999998807907104492e-01
4.172323315287940204e-05 9.999582767486572266e-01
4.727912141788692679e-07 9.999995231628417969e-01
7.360456493188394234e-07 9.999992847442626953e-01
7.819995175850635860e-07 9.999991655349731445e-01
4.053450197716301773e-07 9.999996423721313477e-01
3.321484030038845958e-07 9.999996423721313477e-01
1.824070352540729800e-07 9.999997615814208984e-01
2.416362008261785377e-07 9.999997615814208984e-01
3.033992186374234734e-07 9.999996423721313477e-01
2.209404556197114289e-06 9.999977350234985352e-01
3.587823584894067608e-07 9.999996423721313477e-01
4.519716299000720028e-07 9.999995231628417969e-01
4.587097635067038937e-07 9.999995231628417969e-01
2.100026534890275798e-07 9.999997615814208984e-01
5.115808221489714924e-07 9.999995231628417969e-01
4.881435984316340182e-07 9.999995231628417969e-01
3.319669303891714662e-07 9.999996423721313477e-01
8.637902055852464400e-07 9.999991655349731445e-01
1.670292419930774486e-07 9.999998807907104492e-01
5.787589998362818733e-07 9.999994039535522461e-01
4.734517915494507179e-07 9.999995231628417969e-01
4.125989505610050401e-07 9.999996423721313477e-01
4.958733370585832745e-07 9.999995231628417969e-01
3.971718456341477577e-07 9.999996423721313477e-01
6.310652338470390532e-07 9.999994039535522461e-01
6.055932431081600953e-07 9.999994039535522461e-01
2.538116348205221584e-07 9.999997615814208984e-01
5.779873504252464045e-07 9.999994039535522461e-01
2.216723089532024460e-07 9.999997615814208984e-01
4.942223199577711057e-07 9.999995231628417969e-01
1.315127747147926129e-06 9.999986886978149414e-01
3.661229470708349254e-07 9.999996423721313477e-01
2.481057208569836803e-07 9.999997615814208984e-01
2.181586978622362949e-06 9.999978542327880859e-01
6.335224043141352013e-07 9.999994039535522461e-01
4.466890004550805315e-07 9.999995231628417969e-01
3.832806498849095078e-07 9.999996423721313477e-01
1.948691448205863708e-07 9.999997615814208984e-01
4.910904181087971665e-07 9.999995231628417969e-01
8.881418693817977328e-07 9.999991655349731445e-01
1.123440142691833898e-06 9.999989271163940430e-01
2.788210906601307215e-07 9.999997615814208984e-01
2.781831085485464428e-07 9.999997615814208984e-01
4.981337724530021660e-07 9.999995231628417969e-01
2.762516260190750472e-07 9.999997615814208984e-01
1.485250180621733307e-07 9.999998807907104492e-01
2.912521779308008263e-07 9.999997615814208984e-01
7.572846243419917300e-07 9.999992847442626953e-01
3.978538529736397322e-07 9.999996423721313477e-01
1.266904092744880472e-07 9.999998807907104492e-01
1.213443169945094269e-06 9.999988079071044922e-01
2.358512887212782516e-07 9.999997615814208984e-01
2.962554788155102869e-07 9.999997615814208984e-01
2.545643269513675477e-07 9.999997615814208984e-01
7.171386187110329047e-07 9.999992847442626953e-01
7.183672892097092699e-07 9.999992847442626953e-01
4.611748636307311244e-07 9.999995231628417969e-01
4.514073452810407616e-07 9.999995231628417969e-01
3.528328136326308595e-07 9.999996423721313477e-01
3.974950857354997424e-07 9.999996423721313477e-01
3.809665543030860135e-07 9.999996423721313477e-01
9.871624797597178258e-07 9.999990463256835938e-01
4.078880806446250062e-07 9.999996423721313477e-01
1.249335582542698830e-06 9.999988079071044922e-01
2.616076244521536864e-07 9.999997615814208984e-01
2.491129009740689071e-07 9.999997615814208984e-01
2.651044326285045827e-07 9.999997615814208984e-01
4.861681759393832181e-07 9.999995231628417969e-01
5.034603418607730418e-07 9.999995231628417969e-01
4.958662316312256735e-07 9.999995231628417969e-01
3.025021726443810621e-07 9.999996423721313477e-01
2.821241764650039840e-07 9.999997615814208984e-01
4.381579117307410343e-07 9.999995231628417969e-01
3.644532000635081204e-07 9.999996423721313477e-01
2.579618012532591820e-07 9.999997615814208984e-01
1.859416988736484200e-05 9.999814033508300781e-01
2.006961494771530852e-07 9.999997615814208984e-01
3.971275361891457578e-07 9.999996423721313477e-01
1.836701244428695645e-07 9.999997615814208984e-01
1.144011548603884876e-06 9.999988079071044922e-01
3.045178686988947447e-07 9.999996423721313477e-01
2.797629292672354495e-07 9.999997615814208984e-01
2.787578239349386422e-07 9.999997615814208984e-01
3.488079869384819176e-07 9.999996423721313477e-01
1.361395050025748787e-07 9.999998807907104492e-01
6.374386316565505695e-07 9.999994039535522461e-01
3.776923449549940415e-07 9.999996423721313477e-01
4.729346017029456561e-07 9.999995231628417969e-01
5.144733563611225691e-07 9.999995231628417969e-01
2.409134651770727942e-07 9.999997615814208984e-01
3.397745160782505991e-07 9.999996423721313477e-01
7.205739507298858371e-07 9.999992847442626953e-01
3.521423366237286245e-07 9.999996423721313477e-01
5.327640906216402072e-07 9.999995231628417969e-01
2.742069113992329221e-07 9.999997615814208984e-01
1.347098219639519812e-07 9.999998807907104492e-01
4.630695116247807164e-07 9.999995231628417969e-01
5.045143325332901441e-07 9.999995231628417969e-01
2.592895214093005052e-07 9.999997615814208984e-01
6.924360604898538440e-07 9.999992847442626953e-01
2.115671833280430292e-07 9.999997615814208984e-01
4.089264677986648167e-07 9.999996423721313477e-01
2.678916928289254429e-07 9.999997615814208984e-01
4.189233493434585398e-07 9.999995231628417969e-01
1.514759446763491724e-07 9.999998807907104492e-01
9.678400374468765222e-07 9.999990463256835938e-01
7.418178142870601732e-07 9.999992847442626953e-01
4.207595338812097907e-07 9.999995231628417969e-01
3.037191333987721009e-07 9.999996423721313477e-01
3.840021349788003135e-07 9.999996423721313477e-01
3.642385024704708485e-07 9.999996423721313477e-01
1.495847499199953745e-07 9.999998807907104492e-01
4.542151259556703735e-07 9.999995231628417969e-01
6.125507070464664139e-07 9.999994039535522461e-01
6.353454296004201751e-07 9.999994039535522461e-01
5.142555323800479528e-07 9.999995231628417969e-01
4.787760303770483006e-07 9.999995231628417969e-01
4.702895637365145376e-07 9.999995231628417969e-01
2.348777883298680536e-07 9.999997615814208984e-01
8.304235166178841610e-08 9.999998807907104492e-01
2.783688728413835634e-07 9.999997615814208984e-01
4.260828347923961701e-07 9.999995231628417969e-01
2.080386138914036565e-07 9.999997615814208984e-01
4.972257556801196188e-07 9.999995231628417969e-01
3.776293056034774054e-07 9.999996423721313477e-01
4.253556937783287140e-07 9.999995231628417969e-01
9.361663728668645490e-07 9.999990463256835938e-01
3.783603688134462573e-07 9.999996423721313477e-01
4.172503338395472383e-07 9.999995231628417969e-01
6.411950721485482063e-07 9.999994039535522461e-01
2.465256727646192303e-07 9.999997615814208984e-01
1.950935484273941256e-06 9.999980926513671875e-01
2.189970018662279472e-07 9.999997615814208984e-01
3.385557363344560144e-07 9.999996423721313477e-01
3.555587397841009079e-07 9.999996423721313477e-01
3.689462459988135379e-07 9.999996423721313477e-01
1.689335107357692323e-07 9.999998807907104492e-01
2.772447658117016545e-07 9.999997615814208984e-01
5.839327741341548972e-07 9.999994039535522461e-01
4.412812018017575610e-07 9.999995231628417969e-01
2.656364017639134545e-07 9.999997615814208984e-01
3.968549435739987530e-07 9.999996423721313477e-01
2.319948606555044535e-07 9.999997615814208984e-01
1.599193928996101022e-04 9.998400211334228516e-01
1.469572765699922456e-07 9.999998807907104492e-01
3.836704820514569292e-07 9.999996423721313477e-01
4.893564096164482180e-07 9.999995231628417969e-01
3.976793436777370516e-07 9.999996423721313477e-01
7.551290082119521685e-07 9.999992847442626953e-01
3.071082517180911964e-07 9.999996423721313477e-01
6.808958232795703225e-07 9.999992847442626953e-01
2.491736950105405413e-07 9.999997615814208984e-01
3.356994682235381333e-07 9.999996423721313477e-01
5.663730462401872501e-07 9.999994039535522461e-01
4.424265114266745513e-07 9.999995231628417969e-01
2.197090793742972892e-07 9.999997615814208984e-01
4.352326641310355626e-07 9.999995231628417969e-01
3.466451801159564639e-07 9.999996423721313477e-01
2.743915956671116874e-07 9.999997615814208984e-01
2.308837849795963848e-07 9.999997615814208984e-01
8.419704755624479731e-08 9.999998807907104492e-01
2.985835578783735400e-07 9.999996423721313477e-01
5.808574314869474620e-07 9.999994039535522461e-01
3.207864267551485682e-07 9.999996423721313477e-01
3.582411522984330077e-07 9.999996423721313477e-01
5.835264005327189807e-07 9.999994039535522461e-01
3.184679826517822221e-07 9.999996423721313477e-01
6.277757620409829542e-07 9.999994039535522461e-01
4.051228188473032787e-07 9.999996423721313477e-01
1.198201744045945816e-06 9.999988079071044922e-01
5.020645517106459010e-07 9.999995231628417969e-01
6.312656637419422623e-07 9.999994039535522461e-01
2.893932560255052522e-07 9.999997615814208984e-01
1.224472327976400265e-07 9.999998807907104492e-01
6.225697006811969914e-07 9.999994039535522461e-01
9.426834424175467575e-08 9.999998807907104492e-01
1.068371418000424455e-07 9.999998807907104492e-01
3.312395904231379973e-07 9.999996423721313477e-01
4.478458777157356963e-06 9.999954700469970703e-01
3.810908424384251703e-07 9.999996423721313477e-01
1.576409545123169664e-06 9.999984502792358398e-01
7.026665684861654881e-07 9.999992847442626953e-01
5.706137926608789712e-07 9.999994039535522461e-01
5.571053520725399721e-07 9.999994039535522461e-01
3.676228459426056361e-07 9.999996423721313477e-01
1.063978402271459345e-06 9.999989271163940430e-01
4.777588742399530020e-07 9.999995231628417969e-01
5.085445309305214323e-07 9.999995231628417969e-01
4.148593859554239316e-07 9.999996423721313477e-01
2.133970156137365848e-07 9.999997615814208984e-01
3.888874573476641672e-07 9.999996423721313477e-01
3.841413160898810020e-07 9.999996423721313477e-01
4.263124822045938345e-07 9.999995231628417969e-01
2.892961390443815617e-07 9.999997615814208984e-01
1.775178589014103636e-06 9.999982118606567383e-01
3.245779964800021844e-07 9.999996423721313477e-01
2.267833679070463404e-06 9.999977350234985352e-01
6.098635481066594366e-07 9.999994039535522461e-01
2.821198563651705626e-07 9.999997615814208984e-01
1.076302737601508852e-06 9.999989271163940430e-01
3.492820042083621956e-07 9.999996423721313477e-01
3.713112448622268857e-07 9.999996423721313477e-01
4.395465680318011437e-07 9.999995231628417969e-01
4.430095827956392895e-07 9.999995231628417969e-01
2.640542504650511546e-07 9.999997615814208984e-01
4.635475363556906814e-07 9.999995231628417969e-01
1.759049723659700248e-07 9.999998807907104492e-01
1.248457806468650233e-06 9.999988079071044922e-01
6.893997692714037839e-07 9.999992847442626953e-01
4.139772613598324824e-07 9.999996423721313477e-01
6.372362690854060929e-07 9.999994039535522461e-01
4.456363456029066583e-07 9.999995231628417969e-01
2.676710550986172166e-07 9.999997615814208984e-01
2.753641297204012517e-07 9.999997615814208984e-01
2.409842636552639306e-07 9.999997615814208984e-01
2.227216384653729619e-07 9.999997615814208984e-01
3.516543642945180181e-07 9.999996423721313477e-01
2.331966868496238021e-07 9.999997615814208984e-01
3.253475142628303729e-07 9.999996423721313477e-01
3.981597842539486010e-07 9.999996423721313477e-01
4.792520371665887069e-07 9.999995231628417969e-01
1.030745806929189712e-06 9.999989271163940430e-01
5.065701316198101267e-07 9.999995231628417969e-01
2.416044253550353460e-07 9.999997615814208984e-01
5.117428827361436561e-07 9.999995231628417969e-01
3.075540462305070832e-07 9.999996423721313477e-01
2.397023024514055578e-07 9.999997615814208984e-01
8.925444490159861743e-07 9.999991655349731445e-01
5.924624133513134439e-07 9.999994039535522461e-01
1.183567803764162818e-07 9.999998807907104492e-01
3.062831410716171376e-07 9.999996423721313477e-01
2.738159992077271454e-07 9.999997615814208984e-01
3.364058045463025337e-07 9.999996423721313477e-01
3.038135503174999030e-07 9.999996423721313477e-01
4.818965066988312174e-07 9.999995231628417969e-01
2.663321936324791750e-07 9.999997615814208984e-01
2.167244588235917035e-07 9.999997615814208984e-01
6.962123393350339029e-07 9.999992847442626953e-01
1.011336053124978207e-06 9.999990463256835938e-01
2.750245471361267846e-07 9.999997615814208984e-01
2.139855581617666758e-07 9.999997615814208984e-01
5.132530986884376034e-07 9.999995231628417969e-01
8.078167752501030918e-07 9.999991655349731445e-01
2.991430392285110429e-07 9.999996423721313477e-01
2.928665310264477739e-07 9.999997615814208984e-01
3.022991279522102559e-07 9.999996423721313477e-01
1.301309566770214587e-05 9.999870061874389648e-01
2.736546491632907419e-07 9.999997615814208984e-01
9.861435046332189813e-07 9.999990463256835938e-01
2.633046563005336793e-07 9.999997615814208984e-01
3.532401819938968401e-07 9.999996423721313477e-01
3.194127202732488513e-07 9.999996423721313477e-01
3.199956779553758679e-07 9.999996423721313477e-01
3.849503400488174520e-07 9.999996423721313477e-01
3.261639278662187280e-07 9.999996423721313477e-01
3.808474389188631903e-07 9.999996423721313477e-01
8.345121216279949294e-08 9.999998807907104492e-01
7.225619924611237366e-07 9.999992847442626953e-01
2.723349439293087926e-07 9.999997615814208984e-01
3.783791271416703239e-07 9.999996423721313477e-01
4.929565307065786328e-07 9.999995231628417969e-01
2.511088439405284589e-07 9.999997615814208984e-01
1.756298388499999419e-06 9.999982118606567383e-01
3.506039263356797164e-07 9.999996423721313477e-01
4.358773253443359863e-07 9.999995231628417969e-01
1.564911713103356306e-06 9.999984502792358398e-01
2.992326244566356763e-07 9.999996423721313477e-01
4.497461247865430778e-07 9.999995231628417969e-01
4.692774950854072813e-07 9.999995231628417969e-01
2.470569029355829116e-07 9.999997615814208984e-01
8.246557854363345541e-07 9.999991655349731445e-01
3.259089567109185737e-07 9.999996423721313477e-01
6.916039296811504755e-08 9.999998807907104492e-01
4.526359305145888356e-07 9.999995231628417969e-01
3.367640601936727762e-07 9.999996423721313477e-01
4.512412203894200502e-07 9.999995231628417969e-01
7.015229357421048917e-07 9.999992847442626953e-01
8.025498345887172036e-07 9.999991655349731445e-01
1.288035264224163257e-06 9.999986886978149414e-01
3.107802228896616725e-07 9.999996423721313477e-01
2.700298864510841668e-07 9.999997615814208984e-01
7.076591259647102561e-07 9.999992847442626953e-01
3.645050128397997469e-07 9.999996423721313477e-01
3.131857226890133461e-07 9.999996423721313477e-01
2.279622606238262961e-07 9.999997615814208984e-01
3.743498382391408086e-07 9.999996423721313477e-01
3.834396977708820486e-07 9.999996423721313477e-01
4.301965077502245549e-07 9.999995231628417969e-01
1.772903601704456378e-07 9.999998807907104492e-01
6.892229293953278102e-07 9.999992847442626953e-01
3.582988767902861582e-07 9.999996423721313477e-01
3.433013660014694324e-07 9.999996423721313477e-01
3.922523887922579888e-07 9.999996423721313477e-01
4.062660821091412799e-07 9.999996423721313477e-01
2.677264490102970740e-07 9.999997615814208984e-01
5.082827101432485506e-07 9.999995231628417969e-01
2.229813560461479938e-07 9.999997615814208984e-01
4.922603125123714563e-07 9.999995231628417969e-01
3.293779116120276740e-07 9.999996423721313477e-01
3.205937559869198594e-07 9.999996423721313477e-01
4.949774847773369402e-07 9.999995231628417969e-01
9.223567758454009891e-07 9.999990463256835938e-01
8.516336151842551772e-07 9.999991655349731445e-01
3.315641663448332110e-07 9.999996423721313477e-01
3.194855366928095464e-07 9.999996423721313477e-01
5.203541491027863231e-07 9.999995231628417969e-01
3.746369543478067499e-07 9.999996423721313477e-01
3.479003964912408264e-07 9.999996423721313477e-01
2.822132501023588702e-07 9.999997615814208984e-01
9.693663827192722238e-08 9.999998807907104492e-01
4.462972640340012731e-07 9.999995231628417969e-01
9.938447647073189728e-07 9.999990463256835938e-01
4.041284000777523033e-07 9.999996423721313477e-01
3.980755138854874531e-07 9.999996423721313477e-01
2.252714068617933663e-07 9.999997615814208984e-01
1.560010929324562312e-07 9.999998807907104492e-01
3.302800166693486972e-07 9.999996423721313477e-01
3.512762987156747840e-07 9.999996423721313477e-01
3.705591495872795349e-07 9.999996423721313477e-01
2.269576953040086664e-07 9.999997615814208984e-01
2.395836702362430515e-07 9.999997615814208984e-01
7.501513437091489322e-07 9.999992847442626953e-01
2.506418184111680603e-07 9.999997615814208984e-01
3.739704936833732063e-07 9.999996423721313477e-01
2.457916252751601860e-07 9.999997615814208984e-01
4.028708531222946476e-07 9.999996423721313477e-01
2.927699256360938307e-07 9.999997615814208984e-01
6.068646030144009273e-07 9.999994039535522461e-01
3.812569673300458817e-07 9.999996423721313477e-01
2.599646791168197524e-07 9.999997615814208984e-01
2.514186689950292930e-07 9.999997615814208984e-01
2.539697732117929263e-07 9.999997615814208984e-01
2.486948744717665249e-07 9.999997615814208984e-01
3.829773902452870971e-07 9.999996423721313477e-01
1.570081053614558186e-06 9.999984502792358398e-01
2.985197511407022830e-07 9.999996423721313477e-01
2.525189870539179537e-07 9.999997615814208984e-01
2.843946731445612386e-07 9.999997615814208984e-01
3.721180519278277643e-07 9.999996423721313477e-01
5.792482511424168479e-07 9.999994039535522461e-01
2.657354514212784125e-07 9.999997615814208984e-01
2.740999889283557422e-07 9.999997615814208984e-01
4.363963910236634547e-07 9.999995231628417969e-01
2.108658065935742343e-07 9.999997615814208984e-01
4.170872784925450105e-07 9.999996423721313477e-01
2.957575020445801783e-07 9.999997615814208984e-01
2.972233232867438346e-07 9.999997615814208984e-01
4.356142540018481668e-07 9.999995231628417969e-01
3.761183222650288371e-07 9.999996423721313477e-01
3.352141391133045545e-07 9.999996423721313477e-01
4.193594236312492285e-07 9.999995231628417969e-01
5.614705287371180020e-07 9.999994039535522461e-01
2.362193356475472683e-07 9.999997615814208984e-01
4.925063876726198941e-07 9.999995231628417969e-01
2.336820159598573809e-07 9.999997615814208984e-01
2.622671217977767810e-07 9.999997615814208984e-01
1.588434059840437840e-07 9.999998807907104492e-01
4.071892476531502325e-07 9.999996423721313477e-01
2.889302663788839709e-07 9.999997615814208984e-01
5.513084602171147708e-07 9.999994039535522461e-01
6.382909418789495248e-07 9.999994039535522461e-01
4.127874717596569099e-07 9.999996423721313477e-01
3.165253019687952474e-07 9.999996423721313477e-01
3.571672664293146227e-07 9.999996423721313477e-01
4.872980525760794990e-07 9.999995231628417969e-01
5.580236575042363256e-07 9.999994039535522461e-01
3.661079404082556721e-07 9.999996423721313477e-01
3.160812696023640456e-07 9.999996423721313477e-01
2.544512085478345398e-07 9.999997615814208984e-01
2.455563787862047320e-07 9.999997615814208984e-01
3.196802822458266746e-07 9.999996423721313477e-01
9.102114972847630270e-07 9.999990463256835938e-01
2.863268662167683942e-07 9.999997615814208984e-01
6.496701416836003773e-07 9.999994039535522461e-01
6.519063617815845646e-07 9.999994039535522461e-01
9.370550628773344215e-07 9.999990463256835938e-01
1.572534102933786926e-07 9.999998807907104492e-01
2.653806632224586792e-07 9.999997615814208984e-01
4.148835159867303446e-07 9.999996423721313477e-01
3.065701434934453573e-07 9.999996423721313477e-01
5.392959678829356562e-07 9.999994039535522461e-01
4.672982072406739462e-07 9.999995231628417969e-01
3.303884170691162581e-07 9.999996423721313477e-01
2.448387306230870308e-07 9.999997615814208984e-01
3.475624623661133228e-07 9.999996423721313477e-01
4.545774174857797334e-07 9.999995231628417969e-01
2.328049504285445437e-07 9.999997615814208984e-01
2.734060444709029980e-07 9.999997615814208984e-01
3.475280664133606479e-06 9.999965429306030273e-01
3.846861034162429860e-07 9.999996423721313477e-01
8.041740784392459318e-07 9.999991655349731445e-01
4.710674659236246953e-07 9.999995231628417969e-01
2.484426318005716894e-07 9.999997615814208984e-01
6.965104830669588409e-07 9.999992847442626953e-01
3.443979039730038494e-07 9.999996423721313477e-01
5.478660227709042374e-07 9.999994039535522461e-01
4.569750160499097547e-07 9.999995231628417969e-01
7.411707656501675956e-07 9.999992847442626953e-01
3.844051832402328728e-07 9.999996423721313477e-01
3.795623797486769035e-07 9.999996423721313477e-01
2.587233609574468574e-07 9.999997615814208984e-01
3.056199489037680905e-07 9.999996423721313477e-01
5.481843459165247623e-07 9.999994039535522461e-01
3.850737186894548358e-07 9.999996423721313477e-01
2.342483185202581808e-07 9.999997615814208984e-01
2.911339151978609152e-07 9.999997615814208984e-01
3.456706565430067712e-07 9.999996423721313477e-01
4.267737665486492915e-07 9.999995231628417969e-01
4.861440743297862355e-07 9.999995231628417969e-01
3.383998148365208181e-07 9.999996423721313477e-01
5.539885137295641471e-07 9.999994039535522461e-01
1.887346599005468306e-07 9.999997615814208984e-01
1.103168187910341658e-06 9.999989271163940430e-01
2.057890924334060401e-07 9.999997615814208984e-01
2.906406564306962537e-07 9.999997615814208984e-01
3.846336369406344602e-07 9.999996423721313477e-01
3.512056139243213693e-07 9.999996423721313477e-01
1.845022666202567052e-06 9.999982118606567383e-01
4.755696068059478421e-07 9.999995231628417969e-01
2.048004944299464114e-06 9.999979734420776367e-01
7.149514402726708795e-08 9.999998807907104492e-01
4.229110004416725133e-07 9.999995231628417969e-01
2.181371883125393651e-07 9.999997615814208984e-01
7.701408435423218179e-07 9.999992847442626953e-01
6.266440522040284122e-08 9.999998807907104492e-01
2.171384352323002531e-07 9.999997615814208984e-01
1.593892307027999777e-07 9.999998807907104492e-01
2.802607070861995453e-07 9.999997615814208984e-01
3.170878528635512339e-07 9.999996423721313477e-01
6.705448072352737654e-07 9.999992847442626953e-01
6.389767008840863127e-07 9.999994039535522461e-01
8.158515925060783047e-07 9.999991655349731445e-01
1.265672295858166763e-07 9.999998807907104492e-01
5.549308070840197615e-07 9.999994039535522461e-01
3.618737025590235135e-07 9.999996423721313477e-01
2.562745464729232481e-07 9.999997615814208984e-01
2.223193007466761628e-07 9.999997615814208984e-01
3.463709106199530652e-07 9.999996423721313477e-01
3.551459712980431505e-07 9.999996423721313477e-01
1.184928123620920815e-06 9.999988079071044922e-01
3.262398138303979067e-07 9.999996423721313477e-01
2.111736989718338009e-07 9.999997615814208984e-01
5.477009494825324509e-07 9.999994039535522461e-01
3.339706609040149488e-07 9.999996423721313477e-01
6.614250196435023099e-07 9.999992847442626953e-01
5.639250844069465529e-07 9.999994039535522461e-01
3.957475769311713520e-07 9.999996423721313477e-01
3.662870540210860781e-07 9.999996423721313477e-01
3.993607435859303223e-07 9.999996423721313477e-01
3.869408260470663663e-07 9.999996423721313477e-01
4.409421308082528412e-07 9.999995231628417969e-01
1.843478543150922633e-07 9.999997615814208984e-01
1.833395515404845355e-07 9.999997615814208984e-01
3.594117856664524879e-07 9.999996423721313477e-01
3.254331488733441802e-07 9.999996423721313477e-01
3.907142058778845239e-07 9.999996423721313477e-01
4.177006189820531290e-07 9.999995231628417969e-01
1.501276869930734392e-06 9.999984502792358398e-01
3.148952600895427167e-07 9.999996423721313477e-01
4.127079478166706394e-07 9.999996423721313477e-01
2.575925748260488035e-07 9.999997615814208984e-01
2.233361300341130118e-07 9.999997615814208984e-01
3.548578604295471450e-07 9.999996423721313477e-01
4.674510591939906590e-07 9.999995231628417969e-01
2.894001909226062708e-07 9.999997615814208984e-01
8.547238508072041441e-07 9.999991655349731445e-01
6.711211995025223587e-07 9.999992847442626953e-01
3.629243394698278280e-07 9.999996423721313477e-01
3.404784081340039847e-07 9.999996423721313477e-01
8.713607257959665731e-07 9.999991655349731445e-01
3.851824317280261312e-07 9.999996423721313477e-01
3.006660449500486720e-07 9.999996423721313477e-01
1.295931610911793541e-07 9.999998807907104492e-01
2.783643822112935595e-07 9.999997615814208984e-01
3.342363754654797958e-07 9.999996423721313477e-01
6.205033855621877592e-07 9.999994039535522461e-01
2.763401596439507557e-07 9.999997615814208984e-01
4.778937636729096994e-07 9.999995231628417969e-01
5.372534701564291026e-07 9.999994039535522461e-01
3.191140365288447356e-07 9.999996423721313477e-01
3.945085893519717501e-07 9.999996423721313477e-01
3.378197277470462723e-07 9.999996423721313477e-01
6.053138008610403631e-07 9.999994039535522461e-01
4.003781555184104946e-07 9.999996423721313477e-01
3.120343592399876798e-07 9.999996423721313477e-01
1.387331707292105420e-07 9.999998807907104492e-01
2.368005738162537455e-07 9.999997615814208984e-01
4.119160053051018622e-07 9.999996423721313477e-01
5.630362238662200980e-07 9.999994039535522461e-01
5.012551014260679949e-07 9.999995231628417969e-01
1.405624772132796352e-07 9.999998807907104492e-01
2.101422893474591547e-07 9.999997615814208984e-01
8.234408710450225044e-07 9.999991655349731445e-01
1.423359350383179844e-07 9.999998807907104492e-01
2.465045554345124401e-07 9.999997615814208984e-01
6.158079486340284348e-07 9.999994039535522461e-01
3.466577709332341328e-07 9.999996423721313477e-01
3.902040361936087720e-07 9.999996423721313477e-01
3.914298929430515273e-07 9.999996423721313477e-01
2.972187758132349700e-07 9.999997615814208984e-01
1.330903813823169912e-07 9.999998807907104492e-01
3.308474845198361436e-07 9.999996423721313477e-01
6.929996061444398947e-07 9.999992847442626953e-01
1.774212250893469900e-06 9.999982118606567383e-01
2.773003018319286639e-07 9.999997615814208984e-01
3.797571821451128926e-07 9.999996423721313477e-01
3.569636248812457779e-07 9.999996423721313477e-01
5.146553689883148763e-07 9.999995231628417969e-01
2.378146888304399909e-07 9.999997615814208984e-01
3.603013567499147030e-07 9.999996423721313477e-01
2.072615359338669805e-07 9.999997615814208984e-01
4.601551779614965199e-07 9.999995231628417969e-01
4.543117313460243167e-07 9.999995231628417969e-01
3.704905964241334004e-07 9.999996423721313477e-01
1.523645096312975511e-06 9.999984502792358398e-01
5.259674935587099753e-07 9.999995231628417969e-01
1.881308548945526127e-07 9.999997615814208984e-01
3.392509597688331269e-07 9.999996423721313477e-01
3.038124134491226869e-07 9.999996423721313477e-01
6.960709129089082126e-07 9.999992847442626953e-01
1.299140535593323875e-06 9.999986886978149414e-01
5.503230937620173790e-08 1.000000000000000000e+00
2.936978091838682303e-07 9.999997615814208984e-01
8.682931706971430685e-07 9.999991655349731445e-01
2.277249677717918530e-07 9.999997615814208984e-01
3.118609299690433545e-07 9.999996423721313477e-01
8.287555601782514714e-07 9.999991655349731445e-01
4.987616648577386513e-07 9.999995231628417969e-01
4.470998362648970215e-07 9.999995231628417969e-01
2.930565301539900247e-07 9.999997615814208984e-01
4.015015520053566433e-07 9.999996423721313477e-01
2.685014806047547609e-07 9.999997615814208984e-01
4.858636657445458695e-07 9.999995231628417969e-01
3.833991115698154317e-07 9.999996423721313477e-01
2.590065264485019725e-07 9.999997615814208984e-01
6.995139756327262148e-06 9.999929666519165039e-01
3.274436153333226684e-07 9.999996423721313477e-01
9.744799172040075064e-07 9.999990463256835938e-01
4.406141940194174822e-08 1.000000000000000000e+00
2.523877640214777784e-07 9.999997615814208984e-01
6.624350703532400075e-07 9.999992847442626953e-01
3.676593109958048444e-07 9.999996423721313477e-01
4.842967769036476966e-07 9.999995231628417969e-01
1.814827186308320961e-07 9.999997615814208984e-01
3.339671366120455787e-07 9.999996423721313477e-01
6.913439847267000005e-07 9.999992847442626953e-01
7.503273877773608547e-07 9.999992847442626953e-01
5.748539138039632235e-07 9.999994039535522461e-01
3.144268134747107979e-07 9.999996423721313477e-01
3.311009493245364865e-07 9.999996423721313477e-01
1.600958086100945366e-07 9.999998807907104492e-01
3.443118714585580165e-07 9.999996423721313477e-01
2.847015707629907411e-07 9.999997615814208984e-01
4.316924844260938698e-07 9.999995231628417969e-01
1.400648130811532610e-07 9.999998807907104492e-01
5.086211558591458015e-07 9.999995231628417969e-01
4.385512681892578257e-07 9.999995231628417969e-01
7.053332637951825745e-07 9.999992847442626953e-01
3.482661838916101260e-07 9.999996423721313477e-01
2.939841863280889811e-07 9.999997615814208984e-01
1.756039438305379008e-07 9.999998807907104492e-01
4.671333044825587422e-07 9.999995231628417969e-01
4.072560386703116819e-07 9.999996423721313477e-01
4.856936470787331928e-07 9.999995231628417969e-01
2.848254041509790113e-07 9.999997615814208984e-01
2.805671499572781613e-07 9.999997615814208984e-01
4.297503437555860728e-07 9.999995231628417969e-01
3.998123077053605812e-07 9.999996423721313477e-01
6.221553690011205617e-07 9.999994039535522461e-01
3.895281110999349039e-07 9.999996423721313477e-01
9.947380021912977099e-07 9.999990463256835938e-01
4.206985693144815741e-07 9.999995231628417969e-01
4.935840820508019533e-07 9.999995231628417969e-01
9.242639862350188196e-07 9.999990463256835938e-01
9.687626061349874362e-07 9.999990463256835938e-01
3.351351836045068922e-07 9.999996423721313477e-01
5.342732265489757992e-07 9.999995231628417969e-01
5.522999231288849842e-07 9.999994039535522461e-01
2.755201933268836001e-07 9.999997615814208984e-01
2.411693174053652911e-07 9.999997615814208984e-01
4.375423827696067747e-07 9.999995231628417969e-01
6.781726824556244537e-07 9.999992847442626953e-01
3.432928394886403112e-07 9.999996423721313477e-01
5.294212996886926703e-07 9.999995231628417969e-01
4.506000266246701358e-07 9.999995231628417969e-01
3.935327299586788286e-07 9.999996423721313477e-01
6.341764446915476583e-07 9.999994039535522461e-01
3.667596786272042664e-07 9.999996423721313477e-01
4.762113690048863646e-07 9.999995231628417969e-01
5.928393989051983226e-07 9.999994039535522461e-01
3.185381558523658896e-07 9.999996423721313477e-01
7.436296414198295679e-07 9.999992847442626953e-01
4.580666939091315726e-07 9.999995231628417969e-01
1.890626549538865220e-06 9.999980926513671875e-01
8.016916126507567242e-07 9.999991655349731445e-01
3.129656818146031583e-07 9.999996423721313477e-01
3.866711608679906931e-07 9.999996423721313477e-01
1.685603194800933124e-07 9.999998807907104492e-01
2.536771262384718284e-06 9.999974966049194336e-01
2.275065895673833438e-07 9.999997615814208984e-01
1.415507995261577889e-07 9.999998807907104492e-01
5.116999091114848852e-07 9.999995231628417969e-01
4.297511679851595545e-07 9.999995231628417969e-01
2.863263262042892165e-07 9.999997615814208984e-01
4.976124046152108349e-07 9.999995231628417969e-01
5.490585976986039896e-07 9.999994039535522461e-01
6.975974429224152118e-07 9.999992847442626953e-01
8.818818173494946677e-07 9.999991655349731445e-01
3.913291379831207450e-07 9.999996423721313477e-01
3.210686543297924800e-07 9.999996423721313477e-01
2.589188989077229053e-05 9.999741315841674805e-01
4.135140159178263275e-07 9.999996423721313477e-01
4.795510335497965571e-07 9.999995231628417969e-01
6.677503279206575826e-07 9.999992847442626953e-01
6.117065822763834149e-07 9.999994039535522461e-01
4.452285224942897912e-07 9.999995231628417969e-01
1.110740195144899189e-04 9.998888969421386719e-01
2.426235994335002033e-07 9.999997615814208984e-01
6.030189183547918219e-07 9.999994039535522461e-01
2.319652310234232573e-07 9.999997615814208984e-01
5.963727289781672880e-07 9.999994039535522461e-01
8.152970281116722617e-07 9.999991655349731445e-01
1.894229342269682093e-07 9.999997615814208984e-01
3.465004283498274162e-07 9.999996423721313477e-01
1.006246748147532344e-06 9.999990463256835938e-01
1.739722108595742611e-07 9.999998807907104492e-01
9.671979341874248348e-07 9.999990463256835938e-01
1.241096583726175595e-06 9.999988079071044922e-01
2.192035481130005792e-06 9.999978542327880859e-01
3.402777792871347629e-07 9.999996423721313477e-01
3.900046579019544879e-07 9.999996423721313477e-01
7.403187964882818051e-07 9.999992847442626953e-01
3.339977183713926934e-07 9.999996423721313477e-01
3.574845379716862226e-07 9.999996423721313477e-01
6.449606075875635725e-07 9.999994039535522461e-01
4.110942484203405911e-07 9.999996423721313477e-01
2.670748813216050621e-07 9.999997615814208984e-01
4.787513319115532795e-08 1.000000000000000000e+00
5.358049861570179928e-07 9.999995231628417969e-01
3.295959913884871639e-07 9.999996423721313477e-01
9.853331448539393023e-07 9.999990463256835938e-01
5.274955583445262164e-07 9.999995231628417969e-01
5.737109631809289567e-07 9.999994039535522461e-01
3.555366845375829143e-07 9.999996423721313477e-01
3.054235548916039988e-07 9.999996423721313477e-01
2.318771947784625809e-07 9.999997615814208984e-01
4.870624366049014498e-07 9.999995231628417969e-01
4.919524485558213200e-07 9.999995231628417969e-01
2.570796482359583024e-07 9.999997615814208984e-01
5.179292088541842531e-07 9.999995231628417969e-01
5.624856385111343116e-07 9.999994039535522461e-01
4.867833922617137432e-07 9.999995231628417969e-01
3.857926742512063356e-07 9.999996423721313477e-01
5.399109568315907381e-07 9.999994039535522461e-01
3.345402888044191059e-07 9.999996423721313477e-01
7.641978641004243400e-07 9.999992847442626953e-01
6.791584041820897255e-07 9.999992847442626953e-01
2.641048979512561345e-07 9.999997615814208984e-01
8.287128707706870046e-07 9.999991655349731445e-01
6.525432922899199184e-07 9.999994039535522461e-01
8.472302681639121147e-08 9.999998807907104492e-01
8.342422006535343826e-07 9.999991655349731445e-01
2.928338744823122397e-07 9.999997615814208984e-01
2.457820187373727094e-07 9.999997615814208984e-01
8.030184517338057049e-07 9.999991655349731445e-01
6.530761993417399935e-07 9.999994039535522461e-01
6.138056392046564724e-07 9.999994039535522461e-01
4.989233843843976501e-07 9.999995231628417969e-01
1.918370031717131496e-07 9.999997615814208984e-01
3.385741536021669162e-07 9.999996423721313477e-01
3.070350373945984757e-07 9.999996423721313477e-01
2.936143346232711338e-07 9.999997615814208984e-01
1.110877178689406719e-06 9.999989271163940430e-01
2.751318390892265597e-07 9.999997615814208984e-01
3.765306644254451385e-07 9.999996423721313477e-01
3.330825677494431147e-07 9.999996423721313477e-01
1.989837841165353893e-07 9.999997615814208984e-01
5.091006300972367171e-07 9.999995231628417969e-01
5.745503131038276479e-07 9.999994039535522461e-01
5.347136493583093397e-07 9.999995231628417969e-01
5.304684691509464756e-07 9.999995231628417969e-01
3.167203601606161101e-07 9.999996423721313477e-01
9.657935606810497120e-08 9.999998807907104492e-01
4.339553072441049153e-07 9.999995231628417969e-01
1.091910007744445466e-06 9.999989271163940430e-01
3.204565359737898689e-07 9.999996423721313477e-01
1.761354042173479684e-06 9.999982118606567383e-01
9.878031050902791321e-06 9.999901056289672852e-01
3.816203673068230273e-07 9.999996423721313477e-01
4.185248201338254148e-07 9.999995231628417969e-01
3.812744182596361497e-07 9.999996423721313477e-01
3.591702295580034843e-07 9.999996423721313477e-01
5.237680511527287308e-07 9.999995231628417969e-01
5.365698712012090255e-07 9.999994039535522461e-01
2.336902582555921981e-07 9.999997615814208984e-01
3.748792778424103744e-07 9.999996423721313477e-01
3.532486232415976701e-07 9.999996423721313477e-01
6.728271273459540680e-07 9.999992847442626953e-01
3.388548748262110166e-07 9.999996423721313477e-01
2.415606275008030934e-07 9.999997615814208984e-01
3.009388649388711201e-07 9.999996423721313477e-01
2.457264542954362696e-07 9.999997615814208984e-01
3.702864432852948084e-07 9.999996423721313477e-01
