9.897381663322448730e-01 1.026188302785158157e-02
2.676592767238616943e-01 7.323406934738159180e-01
3.458254784345626831e-02 9.654174447059631348e-01
9.297959804534912109e-01 7.020405679941177368e-02
9.017871320247650146e-02 9.098213315010070801e-01
5.713861584663391113e-01 4.286138415336608887e-01
7.376517653465270996e-01 2.623482942581176758e-01
1.059664413332939148e-01 8.940335512161254883e-01
7.280757278203964233e-02 9.271923899650573730e-01
3.053758144378662109e-01 6.946241855621337891e-01
1.306753456592559814e-01 8.693246245384216309e-01
3.793049454689025879e-01 6.206950545310974121e-01
6.269074976444244385e-02 9.373093247413635254e-01
6.005610525608062744e-02 9.399438500404357910e-01
9.024602174758911133e-01 9.753981232643127441e-02
2.721858024597167969e-01 7.278142571449279785e-01
2.725258655846118927e-02 9.727474451065063477e-01
1.276394724845886230e-01 8.723604679107666016e-01
2.382571548223495483e-01 7.617428898811340332e-01
1.842790991067886353e-01 8.157209157943725586e-01
4.987430199980735779e-02 9.501257538795471191e-01
4.928002879023551941e-02 9.507199525833129883e-01
9.300704300403594971e-02 9.069929122924804688e-01
3.494649231433868408e-01 6.505350470542907715e-01
9.975754618644714355e-01 2.424503443762660027e-03
8.428115844726562500e-01 1.571884602308273315e-01
7.249304056167602539e-01 2.750695943832397461e-01
6.465245038270950317e-02 9.353474974632263184e-01
3.464819490909576416e-01 6.535180211067199707e-01
2.373657561838626862e-02 9.762634634971618652e-01
9.722221642732620239e-02 9.027778506278991699e-01
1.080360263586044312e-01 8.919639587402343750e-01
1.011032834649085999e-01 8.988966941833496094e-01
6.455854326486587524e-02 9.354414939880371094e-01
5.183558464050292969e-01 4.816440939903259277e-01
3.508954942226409912e-01 6.491045355796813965e-01
9.257578253746032715e-01 7.424215227365493774e-02
9.301273524761199951e-02 9.069872498512268066e-01
5.223879814147949219e-01 4.776120185852050781e-01
1.341485381126403809e-01 8.658514618873596191e-01
1.553584039211273193e-01 8.446416258811950684e-01
5.424242019653320312e-01 4.575757384300231934e-01
1.644590198993682861e-01 8.355410099029541016e-01
2.600661516189575195e-01 7.399338483810424805e-01
1.271619647741317749e-01 8.728380203247070312e-01
3.813871443271636963e-01 6.186128258705139160e-01
1.247325241565704346e-01 8.752674460411071777e-01
1.779654622077941895e-01 8.220344781875610352e-01
3.279423117637634277e-01 6.720576882362365723e-01
7.988321781158447266e-02 9.201167821884155273e-01
6.602949649095535278e-02 9.339704513549804688e-01
3.764023259282112122e-02 9.623597264289855957e-01
1.351233124732971191e-01 8.648766279220581055e-01
8.883315324783325195e-02 9.111667871475219727e-01
2.692871093750000000e-01 7.307128906250000000e-01
1.819203048944473267e-02 9.818080067634582520e-01
2.274058759212493896e-02 9.772593975067138672e-01
5.767516493797302246e-01 4.232484102249145508e-01
4.847249016165733337e-02 9.515274763107299805e-01
4.763956069946289062e-01 5.236044526100158691e-01
3.864762187004089355e-02 9.613524079322814941e-01
2.670172452926635742e-01 7.329827547073364258e-01
2.883039787411689758e-02 9.711696505546569824e-01
9.788929820060729980e-01 2.110701799392700195e-02
2.225152030587196350e-02 9.777485132217407227e-01
1.117543950676918030e-01 8.882455825805664062e-01
3.587193787097930908e-01 6.412805914878845215e-01
5.647971034049987793e-01 4.352028667926788330e-01
3.439802527427673340e-01 6.560196876525878906e-01
9.375705569982528687e-02 9.062429666519165039e-01
7.048823684453964233e-02 9.295117855072021484e-01
3.412483036518096924e-01 6.587516665458679199e-01
4.184606373310089111e-01 5.815393924713134766e-01
6.106081418693065643e-03 9.938939213752746582e-01
8.110732436180114746e-01 1.889267563819885254e-01
6.489120721817016602e-01 3.510879576206207275e-01
6.427609920501708984e-02 9.357239603996276855e-01
2.094036787748336792e-01 7.905963063240051270e-01
8.934003114700317383e-02 9.106599688529968262e-01
1.822203695774078369e-01 8.177796602249145508e-01
1.073574721813201904e-01 8.926424980163574219e-01
1.593858897686004639e-01 8.406141400337219238e-01
2.035684585571289062e-01 7.964315414428710938e-01
9.612104892730712891e-01 3.878952935338020325e-02
6.154862418770790100e-02 9.384512901306152344e-01
2.586141228675842285e-01 7.413858771324157715e-01
2.146627940237522125e-02 9.785338044166564941e-01
6.540844440460205078e-01 3.459156155586242676e-01
1.545089334249496460e-01 8.454910516738891602e-01
2.534074336290359497e-02 9.746593236923217773e-01
1.470182389020919800e-01 8.529817461967468262e-01
9.787282943725585938e-01 2.127172052860260010e-02
9.584190845489501953e-01 4.158092290163040161e-02
9.709413647651672363e-01 2.905865386128425598e-02
1.224283725023269653e-01 8.775716423988342285e-01
9.047847241163253784e-02 9.095215201377868652e-01
1.197297126054763794e-01 8.802703022956848145e-01
9.779974818229675293e-01 2.200257219374179840e-02
8.242233991622924805e-01 1.757766306400299072e-01
4.038753509521484375e-01 5.961246490478515625e-01
8.989296108484268188e-02 9.101070761680603027e-01
9.098178148269653320e-02 9.090181589126586914e-01
1.548584997653961182e-01 8.451415300369262695e-01
2.958486974239349365e-02 9.704151153564453125e-01
1.551028788089752197e-01 8.448970913887023926e-01
1.189692392945289612e-01 8.810307383537292480e-01
1.981208026409149170e-01 8.018792271614074707e-01
4.284218847751617432e-01 5.715781450271606445e-01
2.692276239395141602e-01 7.307723760604858398e-01
6.229865923523902893e-02 9.377013444900512695e-01
4.176720678806304932e-01 5.823279619216918945e-01
5.001977682113647461e-01 4.998022019863128662e-01
4.703384637832641602e-02 9.529660940170288086e-01
7.871430367231369019e-02 9.212856292724609375e-01
1.882236301898956299e-01 8.117763400077819824e-01
4.934121370315551758e-01 5.065878033638000488e-01
7.126512378454208374e-02 9.287348389625549316e-01
1.193017810583114624e-01 8.806982040405273438e-01
2.184977680444717407e-01 7.815021872520446777e-01
2.063568085432052612e-01 7.936431169509887695e-01
2.401731014251708984e-01 7.598268985748291016e-01
1.608282774686813354e-01 8.391717076301574707e-01
2.823750972747802734e-01 7.176249623298645020e-01
2.937930263578891754e-02 9.706206917762756348e-01
1.881138235330581665e-01 8.118861913681030273e-01
3.987271338701248169e-02 9.601272940635681152e-01
3.390884399414062500e-01 6.609115600585937500e-01
9.068854451179504395e-01 9.311452507972717285e-02
1.524501144886016846e-01 8.475498557090759277e-01
3.456367850303649902e-01 6.543632149696350098e-01
4.528427496552467346e-02 9.547157287597656250e-01
1.887510865926742554e-01 8.112489581108093262e-01
5.362386703491210938e-01 4.637613594532012939e-01
1.786120682954788208e-01 8.213878870010375977e-01
5.266146659851074219e-01 4.733853638172149658e-01
2.054618448019027710e-01 7.945381402969360352e-01
1.663570851087570190e-01 8.336429595947265625e-01
9.748640656471252441e-01 2.513594739139080048e-02
9.188589453697204590e-01 8.114106953144073486e-02
2.351975739002227783e-01 7.648023962974548340e-01
1.379321068525314331e-01 8.620679378509521484e-01
4.148589372634887695e-01 5.851410627365112305e-01
9.124142527580261230e-01 8.758579194545745850e-02
4.367141798138618469e-02 9.563285708427429199e-01
6.630005836486816406e-01 3.369994461536407471e-01
2.700386643409729004e-01 7.299613952636718750e-01
1.779460161924362183e-01 8.220539689064025879e-01
2.641868591308593750e-01 7.358131408691406250e-01
1.001380085945129395e-01 8.998619914054870605e-01
1.114518791437149048e-01 8.885481357574462891e-01
5.473583191633224487e-02 9.452641606330871582e-01
2.548488974571228027e-01 7.451511025428771973e-01
9.348170757293701172e-01 6.518293172121047974e-02
2.562733888626098633e-01 7.437266111373901367e-01
2.020432054996490479e-01 7.979567646980285645e-01
3.485256731510162354e-01 6.514742970466613770e-01
4.160953313112258911e-02 9.583904743194580078e-01
1.573374122381210327e-01 8.426625728607177734e-01
1.127523928880691528e-01 8.872475624084472656e-01
4.311542212963104248e-02 9.568845629692077637e-01
8.760774731636047363e-01 1.239225417375564575e-01
2.589976191520690918e-01 7.410023808479309082e-01
4.460635036230087280e-02 9.553936123847961426e-01
6.515359282493591309e-01 3.484640717506408691e-01
3.134268522262573242e-01 6.865730881690979004e-01
3.252403736114501953e-01 6.747596859931945801e-01
6.359725594520568848e-01 3.640273809432983398e-01
4.631471931934356689e-01 5.368527770042419434e-01
9.924693703651428223e-01 7.530682720243930817e-03
8.314799517393112183e-02 9.168519973754882812e-01
2.985198423266410828e-02 9.701480269432067871e-01
1.135521084070205688e-01 8.864479064941406250e-01
4.894056543707847595e-02 9.510594606399536133e-01
4.445840716361999512e-01 5.554159283638000488e-01
3.106037713587284088e-02 9.689396023750305176e-01
7.443042397499084473e-01 2.556957006454467773e-01
1.984792500734329224e-01 8.015207648277282715e-01
2.796276807785034180e-01 7.203723192214965820e-01
9.357182681560516357e-02 9.064280986785888672e-01
7.702483981847763062e-02 9.229751229286193848e-01
6.002733856439590454e-02 9.399726390838623047e-01
1.775133162736892700e-01 8.224866390228271484e-01
9.754934906959533691e-01 2.450648322701454163e-02
2.388672716915607452e-02 9.761132597923278809e-01
1.978844404220581055e-01 8.021155595779418945e-01
4.242936372756958008e-01 5.757063627243041992e-01
7.050000429153442383e-01 2.949999868869781494e-01
1.772259771823883057e-01 8.227739930152893066e-01
1.507635265588760376e-01 8.492364883422851562e-01
9.702008962631225586e-01 2.979916520416736603e-02
6.106060147285461426e-01 3.893940150737762451e-01
4.306091964244842529e-01 5.693907737731933594e-01
8.880891799926757812e-01 1.119107902050018311e-01
1.460571289062500000e-01 8.539428710937500000e-01
2.438069581985473633e-01 7.561930418014526367e-01
1.040237098932266235e-01 8.959763050079345703e-01
6.067785024642944336e-01 3.932214975357055664e-01
2.864053547382354736e-01 7.135946750640869141e-01
3.535185754299163818e-01 6.464813947677612305e-01
6.573864817619323730e-02 9.342613220214843750e-01
2.036456018686294556e-02 9.796353578567504883e-01
1.980253309011459351e-02 9.801974296569824219e-01
1.995416879653930664e-01 8.004583120346069336e-01
5.669504776597023010e-02 9.433049559593200684e-01
1.563880294561386108e-01 8.436120152473449707e-01
1.149407625198364258e-01 8.850592374801635742e-01
3.331538438796997070e-01 6.668461561203002930e-01
3.357393145561218262e-01 6.642606854438781738e-01
2.449727430939674377e-02 9.755026698112487793e-01
9.930104613304138184e-01 6.989503279328346252e-03
9.239110350608825684e-01 7.608890533447265625e-02
9.915456175804138184e-01 8.454328402876853943e-03
1.202232465147972107e-01 8.797767758369445801e-01
7.949487119913101196e-02 9.205051064491271973e-01
1.161072105169296265e-01 8.838928341865539551e-01
1.803365536034107208e-02 9.819663763046264648e-01
8.257007002830505371e-01 1.742992699146270752e-01
9.666489958763122559e-01 3.335104137659072876e-02
8.580268621444702148e-01 1.419730782508850098e-01
3.718436956405639648e-01 6.281563043594360352e-01
3.745151683688163757e-02 9.625484943389892578e-01
2.623351849615573883e-02 9.737665057182312012e-01
2.865770161151885986e-01 7.134229540824890137e-01
1.604773402214050293e-01 8.395226597785949707e-01
1.052825711667537689e-02 9.894717335700988770e-01
5.541071295738220215e-01 4.458928704261779785e-01
2.589110434055328369e-01 7.410889267921447754e-01
3.194313123822212219e-02 9.680569171905517578e-01
4.743546992540359497e-02 9.525645375251770020e-01
1.100427284836769104e-01 8.899572491645812988e-01
7.523957639932632446e-02 9.247604012489318848e-01
3.074124157428741455e-01 6.925876140594482422e-01
4.273671209812164307e-01 5.726329088211059570e-01
3.210338056087493896e-01 6.789661645889282227e-01
5.703793764114379883e-01 4.296206831932067871e-01
2.892399728298187256e-01 7.107599973678588867e-01
2.195700407028198242e-01 7.804299592971801758e-01
2.040362060070037842e-01 7.959637641906738281e-01
4.843163788318634033e-01 5.156836509704589844e-01
3.947045505046844482e-01 6.052954196929931641e-01
9.289957880973815918e-01 7.100425660610198975e-02
8.436161875724792480e-01 1.563838422298431396e-01
3.926223143935203552e-02 9.607377648353576660e-01
4.978774115443229675e-02 9.502122998237609863e-01
2.578767016530036926e-02 9.742122888565063477e-01
4.828302264213562012e-01 5.171698331832885742e-01
7.873752117156982422e-01 2.126248180866241455e-01
6.274294853210449219e-02 9.372570514678955078e-01
1.142405793070793152e-01 8.857594728469848633e-01
1.556295249611139297e-02 9.844371080398559570e-01
1.345929354429244995e-01 8.654070496559143066e-01
1.944416761398315430e-01 8.055583238601684570e-01
1.327028274536132812e-01 8.672971129417419434e-01
1.668798923492431641e-01 8.331201076507568359e-01
8.047262430191040039e-01 1.952737867832183838e-01
2.389273494482040405e-01 7.610726356506347656e-01
9.759781360626220703e-01 2.402189001441001892e-02
4.950158596038818359e-01 5.049840807914733887e-01
3.794655203819274902e-01 6.205344200134277344e-01
5.712574124336242676e-01 4.287426173686981201e-01
8.988074660301208496e-01 1.011924594640731812e-01
4.434665739536285400e-01 5.565333962440490723e-01
9.496603012084960938e-01 5.033970624208450317e-02
3.568815588951110840e-01 6.431184411048889160e-01
1.555274128913879395e-01 8.444725871086120605e-01
1.329932957887649536e-01 8.670067191123962402e-01
8.957884311676025391e-01 1.042115390300750732e-01
3.054359555244445801e-01 6.945639848709106445e-01
9.846991896629333496e-01 1.530080661177635193e-02
7.667740434408187866e-02 9.233225584030151367e-01
3.277565836906433105e-01 6.722434759140014648e-01
1.560170352458953857e-01 8.439829349517822266e-01
1.443662643432617188e-01 8.556337952613830566e-01
3.574905991554260254e-01 6.425094008445739746e-01
1.956996880471706390e-02 9.804300069808959961e-01
1.175543889403343201e-01 8.824455738067626953e-01
1.634830050170421600e-02 9.836516976356506348e-01
3.491957858204841614e-02 9.650803804397583008e-01
7.383115589618682861e-02 9.261689186096191406e-01
2.613961696624755859e-01 7.386038303375244141e-01
4.583402276039123535e-01 5.416597723960876465e-01
9.372221827507019043e-01 6.277787685394287109e-02
4.924301430583000183e-02 9.507570266723632812e-01
1.179688330739736557e-02 9.882031083106994629e-01
1.066787317395210266e-01 8.933212161064147949e-01
6.730961054563522339e-02 9.326903820037841797e-01
3.557466715574264526e-02 9.644253253936767578e-01
2.666610851883888245e-02 9.733338952064514160e-01
7.468868046998977661e-03 9.925311207771301270e-01
3.226157650351524353e-02 9.677383899688720703e-01
9.917401075363159180e-01 8.259858936071395874e-03
2.282457798719406128e-01 7.717542052268981934e-01
2.747152559459209442e-02 9.725285172462463379e-01
8.362801074981689453e-01 1.637198776006698608e-01
8.617730811238288879e-03 9.913823008537292480e-01
1.345097422599792480e-01 8.654901981353759766e-01
7.826436311006546021e-02 9.217356443405151367e-01
2.299276143312454224e-01 7.700724005699157715e-01
3.570296987891197205e-02 9.642970561981201172e-01
2.014422565698623657e-01 7.985577583312988281e-01
3.323962986469268799e-01 6.676037311553955078e-01
1.391742527484893799e-01 8.608257174491882324e-01
4.274449348449707031e-01 5.725550055503845215e-01
9.439100325107574463e-02 9.056089520454406738e-01
1.511827018111944199e-02 9.848816990852355957e-01
1.917518675327301025e-01 8.082481622695922852e-01
2.822668850421905518e-02 9.717733263969421387e-01
5.647615194320678711e-01 4.352385401725769043e-01
2.054161578416824341e-01 7.945838570594787598e-01
3.130199387669563293e-02 9.686980247497558594e-01
9.273021221160888672e-01 7.269787043333053589e-02
8.019497245550155640e-02 9.198050498962402344e-01
5.026476979255676270e-01 4.973522722721099854e-01
2.623164653778076172e-01 7.376835346221923828e-01
7.765042185783386230e-01 2.234957963228225708e-01
7.781748473644256592e-02 9.221825003623962402e-01
1.017718315124511719e-01 8.982282280921936035e-01
3.637365251779556274e-02 9.636263251304626465e-01
4.937205612659454346e-01 5.062794685363769531e-01
5.420133471488952637e-01 4.579867124557495117e-01
1.424079984426498413e-01 8.575919866561889648e-01
7.251816391944885254e-01 2.748183310031890869e-01
4.651791155338287354e-01 5.348209142684936523e-01
1.774336248636245728e-01 8.225663900375366211e-01
7.453417778015136719e-02 9.254658222198486328e-01
2.086328715085983276e-02 9.791367053985595703e-01
3.272595107555389404e-01 6.727405190467834473e-01
2.997904121875762939e-01 7.002095580101013184e-01
6.010230779647827148e-01 3.989768624305725098e-01
4.856042563915252686e-01 5.143957734107971191e-01
3.452548980712890625e-01 6.547451019287109375e-01
1.816282980144023895e-02 9.818372130393981934e-01
3.256131112575531006e-01 6.743868589401245117e-01
8.607667088508605957e-01 1.392332911491394043e-01
3.050724267959594727e-01 6.949275732040405273e-01
2.697681784629821777e-01 7.302318215370178223e-01
4.364042878150939941e-01 5.635957121849060059e-01
2.698793709278106689e-01 7.301206588745117188e-01
8.816470950841903687e-02 9.118353724479675293e-01
2.499912828207015991e-01 7.500087618827819824e-01
4.038973525166511536e-02 9.596102833747863770e-01
7.463632524013519287e-02 9.253637194633483887e-01
6.435159593820571899e-02 9.356483817100524902e-01
3.091295361518859863e-01 6.908704638481140137e-01
4.163954257965087891e-01 5.836045742034912109e-01
6.484369039535522461e-01 3.515630364418029785e-01
2.994501292705535889e-01 7.005498409271240234e-01
1.147237643599510193e-01 8.852762579917907715e-01
4.459394514560699463e-02 9.554060101509094238e-01
6.662400364875793457e-01 3.337599337100982666e-01
8.372778445482254028e-02 9.162722229957580566e-01
1.832218021154403687e-01 8.167782425880432129e-01
8.797623962163925171e-02 9.120237231254577637e-01
7.122691869735717773e-01 2.877308130264282227e-01
5.648873448371887207e-01 4.351126551628112793e-01
2.290462404489517212e-01 7.709537744522094727e-01
2.764618396759033203e-01 7.235381603240966797e-01
2.721044421195983887e-01 7.278956174850463867e-01
