1.311960804741829634e-04 9.998687505722045898e-01
1.273642526939511299e-03 9.987263083457946777e-01
9.098892769543454051e-05 9.999090433120727539e-01
2.525649906601756811e-04 9.997474551200866699e-01
1.670328492764383554e-04 9.998329877853393555e-01
1.944372896105051041e-03 9.980556964874267578e-01
1.732744422042742372e-04 9.998267292976379395e-01
1.452211989089846611e-03 9.985477328300476074e-01
1.554796239361166954e-03 9.984452128410339355e-01
1.208294706884771585e-04 9.998791217803955078e-01
6.214075838215649128e-04 9.993785619735717773e-01
1.120640663430094719e-04 9.998879432678222656e-01
1.556323259137570858e-04 9.998443126678466797e-01
3.068743681069463491e-04 9.996931552886962891e-01
3.602856770157814026e-03 9.963971972465515137e-01
1.190699636936187744e-03 9.988093376159667969e-01
1.563060679472982883e-03 9.984369874000549316e-01
1.107380230678245425e-04 9.998892545700073242e-01
6.897390121594071388e-04 9.993102550506591797e-01
2.042631094809621572e-04 9.997957348823547363e-01
5.582414814853109419e-05 9.999442100524902344e-01
8.094571239780634642e-05 9.999190568923950195e-01
5.388997305999509990e-05 9.999461174011230469e-01
5.869049346074461937e-04 9.994131326675415039e-01
8.452941983705386519e-05 9.999154806137084961e-01
3.120821784250438213e-04 9.996879100799560547e-01
1.176505320472642779e-04 9.998823404312133789e-01
3.004939935635775328e-04 9.996995925903320312e-01
2.025382564170286059e-04 9.997975230216979980e-01
9.564415086060762405e-04 9.990435242652893066e-01
1.102276946767233312e-04 9.998897314071655273e-01
2.371260197833180428e-04 9.997628331184387207e-01
2.823769813403487206e-03 9.971761703491210938e-01
3.181705324095673859e-05 9.999681711196899414e-01
2.165822777897119522e-03 9.978341460227966309e-01
4.798562440555542707e-05 9.999519586563110352e-01
1.298404094995930791e-04 9.998701810836791992e-01
1.057302943081595004e-04 9.998942613601684570e-01
1.110013108700513840e-03 9.988899827003479004e-01
1.340675953542813659e-04 9.998658895492553711e-01
1.218706674990244210e-04 9.998781681060791016e-01
3.269874141551554203e-04 9.996730089187622070e-01
3.546453954186290503e-04 9.996453523635864258e-01
1.532799447886645794e-03 9.984671473503112793e-01
2.436104696244001389e-04 9.997563958168029785e-01
1.625017961487174034e-03 9.983749389648437500e-01
1.800559693947434425e-04 9.998199343681335449e-01
9.624328231438994408e-05 9.999037981033325195e-01
1.609476050361990929e-03 9.983905553817749023e-01
5.240661266725510359e-06 9.999947547912597656e-01
2.495140361133962870e-04 9.997504353523254395e-01
1.912756706587970257e-04 9.998087286949157715e-01
8.088428294286131859e-04 9.991911053657531738e-01
3.467040078248828650e-04 9.996533393859863281e-01
1.599974464625120163e-03 9.984000325202941895e-01
1.045992103172466159e-04 9.998953342437744141e-01
8.559991329093463719e-06 9.999914169311523438e-01
5.501379491761326790e-04 9.994499087333679199e-01
2.240080175397451967e-05 9.999775886535644531e-01
3.924987686332315207e-05 9.999607801437377930e-01
3.574703587219119072e-04 9.996424913406372070e-01
1.134490157710388303e-04 9.998865127563476562e-01
1.811915193684399128e-03 9.981880784034729004e-01
7.940853720356244594e-06 9.999920129776000977e-01
4.438594332896173000e-04 9.995561242103576660e-01
1.455502235330641270e-03 9.985445737838745117e-01
2.158356073778122663e-05 9.999784231185913086e-01
2.016633952734991908e-04 9.997983574867248535e-01
3.941694012610241771e-05 9.999605417251586914e-01
4.861123306909576058e-05 9.999513626098632812e-01
6.401211139746010303e-04 9.993599057197570801e-01
6.135331466794013977e-03 9.938645958900451660e-01
1.025815727189183235e-04 9.998973608016967773e-01
1.304023317061364651e-04 9.998695850372314453e-01
2.712872810661792755e-03 9.972871541976928711e-01
4.191375628579407930e-04 9.995809197425842285e-01
1.226272142957895994e-04 9.998773336410522461e-01
5.130157223902642727e-04 9.994869232177734375e-01
1.014263136312365532e-03 9.989857077598571777e-01
3.419631684664636850e-04 9.996579885482788086e-01
5.846643944096285850e-06 9.999941587448120117e-01
4.961359081789851189e-04 9.995038509368896484e-01
4.671859496738761663e-04 9.995328187942504883e-01
4.460067721083760262e-04 9.995539784431457520e-01
2.225334319518879056e-04 9.997774958610534668e-01
1.894518500193953514e-04 9.998105168342590332e-01
7.327558705583214760e-05 9.999266862869262695e-01
2.472672495059669018e-04 9.997527003288269043e-01
3.312896878924220800e-04 9.996687173843383789e-01
1.296390080824494362e-03 9.987035989761352539e-01
1.658932771533727646e-03 9.983410835266113281e-01
2.618939906824380159e-04 9.997380375862121582e-01
4.576748324325308204e-05 9.999542236328125000e-01
9.092894033528864384e-04 9.990906715393066406e-01
1.115553895942866802e-04 9.998884201049804688e-01
5.203072447329759598e-03 9.947969317436218262e-01
1.837264135247096419e-04 9.998163580894470215e-01
1.306089106947183609e-04 9.998693466186523438e-01
1.008747058222070336e-04 9.998991489410400391e-01
1.534934417577460408e-04 9.998464584350585938e-01
1.855573500506579876e-04 9.998144507408142090e-01
1.780132733983919024e-04 9.998219609260559082e-01
5.646502177114598453e-05 9.999434947967529297e-01
6.129535904619842768e-05 9.999387264251708984e-01
2.045703004114329815e-04 9.997954964637756348e-01
4.881906788796186447e-04 9.995118379592895508e-01
2.940014237537980080e-04 9.997059702873229980e-01
2.673683629836887121e-04 9.997326731681823730e-01
1.250070545211201534e-05 9.999874830245971680e-01
6.592855788767337799e-05 9.999340772628784180e-01
2.088796754833310843e-04 9.997910857200622559e-01
7.786687638144940138e-05 9.999221563339233398e-01
1.800041500246152282e-04 9.998200535774230957e-01
1.369149977108463645e-04 9.998630285263061523e-01
7.810507668182253838e-05 9.999219179153442383e-01
4.188840466667897999e-05 9.999581575393676758e-01
8.932625642046332359e-04 9.991067051887512207e-01
4.435240771272219718e-05 9.999556541442871094e-01
3.782518615480512381e-04 9.996217489242553711e-01
6.894396210554987192e-05 9.999310970306396484e-01
5.663515821652254090e-06 9.999942779541015625e-01
6.167814135551452637e-04 9.993832111358642578e-01
1.279682619497179985e-04 9.998719692230224609e-01
1.187566012958995998e-04 9.998812675476074219e-01
9.854893432930111885e-04 9.990144968032836914e-01
5.100813723402097821e-05 9.999489784240722656e-01
4.924364620819687843e-04 9.995075464248657227e-01
2.777268236968666315e-04 9.997223019599914551e-01
4.939141799695789814e-04 9.995061159133911133e-01
9.102741605602204800e-04 9.990897178649902344e-01
3.696260682772845030e-04 9.996303319931030273e-01
1.674865023232996464e-03 9.983251690864562988e-01
1.159365856437943876e-04 9.998840093612670898e-01
3.706310235429555178e-04 9.996293783187866211e-01
5.168532952666282654e-04 9.994831085205078125e-01
1.109454024117439985e-04 9.998890161514282227e-01
1.641652634134516120e-04 9.998358488082885742e-01
2.522258000681176782e-05 9.999747276306152344e-01
2.073367359116673470e-04 9.997926354408264160e-01
1.086771953850984573e-04 9.998912811279296875e-01
9.900723816826939583e-04 9.990098476409912109e-01
8.611956582171842456e-05 9.999139308929443359e-01
8.125172462314367294e-05 9.999186992645263672e-01
6.391642818925902247e-05 9.999361038208007812e-01
7.171602919697761536e-05 9.999282360076904297e-01
7.467214163625612855e-05 9.999253749847412109e-01
8.752520079724490643e-05 9.999125003814697266e-01
1.362216862617060542e-04 9.998637437820434570e-01
6.237665656954050064e-04 9.993762373924255371e-01
1.872218999778851867e-04 9.998127818107604980e-01
3.647339763119816780e-04 9.996352195739746094e-01
3.890159714501351118e-04 9.996109604835510254e-01
2.367347769904881716e-04 9.997633099555969238e-01
4.053998563904315233e-04 9.995946288108825684e-01
6.392435170710086823e-04 9.993607401847839355e-01
1.160591418738476932e-04 9.998838901519775391e-01
8.252660627476871014e-04 9.991746544837951660e-01
6.561104673892259598e-04 9.993439316749572754e-01
1.907351252157241106e-04 9.998093247413635254e-01
4.152993496973067522e-04 9.995847344398498535e-01
1.905095705296844244e-04 9.998095631599426270e-01
1.856915187090635300e-04 9.998143315315246582e-01
7.118416397133842111e-05 9.999288320541381836e-01
2.173075881728436798e-05 9.999783039093017578e-01
5.953967920504510403e-04 9.994045495986938477e-01
1.681347639532759786e-04 9.998317956924438477e-01
7.161231478676199913e-04 9.992838501930236816e-01
1.585305144544690847e-04 9.998414516448974609e-01
4.550049561657942832e-05 9.999544620513916016e-01
5.361731746233999729e-04 9.994638562202453613e-01
1.775931683368980885e-03 9.982240796089172363e-01
5.975108069833368063e-05 9.999402761459350586e-01
5.882437108084559441e-04 9.994118213653564453e-01
1.883535151137039065e-04 9.998117089271545410e-01
4.000510380137711763e-04 9.995999932289123535e-01
1.652478094911202788e-04 9.998347759246826172e-01
2.375494223088026047e-04 9.997624754905700684e-01
1.813871203921735287e-04 9.998186230659484863e-01
4.747592902276664972e-05 9.999525547027587891e-01
4.350337840151041746e-04 9.995649456977844238e-01
1.963147515198215842e-04 9.998037219047546387e-01
5.248186062090098858e-04 9.994751811027526855e-01
5.226493158261291683e-05 9.999477863311767578e-01
8.791000254859682173e-06 9.999911785125732422e-01
7.044311496429145336e-05 9.999295473098754883e-01
1.567458966746926308e-03 9.984325766563415527e-01
6.254220352275297046e-05 9.999374151229858398e-01
5.329456180334091187e-04 9.994670748710632324e-01
1.306401463807560503e-05 9.999868869781494141e-01
6.215239409357309341e-04 9.993784427642822266e-01
9.166546515189111233e-04 9.990832805633544922e-01
2.719920303206890821e-05 9.999728202819824219e-01
7.920125499367713928e-04 9.992080330848693848e-01
1.770673261489719152e-04 9.998229146003723145e-01
1.150063908426091075e-04 9.998849630355834961e-01
3.394062805455178022e-04 9.996606111526489258e-01
1.993516343645751476e-04 9.998006224632263184e-01
1.255209936061874032e-04 9.998744726181030273e-01
4.539249857771210372e-05 9.999545812606811523e-01
1.530923691461794078e-05 9.999847412109375000e-01
1.533851755084469914e-04 9.998465776443481445e-01
9.822895663091912866e-05 9.999017715454101562e-01
9.021050937008112669e-05 9.999097585678100586e-01
1.849334221333265305e-03 9.981506466865539551e-01
2.274292492074891925e-04 9.997726082801818848e-01
1.684035087237134576e-04 9.998315572738647461e-01
1.713081874186173081e-04 9.998286962509155273e-01
1.230020861839875579e-04 9.998769760131835938e-01
1.335288397967815399e-04 9.998664855957031250e-01
5.286769592203199863e-04 9.994713664054870605e-01
8.095288649201393127e-05 9.999190568923950195e-01
6.929622031748294830e-04 9.993070363998413086e-01
7.973791070980951190e-05 9.999202489852905273e-01
2.934176009148359299e-03 9.970658421516418457e-01
4.702617006842046976e-04 9.995297193527221680e-01
3.071875835303217173e-04 9.996927976608276367e-01
2.443385310471057892e-04 9.997556805610656738e-01
3.722081019077450037e-04 9.996278285980224609e-01
2.377202472416684031e-04 9.997622370719909668e-01
3.405653114896267653e-05 9.999659061431884766e-01
1.522653037682175636e-04 9.998477697372436523e-01
4.175901995040476322e-05 9.999582767486572266e-01
1.886432437459006906e-04 9.998113512992858887e-01
3.382856375537812710e-04 9.996616840362548828e-01
2.237717126263305545e-04 9.997761845588684082e-01
1.814621828089002520e-05 9.999818801879882812e-01
6.872925441712141037e-04 9.993127584457397461e-01
5.980525165796279907e-04 9.994019269943237305e-01
1.236078678630292416e-03 9.987639188766479492e-01
3.251468006055802107e-04 9.996749162673950195e-01
1.335877896053716540e-04 9.998663663864135742e-01
7.068144623190164566e-05 9.999293088912963867e-01
2.131811343133449554e-03 9.978681802749633789e-01
4.649164111469872296e-05 9.999535083770751953e-01
3.921186362276785076e-05 9.999607801437377930e-01
2.202068222686648369e-03 9.977979660034179688e-01
3.751554177142679691e-04 9.996248483657836914e-01
1.898775808513164520e-04 9.998101592063903809e-01
7.287713378900662065e-05 9.999271631240844727e-01
4.762534081237390637e-05 9.999523162841796875e-01
5.524104344658553600e-04 9.994475245475769043e-01
2.175527188228443265e-04 9.997825026512145996e-01
4.607802111422643065e-05 9.999538660049438477e-01
1.162368920631706715e-03 9.988376498222351074e-01
1.762648025760427117e-04 9.998237490653991699e-01
1.498618512414395809e-04 9.998501539230346680e-01
5.030565444030798972e-05 9.999496936798095703e-01
8.155077011906541884e-06 9.999918937683105469e-01
1.108875512727536261e-04 9.998891353607177734e-01
1.082308372133411467e-04 9.998917579650878906e-01
1.199995040224166587e-05 9.999879598617553711e-01
3.980037035944405943e-06 9.999960660934448242e-01
1.561420504003763199e-03 9.984385371208190918e-01
8.232654363382607698e-05 9.999176263809204102e-01
1.332792453467845917e-04 9.998667240142822266e-01
1.852736168075352907e-04 9.998148083686828613e-01
1.878095790743827820e-04 9.998121857643127441e-01
2.558170817792415619e-04 9.997442364692687988e-01
4.085469845449551940e-05 9.999591112136840820e-01
4.028790863230824471e-04 9.995971322059631348e-01
5.950974082225002348e-05 9.999405145645141602e-01
8.827706798911094666e-03 9.911722540855407715e-01
3.084349737036973238e-05 9.999691247940063477e-01
1.130940945586189628e-04 9.998868703842163086e-01
9.026781481225043535e-05 9.999097585678100586e-01
5.286708474159240723e-04 9.994713664054870605e-01
1.078520472219679505e-05 9.999892711639404297e-01
2.783890231512486935e-04 9.997215867042541504e-01
7.439179462380707264e-04 9.992560744285583496e-01
8.228338265325874090e-05 9.999177455902099609e-01
3.759758255910128355e-04 9.996240139007568359e-01
5.099549161968752742e-05 9.999489784240722656e-01
4.535260814009234309e-05 9.999547004699707031e-01
9.862666483968496323e-04 9.990136623382568359e-01
3.882129967678338289e-04 9.996117949485778809e-01
3.938064764952287078e-05 9.999606609344482422e-01
1.184107022709213197e-04 9.998816251754760742e-01
5.421712412498891354e-04 9.994577765464782715e-01
5.143358430359512568e-05 9.999486207962036133e-01
4.016469465568661690e-04 9.995983242988586426e-01
1.203778592753224075e-04 9.998795986175537109e-01
4.813696796190924942e-05 9.999518394470214844e-01
8.249322854680940509e-05 9.999175071716308594e-01
1.638724934309720993e-04 9.998360872268676758e-01
1.254091184819117188e-04 9.998745918273925781e-01
6.893759709782898426e-04 9.993106126785278320e-01
6.920678424648940563e-05 9.999307394027709961e-01
2.139099815394729376e-04 9.997860789299011230e-01
3.338488386361859739e-05 9.999666213989257812e-01
1.012055654427967966e-04 9.998987913131713867e-01
3.330224135424941778e-04 9.996669292449951172e-01
1.357195200398564339e-03 9.986428618431091309e-01
1.443586777895689011e-03 9.985564351081848145e-01
6.523138290503993630e-05 9.999347925186157227e-01
5.366827099351212382e-05 9.999463558197021484e-01
4.613117780536413193e-04 9.995386600494384766e-01
1.860097836470231414e-05 9.999814033508300781e-01
1.898174523375928402e-03 9.981018900871276855e-01
1.656194217503070831e-04 9.998342990875244141e-01
2.006045833695679903e-04 9.997994303703308105e-01
3.359081165399402380e-04 9.996640682220458984e-01
4.502958327066153288e-04 9.995496869087219238e-01
1.582218537805601954e-04 9.998418092727661133e-01
5.585721737588755786e-05 9.999440908432006836e-01
4.828502133022993803e-04 9.995172023773193359e-01
2.157942071789875627e-04 9.997841715812683105e-01
1.907666679471731186e-03 9.980923533439636230e-01
8.719595643924549222e-05 9.999127388000488281e-01
9.788075112737715244e-05 9.999021291732788086e-01
1.207265086122788489e-04 9.998792409896850586e-01
3.146813469356857240e-05 9.999685287475585938e-01
8.699856116436421871e-04 9.991300702095031738e-01
3.557080344762653112e-05 9.999644756317138672e-01
8.636069251224398613e-04 9.991363883018493652e-01
7.794666453264653683e-05 9.999220371246337891e-01
2.371637965552508831e-04 9.997628331184387207e-01
2.067122113658115268e-04 9.997933506965637207e-01
1.783237443305552006e-03 9.982166886329650879e-01
1.434549340046942234e-04 9.998564720153808594e-01
5.250921458355151117e-05 9.999474287033081055e-01
1.450072013540193439e-04 9.998549222946166992e-01
7.206299342215061188e-04 9.992794394493103027e-01
3.012244997080415487e-05 9.999698400497436523e-01
5.768079427070915699e-05 9.999423027038574219e-01
1.692510704742744565e-04 9.998307228088378906e-01
2.638316800585016608e-05 9.999736547470092773e-01
2.596803824417293072e-04 9.997403025627136230e-01
1.186384470202028751e-03 9.988136291503906250e-01
2.807989039865788072e-05 9.999718666076660156e-01
4.019867919851094484e-04 9.995980858802795410e-01
6.504683551611378789e-05 9.999349117279052734e-01
9.146615630015730858e-04 9.990853071212768555e-01
1.167862210422754288e-03 9.988321661949157715e-01
7.800370076438412070e-05 9.999220371246337891e-01
4.806528158951550722e-04 9.995193481445312500e-01
2.938886638730764389e-03 9.970610737800598145e-01
5.721091292798519135e-04 9.994278550148010254e-01
2.794035208353307098e-05 9.999721050262451172e-01
1.938562782015651464e-04 9.998062252998352051e-01
2.381792291998863220e-04 9.997618794441223145e-01
4.466762475203722715e-04 9.995532631874084473e-01
5.540161859244108200e-03 9.944598674774169922e-01
7.263711886480450630e-04 9.992735981941223145e-01
4.327279020799323916e-05 9.999567270278930664e-01
8.364616078324615955e-04 9.991635084152221680e-01
8.260500180767849088e-05 9.999173879623413086e-01
3.804191073868423700e-04 9.996196031570434570e-01
8.699325262568891048e-04 9.991300702095031738e-01
1.510799484094604850e-04 9.998488426208496094e-01
1.940393558470532298e-04 9.998059868812561035e-01
8.582852024119347334e-05 9.999141693115234375e-01
4.439563199412077665e-04 9.995560050010681152e-01
2.193740510847419500e-04 9.997805953025817871e-01
1.799409801606088877e-04 9.998200535774230957e-01
7.187794544734060764e-04 9.992812275886535645e-01
8.364529639948159456e-05 9.999163150787353516e-01
3.720150853041559458e-04 9.996279478073120117e-01
1.146773807704448700e-02 9.885323047637939453e-01
3.557399395504035056e-05 9.999644756317138672e-01
6.803333963034674525e-05 9.999319314956665039e-01
1.721854496281594038e-04 9.998277425765991211e-01
6.768157472833991051e-04 9.993232488632202148e-01
5.546847241930663586e-04 9.994452595710754395e-01
4.792489926330745220e-05 9.999520778656005859e-01
1.222487189806997776e-04 9.998776912689208984e-01
1.385338720865547657e-03 9.986146688461303711e-01
5.019692980567924678e-05 9.999498128890991211e-01
3.196878969902172685e-05 9.999680519104003906e-01
5.275877629173919559e-05 9.999471902847290039e-01
2.224950294476002455e-04 9.997774958610534668e-01
2.845106064341962337e-04 9.997155070304870605e-01
2.304249937878921628e-04 9.997696280479431152e-01
1.559326425194740295e-03 9.984406828880310059e-01
2.441196702420711517e-04 9.997559189796447754e-01
2.351169823668897152e-04 9.997648596763610840e-01
5.098894471302628517e-04 9.994901418685913086e-01
9.839540580287575722e-04 9.990160465240478516e-01
7.664089935133233666e-05 9.999233484268188477e-01
4.089717112947255373e-04 9.995910525321960449e-01
6.358673999784514308e-05 9.999364614486694336e-01
3.061522729694843292e-04 9.996938705444335938e-01
3.776019184442702681e-06 9.999961853027343750e-01
7.526209810748696327e-04 9.992474317550659180e-01
3.737188526429235935e-04 9.996262788772583008e-01
1.671174308285117149e-03 9.983288645744323730e-01
4.198494367301464081e-03 9.958015084266662598e-01
4.041658030473627150e-05 9.999595880508422852e-01
5.170760414330288768e-05 9.999482631683349609e-01
4.129844091949053109e-05 9.999587535858154297e-01
3.242301754653453827e-04 9.996757507324218750e-01
4.818345478270202875e-04 9.995181560516357422e-01
1.835881994338706136e-05 9.999816417694091797e-01
1.479045749874785542e-04 9.998520612716674805e-01
2.945832238765433431e-05 9.999705553054809570e-01
1.541664241813123226e-04 9.998458623886108398e-01
1.339597656624391675e-04 9.998660087585449219e-01
1.416503655491396785e-04 9.998583793640136719e-01
3.531904440023936331e-05 9.999647140502929688e-01
3.090800310019403696e-04 9.996908903121948242e-01
1.946841075550764799e-04 9.998053908348083496e-01
2.441811375319957733e-04 9.997557997703552246e-01
4.935213655699044466e-05 9.999506473541259766e-01
4.271802026778459549e-04 9.995728135108947754e-01
4.154424823354929686e-05 9.999583959579467773e-01
7.190043834270909429e-05 9.999281167984008789e-01
2.083756407955661416e-05 9.999791383743286133e-01
1.845121878432109952e-04 9.998155236244201660e-01
1.431540353223681450e-03 9.985684156417846680e-01
4.425809311214834452e-04 9.995574355125427246e-01
8.610527584096416831e-05 9.999139308929443359e-01
1.504660758655518293e-04 9.998495578765869141e-01
2.859268279280513525e-04 9.997140765190124512e-01
2.550747594796121120e-04 9.997449517250061035e-01
5.350810824893414974e-04 9.994649291038513184e-01
8.914974750950932503e-05 9.999108314514160156e-01
3.589717962313443422e-04 9.996410608291625977e-01
5.115140083944424987e-05 9.999488592147827148e-01
2.487316378392279148e-04 9.997512698173522949e-01
7.325225305976346135e-05 9.999266862869262695e-01
4.279297718312591314e-04 9.995720982551574707e-01
1.438925100956112146e-04 9.998561143875122070e-01
1.702601672150194645e-03 9.982973933219909668e-01
1.568423234857618809e-03 9.984315037727355957e-01
4.836911393795162439e-04 9.995163679122924805e-01
2.729958214331418276e-04 9.997269511222839355e-01
4.778488437295891345e-05 9.999521970748901367e-01
6.164966907817870378e-05 9.999383687973022461e-01
1.844337530201300979e-04 9.998156428337097168e-01
1.847586681833490729e-04 9.998152852058410645e-01
2.577050181571394205e-04 9.997423291206359863e-01
5.442698020488023758e-04 9.994557499885559082e-01
2.765059180092066526e-04 9.997234940528869629e-01
2.994547321577556431e-05 9.999700784683227539e-01
1.785869593732059002e-03 9.982141256332397461e-01
2.896423684433102608e-04 9.997103810310363770e-01
2.311127755092456937e-04 9.997689127922058105e-01
3.521210601320490241e-05 9.999648332595825195e-01
2.202421310357749462e-04 9.997797608375549316e-01
3.917845606338232756e-04 9.996082186698913574e-01
2.340901875868439674e-03 9.976590871810913086e-01
3.661127993836998940e-04 9.996339082717895508e-01
6.510093808174133301e-04 9.993489384651184082e-01
5.120810601511038840e-05 9.999487400054931641e-01
5.670695099979639053e-03 9.943292737007141113e-01
2.192890737205743790e-03 9.978070855140686035e-01
6.239575450308620930e-04 9.993761181831359863e-01
1.375880965497344732e-04 9.998624324798583984e-01
9.395630331709980965e-05 9.999060630798339844e-01
2.378646604483947158e-05 9.999761581420898438e-01
6.145475199446082115e-04 9.993854761123657227e-01
7.903986843302845955e-04 9.992095232009887695e-01
8.977045072242617607e-04 9.991023540496826172e-01
8.819359936751425266e-05 9.999117851257324219e-01
1.325162476859986782e-03 9.986748695373535156e-01
5.430024582892656326e-03 9.945699572563171387e-01
5.643718177452683449e-04 9.994356036186218262e-01
4.993466427549719810e-05 9.999500513076782227e-01
2.443194389343261719e-04 9.997556805610656738e-01
1.167158261523582041e-04 9.998832941055297852e-01
4.874375881627202034e-04 9.995125532150268555e-01
2.222868613898754120e-03 9.977771639823913574e-01
1.231432688655331731e-04 9.998768568038940430e-01
2.408069703960791230e-04 9.997591376304626465e-01
5.067950041848234832e-05 9.999493360519409180e-01
4.439430267666466534e-05 9.999556541442871094e-01
4.996658390155062079e-05 9.999500513076782227e-01
6.702957762172445655e-05 9.999330043792724609e-01
8.228989463532343507e-05 9.999177455902099609e-01
9.388966282131150365e-05 9.999060630798339844e-01
4.634196520783007145e-04 9.995366334915161133e-01
4.147838044445961714e-04 9.995852112770080566e-01
4.754864858114160597e-05 9.999524354934692383e-01
4.426392843015491962e-05 9.999557733535766602e-01
1.749422051943838596e-03 9.982505440711975098e-01
1.858879695646464825e-04 9.998140931129455566e-01
1.769944065017625690e-04 9.998230338096618652e-01
2.316574828000739217e-04 9.997683167457580566e-01
2.338121266802772880e-04 9.997661709785461426e-01
4.095713666174560785e-04 9.995904564857482910e-01
1.980127126444131136e-04 9.998020529747009277e-01
1.079387438949197531e-04 9.998919963836669922e-01
2.969528140965849161e-04 9.997029900550842285e-01
3.721942775882780552e-04 9.996278285980224609e-01
1.027932885335758328e-04 9.998972415924072266e-01
1.702795998426154256e-04 9.998296499252319336e-01
1.315791858360171318e-03 9.986842274665832520e-01
1.494909083703532815e-04 9.998505115509033203e-01
1.579716044943779707e-04 9.998420476913452148e-01
4.454515001270920038e-04 9.995545744895935059e-01
5.416495841927826405e-04 9.994583725929260254e-01
3.909652514266781509e-05 9.999608993530273438e-01
3.410209683352150023e-05 9.999659061431884766e-01
2.497334789950400591e-04 9.997503161430358887e-01
2.692547277547419071e-04 9.997307658195495605e-01
2.053461867035366595e-05 9.999794960021972656e-01
4.656055476516485214e-03 9.953438639640808105e-01
1.046606776071712375e-04 9.998953342437744141e-01
1.617705420358106494e-04 9.998382329940795898e-01
3.342575291753746569e-05 9.999666213989257812e-01
4.375374701339751482e-04 9.995624423027038574e-01
2.347317204112187028e-04 9.997652173042297363e-01
7.109136640792712569e-05 9.999289512634277344e-01
5.749430420110002160e-05 9.999425411224365234e-01
3.614456509239971638e-04 9.996385574340820312e-01
1.346137956716120243e-03 9.986538887023925781e-01
1.848570071160793304e-03 9.981513619422912598e-01
1.817777410906273872e-05 9.999818801879882812e-01
3.930125967599451542e-05 9.999606609344482422e-01
4.136736097279936075e-04 9.995862841606140137e-01
9.332600166089832783e-04 9.990667700767517090e-01
2.772860170807689428e-04 9.997226595878601074e-01
1.430416945368051529e-03 9.985696077346801758e-01
5.179113941267132759e-04 9.994820952415466309e-01
5.200277155381627381e-05 9.999480247497558594e-01
1.747605972923338413e-03 9.982523322105407715e-01
4.865155206061899662e-04 9.995135068893432617e-01
2.559034619480371475e-04 9.997441172599792480e-01
2.640990715008229017e-04 9.997358918190002441e-01
2.669806126505136490e-04 9.997330307960510254e-01
1.361733884550631046e-04 9.998638629913330078e-01
2.880670945160090923e-04 9.997119307518005371e-01
2.786472759908065200e-05 9.999721050262451172e-01
6.186252576299011707e-04 9.993813037872314453e-01
4.469425417482852936e-03 9.955305457115173340e-01
6.975054275244474411e-04 9.993025064468383789e-01
7.900985656306147575e-05 9.999209642410278320e-01
6.365110311890020967e-05 9.999363422393798828e-01
3.825602470897138119e-04 9.996174573898315430e-01
2.269801771035417914e-04 9.997730851173400879e-01
1.111929211765527725e-02 9.888807535171508789e-01
1.412031473591923714e-03 9.985879063606262207e-01
3.022241871803998947e-04 9.996978044509887695e-01
2.022841479629278183e-03 9.979771971702575684e-01
1.510515867266803980e-04 9.998489618301391602e-01
5.788711132481694221e-04 9.994211196899414062e-01
5.670930841006338596e-05 9.999432563781738281e-01
1.624243304831907153e-04 9.998375177383422852e-01
1.222261227667331696e-03 9.987776875495910645e-01
2.879309176933020353e-04 9.997120499610900879e-01
2.568388881627470255e-04 9.997431635856628418e-01
2.310854470124468207e-04 9.997689127922058105e-01
6.020308865117840469e-05 9.999397993087768555e-01
5.679086825693957508e-06 9.999942779541015625e-01
5.739941479987464845e-05 9.999425411224365234e-01
1.238374970853328705e-03 9.987616539001464844e-01
4.076926270499825478e-04 9.995923638343811035e-01
1.636677770875394344e-04 9.998363256454467773e-01
1.616391673451289535e-04 9.998383522033691406e-01
9.945139026967808604e-05 9.999005794525146484e-01
3.753734636120498180e-04 9.996246099472045898e-01
6.342813721857964993e-04 9.993657469749450684e-01
1.121663735830225050e-04 9.998878240585327148e-01
1.708235824480652809e-03 9.982917904853820801e-01
1.568824081914499402e-04 9.998431205749511719e-01
3.404807939659804106e-04 9.996595382690429688e-01
7.511665171477943659e-05 9.999248981475830078e-01
3.256316704209893942e-04 9.996744394302368164e-01
1.472717849537730217e-05 9.999852180480957031e-01
2.927009190898388624e-04 9.997072815895080566e-01
4.491415165830403566e-05 9.999550580978393555e-01
5.406349009717814624e-05 9.999458789825439453e-01
3.259040240664035082e-04 9.996740818023681641e-01
3.648494021035730839e-05 9.999635219573974609e-01
1.039157737977802753e-03 9.989608526229858398e-01
1.809273730032145977e-03 9.981907010078430176e-01
1.265840110136196017e-04 9.998733997344970703e-01
3.282933612354099751e-04 9.996716976165771484e-01
1.999336061999201775e-03 9.980006814002990723e-01
2.015488134929910302e-04 9.997984766960144043e-01
4.205473233014345169e-04 9.995794892311096191e-01
2.192253887187689543e-04 9.997808337211608887e-01
3.313923079986125231e-04 9.996685981750488281e-01
1.452469266951084137e-03 9.985474944114685059e-01
1.255305483937263489e-03 9.987446069717407227e-01
3.874554531648755074e-04 9.996126294136047363e-01
4.719340067822486162e-04 9.995280504226684570e-01
3.891905362252146006e-04 9.996108412742614746e-01
4.136462230235338211e-04 9.995864033699035645e-01
1.515965559519827366e-04 9.998483657836914062e-01
7.408828241750597954e-04 9.992590546607971191e-01
4.730717409984208643e-05 9.999526739120483398e-01
7.620545511599630117e-05 9.999238252639770508e-01
4.097635101061314344e-04 9.995902180671691895e-01
4.468239058041945100e-05 9.999552965164184570e-01
1.383739727316424251e-04 9.998615980148315430e-01
8.390372968278825283e-04 9.991610050201416016e-01
1.140282838605344296e-04 9.998859167098999023e-01
6.484153709607198834e-05 9.999351501464843750e-01
1.776934368535876274e-04 9.998223185539245605e-01
4.898215775028802454e-05 9.999510049819946289e-01
4.429014370543882251e-05 9.999556541442871094e-01
2.362067461945116520e-04 9.997637867927551270e-01
3.101382753811776638e-04 9.996899366378784180e-01
9.838879486778751016e-05 9.999016523361206055e-01
5.171911325305700302e-04 9.994827508926391602e-01
9.608113323338329792e-04 9.990391731262207031e-01
1.163960623671300709e-04 9.998835325241088867e-01
4.813531268155202270e-05 9.999518394470214844e-01
4.331523814471438527e-05 9.999567270278930664e-01
4.237192915752530098e-04 9.995762705802917480e-01
2.414691116428002715e-04 9.997585415840148926e-01
9.885629406198859215e-04 9.990113973617553711e-01
1.190516399219632149e-03 9.988094568252563477e-01
4.268561897333711386e-04 9.995731711387634277e-01
5.609593936242163181e-04 9.994390606880187988e-01
5.279345437884330750e-03 9.947206974029541016e-01
1.080392539734020829e-04 9.998919963836669922e-01
1.810707326512783766e-04 9.998189806938171387e-01
1.605415309313684702e-05 9.999839067459106445e-01
2.621603198349475861e-04 9.997377991676330566e-01
1.757060643285512924e-03 9.982429742813110352e-01
3.308206214569509029e-05 9.999668598175048828e-01
6.957747973501682281e-05 9.999303817749023438e-01
4.606856091413646936e-04 9.995393753051757812e-01
1.076709595508873463e-04 9.998923540115356445e-01
2.254165738122537732e-04 9.997746348381042480e-01
1.916604815050959587e-03 9.980833530426025391e-01
2.515450760256499052e-04 9.997484087944030762e-01
2.310013631358742714e-03 9.976899623870849609e-01
5.958407200523652136e-05 9.999403953552246094e-01
1.173239317722618580e-03 9.988268017768859863e-01
3.057092544622719288e-04 9.996943473815917969e-01
1.419447711668908596e-03 9.985805749893188477e-01
8.082183194346725941e-05 9.999191761016845703e-01
1.034493616316467524e-04 9.998965263366699219e-01
3.029975232493598014e-05 9.999697208404541016e-01
3.433101519476622343e-04 9.996566772460937500e-01
9.838269761530682445e-05 9.999016523361206055e-01
9.258819773094728589e-05 9.999073743820190430e-01
1.470920979045331478e-04 9.998528957366943359e-01
1.403251080773770809e-03 9.985967278480529785e-01
1.981328096007928252e-04 9.998019337654113770e-01
4.372482944745570421e-04 9.995626807212829590e-01
1.265576865989714861e-04 9.998733997344970703e-01
1.470262301154434681e-03 9.985296726226806641e-01
7.361499592661857605e-05 9.999263286590576172e-01
2.654326635820325464e-05 9.999734163284301758e-01
1.258910982869565487e-03 9.987410902976989746e-01
1.211361843161284924e-03 9.987886548042297363e-01
6.699314690195024014e-04 9.993300437927246094e-01
7.558840443380177021e-04 9.992440938949584961e-01
3.787403693422675133e-03 9.962126016616821289e-01
1.342474843113450333e-05 9.999865293502807617e-01
5.833840696141123772e-04 9.994165897369384766e-01
1.666742318775504827e-04 9.998333454132080078e-01
1.125504379160702229e-03 9.988744854927062988e-01
1.335928391199558973e-05 9.999866485595703125e-01
8.911381592042744160e-04 9.991088509559631348e-01
2.219551533926278353e-04 9.997780919075012207e-01
2.571763179730623960e-04 9.997428059577941895e-01
1.964686816791072488e-04 9.998036026954650879e-01
1.118167419917881489e-04 9.998881816864013672e-01
7.036342867650091648e-05 9.999296665191650391e-01
5.944405565969645977e-04 9.994056224822998047e-01
4.404852807056158781e-04 9.995594620704650879e-01
6.773545756004750729e-04 9.993226528167724609e-01
9.968461235985159874e-04 9.990032315254211426e-01
2.707727981032803655e-05 9.999729394912719727e-01
8.051716140471398830e-04 9.991948008537292480e-01
5.354803215595893562e-05 9.999464750289916992e-01
1.914928143378347158e-04 9.998084902763366699e-01
1.090742152882739902e-04 9.998909235000610352e-01
6.487654900411143899e-05 9.999351501464843750e-01
9.492379031144082546e-04 9.990507960319519043e-01
1.284639583900570869e-03 9.987154006958007812e-01
2.317284452146850526e-05 9.999768733978271484e-01
9.826615132624283433e-05 9.999017715454101562e-01
3.869132196996361017e-04 9.996131062507629395e-01
