3.687401488423347473e-02 9.631260037422180176e-01
5.196694135665893555e-01 4.803305268287658691e-01
1.556295249611139297e-02 9.844371080398559570e-01
5.238546729087829590e-01 4.761453270912170410e-01
9.480558335781097412e-02 9.051944613456726074e-01
2.722105197608470917e-02 9.727789163589477539e-01
1.602327972650527954e-01 8.397672176361083984e-01
2.015304416418075562e-01 7.984696030616760254e-01
1.417324095964431763e-01 8.582676053047180176e-01
1.332665383815765381e-01 8.667334914207458496e-01
2.163046896457672119e-01 7.836953401565551758e-01
1.524501144886016846e-01 8.475498557090759277e-01
1.329932957887649536e-01 8.670067191123962402e-01
6.307325512170791626e-02 9.369267821311950684e-01
1.845691353082656860e-01 8.154308795928955078e-01
2.417207509279251099e-01 7.582792043685913086e-01
6.211589649319648743e-02 9.378840923309326172e-01
1.184906810522079468e-01 8.815093040466308594e-01
7.913114875555038452e-02 9.208688735961914062e-01
2.201522141695022583e-01 7.798477411270141602e-01
3.987271338701248169e-02 9.601272940635681152e-01
2.399071156978607178e-01 7.600929141044616699e-01
6.276094168424606323e-02 9.372390508651733398e-01
4.284216165542602539e-01 5.715783834457397461e-01
2.158964872360229492e-01 7.841035723686218262e-01
9.865147471427917480e-01 1.348531618714332581e-02
1.054685655981302261e-02 9.894531965255737305e-01
6.997831463813781738e-01 3.002168536186218262e-01
1.303011178970336914e-01 8.696989417076110840e-01
8.313135504722595215e-01 1.686864644289016724e-01
9.946828484535217285e-01 5.317180883139371872e-03
1.241593286395072937e-01 8.758407235145568848e-01
7.728838920593261719e-02 9.227116703987121582e-01
8.706541359424591064e-02 9.129346013069152832e-01
1.285582631826400757e-01 8.714417219161987305e-01
2.201640605926513672e-02 9.779835343360900879e-01
4.748429637402296066e-03 9.952515363693237305e-01
8.989296108484268188e-02 9.101070761680603027e-01
9.239110350608825684e-01 7.608890533447265625e-02
9.408771060407161713e-03 9.905912280082702637e-01
3.850475549697875977e-01 6.149524450302124023e-01
4.814806580543518066e-02 9.518519043922424316e-01
4.789439588785171509e-02 9.521055817604064941e-01
8.701279759407043457e-01 1.298719793558120728e-01
1.819203048944473267e-02 9.818080067634582520e-01
6.596206128597259521e-02 9.340379834175109863e-01
1.996612399816513062e-01 8.003387451171875000e-01
3.717001155018806458e-02 9.628299474716186523e-01
2.697681784629821777e-01 7.302318215370178223e-01
7.251816391944885254e-01 2.748183310031890869e-01
2.499912828207015991e-01 7.500087618827819824e-01
1.605239063501358032e-01 8.394760489463806152e-01
2.517803609371185303e-01 7.482196688652038574e-01
9.649787098169326782e-02 9.035021066665649414e-01
7.059919238090515137e-01 2.940081059932708740e-01
2.698050625622272491e-02 9.730194807052612305e-01
1.827275007963180542e-02 9.817272424697875977e-01
4.001808762550354004e-01 5.998191237449645996e-01
9.633403420448303223e-01 3.665961325168609619e-02
1.690492630004882812e-01 8.309507369995117188e-01
8.588646054267883301e-01 1.411353647708892822e-01
2.983339428901672363e-01 7.016660571098327637e-01
1.140318438410758972e-01 8.859681487083435059e-01
3.746603429317474365e-01 6.253396868705749512e-01
2.363104671239852905e-01 7.636895179748535156e-01
1.460571289062500000e-01 8.539428710937500000e-01
2.908490411937236786e-02 9.709150791168212891e-01
2.161089777946472168e-01 7.838910222053527832e-01
1.560201048851013184e-01 8.439798951148986816e-01
6.941736489534378052e-02 9.305826425552368164e-01
1.149902120232582092e-01 8.850098252296447754e-01
5.275999903678894043e-01 4.724000096321105957e-01
2.675617039203643799e-01 7.324382662773132324e-01
5.607830286026000977e-01 4.392169713973999023e-01
7.731984555721282959e-02 9.226801991462707520e-01
7.789619565010070801e-01 2.210380285978317261e-01
2.027995437383651733e-01 7.972004413604736328e-01
5.840492844581604004e-01 4.159506857395172119e-01
2.412815690040588379e-01 7.587184309959411621e-01
9.839680194854736328e-01 1.603196002542972565e-02
5.518416762351989746e-01 4.481582939624786377e-01
1.644590198993682861e-01 8.355410099029541016e-01
1.102214604616165161e-01 8.897785544395446777e-01
1.664038300514221191e-01 8.335961699485778809e-01
4.190637171268463135e-01 5.809363126754760742e-01
1.813116371631622314e-01 8.186883926391601562e-01
9.445133209228515625e-01 5.548666790127754211e-02
1.579545438289642334e-02 9.842045903205871582e-01
8.526939153671264648e-02 9.147305488586425781e-01
9.826801419258117676e-01 1.731987856328487396e-02
5.418292880058288574e-01 4.581707119941711426e-01
9.712183475494384766e-01 2.878162078559398651e-02
9.696113467216491699e-01 3.038862720131874084e-02
2.232048958539962769e-01 7.767950892448425293e-01
3.429608941078186035e-01 6.570391058921813965e-01
2.827664278447628021e-02 9.717233777046203613e-01
4.777042269706726074e-01 5.222957730293273926e-01
2.451283782720565796e-01 7.548716664314270020e-01
1.184532493352890015e-01 8.815466761589050293e-01
9.519129395484924316e-01 4.808706417679786682e-02
1.887510865926742554e-01 8.112489581108093262e-01
3.840363025665283203e-01 6.159637570381164551e-01
8.646722435951232910e-01 1.353278160095214844e-01
6.005610525608062744e-02 9.399438500404357910e-01
3.479003161191940308e-02 9.652099609375000000e-01
5.252065509557723999e-02 9.474793672561645508e-01
4.242936372756958008e-01 5.757063627243041992e-01
2.764618396759033203e-01 7.235381603240966797e-01
8.591464161872863770e-02 9.140853881835937500e-01
3.209576010704040527e-01 6.790423989295959473e-01
9.251598119735717773e-01 7.484024018049240112e-02
8.110732436180114746e-01 1.889267563819885254e-01
6.058831140398979187e-02 9.394116401672363281e-01
4.961642250418663025e-02 9.503835439682006836e-01
1.850366592407226562e-02 9.814963936805725098e-01
1.424079984426498413e-01 8.575919866561889648e-01
6.114407181739807129e-01 3.885592520236968994e-01
3.000581264495849609e-01 6.999418735504150391e-01
2.448078617453575134e-02 9.755192399024963379e-01
2.363520674407482147e-02 9.763647913932800293e-01
6.013974919915199280e-02 9.398602247238159180e-01
1.633993089199066162e-01 8.366007208824157715e-01
9.201341122388839722e-02 9.079865217208862305e-01
4.755677282810211182e-01 5.244323015213012695e-01
3.253039717674255371e-01 6.746960282325744629e-01
4.934121370315551758e-01 5.065878033638000488e-01
9.705694913864135742e-01 2.943044714629650116e-02
2.388672716915607452e-02 9.761132597923278809e-01
6.727869510650634766e-01 3.272130489349365234e-01
8.006381988525390625e-02 9.199361801147460938e-01
4.013072848320007324e-01 5.986927151679992676e-01
1.385970413684844971e-01 8.614029288291931152e-01
1.981208026409149170e-01 8.018792271614074707e-01
5.609707832336425781e-01 4.390292465686798096e-01
3.911436721682548523e-02 9.608855843544006348e-01
8.955464512109756470e-02 9.104453921318054199e-01
2.658113241195678711e-01 7.341886758804321289e-01
3.326050341129302979e-01 6.673949360847473145e-01
7.775599956512451172e-01 2.224399894475936890e-01
7.751981019973754883e-01 2.248019278049468994e-01
7.003623247146606445e-02 9.299637675285339355e-01
2.693699300289154053e-01 7.306300997734069824e-01
7.911612987518310547e-01 2.088387310504913330e-01
1.262460369616746902e-02 9.873753786087036133e-01
5.575979873538017273e-02 9.442401528358459473e-01
5.048626065254211426e-01 4.951373636722564697e-01
8.766504377126693726e-02 9.123349785804748535e-01
1.129864677786827087e-01 8.870135545730590820e-01
2.906194031238555908e-01 7.093806266784667969e-01
7.536298781633377075e-02 9.246369600296020508e-01
6.359674036502838135e-02 9.364033341407775879e-01
9.047847241163253784e-02 9.095215201377868652e-01
1.914067566394805908e-02 9.808593392372131348e-01
8.713366389274597168e-01 1.286633908748626709e-01
5.628673434257507324e-01 4.371326863765716553e-01
6.716737151145935059e-02 9.328325986862182617e-01
1.242340207099914551e-01 8.757660388946533203e-01
6.154862418770790100e-02 9.384512901306152344e-01
4.342011511325836182e-01 5.657988786697387695e-01
9.905570745468139648e-01 9.442960843443870544e-03
7.357335090637207031e-02 9.264266490936279297e-01
2.417117543518543243e-02 9.758288264274597168e-01
1.343334745615720749e-02 9.865667223930358887e-01
2.946850657463073730e-01 7.053149342536926270e-01
9.895923137664794922e-01 1.040766108781099319e-02
2.682831287384033203e-01 7.317168712615966797e-01
2.501583695411682129e-01 7.498416304588317871e-01
1.124097034335136414e-01 8.875902891159057617e-01
1.490463763475418091e-01 8.509536385536193848e-01
9.297959804534912109e-01 7.020405679941177368e-02
6.487917900085449219e-02 9.351208209991455078e-01
7.141544669866561890e-02 9.285845160484313965e-01
1.179688330739736557e-02 9.882031083106994629e-01
3.475584983825683594e-01 6.524415016174316406e-01
9.194046854972839355e-01 8.059524744749069214e-02
3.965957462787628174e-02 9.603403806686401367e-01
2.765072882175445557e-01 7.234927415847778320e-01
8.754595369100570679e-02 9.124540686607360840e-01
2.692276239395141602e-01 7.307723760604858398e-01
1.040460169315338135e-01 8.959539532661437988e-01
9.907048344612121582e-01 9.295154362916946411e-03
5.535466074943542480e-01 4.464533627033233643e-01
4.792053624987602234e-02 9.520794153213500977e-01
9.845743775367736816e-01 1.542565412819385529e-02
8.422886580228805542e-02 9.157711267471313477e-01
9.229022264480590820e-01 7.709781080484390259e-02
4.244112670421600342e-01 5.755887031555175781e-01
4.128674566745758057e-01 5.871325135231018066e-01
8.404951542615890503e-02 9.159504771232604980e-01
2.034706473350524902e-01 7.965294122695922852e-01
1.018616631627082825e-01 8.981384038925170898e-01
3.406341001391410828e-02 9.659366011619567871e-01
2.233367599546909332e-02 9.776663780212402344e-01
4.371072351932525635e-01 5.628927350044250488e-01
2.889529429376125336e-02 9.711046814918518066e-01
4.255988299846649170e-01 5.744011402130126953e-01
3.256131112575531006e-01 6.743868589401245117e-01
2.538333535194396973e-01 7.461665868759155273e-01
3.496310710906982422e-01 6.503689289093017578e-01
9.305032491683959961e-01 6.949673593044281006e-02
2.910664975643157959e-01 7.089334726333618164e-01
1.236725971102714539e-01 8.763273954391479492e-01
1.327028274536132812e-01 8.672971129417419434e-01
1.858955174684524536e-01 8.141044378280639648e-01
1.775634735822677612e-01 8.224365711212158203e-01
1.410891115665435791e-01 8.589108586311340332e-01
5.549815297126770020e-01 4.450185000896453857e-01
9.778205156326293945e-01 2.217951416969299316e-02
2.182716876268386841e-02 9.781728386878967285e-01
4.401785135269165039e-02 9.559822082519531250e-01
2.016632072627544403e-02 9.798336625099182129e-01
1.848179101943969727e-01 8.151821494102478027e-01
3.904908150434494019e-02 9.609509706497192383e-01
2.307525463402271271e-02 9.769247770309448242e-01
5.712557956576347351e-02 9.428744912147521973e-01
1.694998890161514282e-02 9.830500483512878418e-01
3.248671069741249084e-02 9.675132632255554199e-01
3.631516396999359131e-01 6.368483901023864746e-01
1.162480637431144714e-01 8.837519288063049316e-01
9.219344705343246460e-02 9.078065156936645508e-01
1.565324813127517700e-01 8.434674739837646484e-01
3.073937073349952698e-02 9.692606925964355469e-01
1.313859075307846069e-01 8.686141371726989746e-01
3.282217979431152344e-01 6.717782020568847656e-01
9.916300177574157715e-01 8.370006456971168518e-03
1.537206321954727173e-01 8.462793827056884766e-01
7.851861119270324707e-01 2.148138880729675293e-01
9.754934906959533691e-01 2.450648322701454163e-02
1.713558435440063477e-01 8.286440968513488770e-01
8.894906044006347656e-01 1.105094477534294128e-01
1.944811195135116577e-01 8.055189251899719238e-01
1.102941706776618958e-01 8.897057771682739258e-01
3.540641069412231445e-01 6.459358930587768555e-01
5.990354716777801514e-02 9.400964975357055664e-01
6.067785024642944336e-01 3.932214975357055664e-01
6.206293702125549316e-01 3.793705999851226807e-01
9.846991896629333496e-01 1.530080661177635193e-02
2.357359826564788818e-01 7.642640471458435059e-01
2.136879600584506989e-02 9.786311388015747070e-01
8.715961873531341553e-02 9.128404259681701660e-01
4.369923770427703857e-01 5.630075931549072266e-01
9.230694770812988281e-01 7.693050801753997803e-02
6.218565106391906738e-01 3.781435191631317139e-01
5.881161093711853027e-01 4.118839204311370850e-01
1.721362397074699402e-02 9.827862977981567383e-01
3.554159700870513916e-01 6.445840597152709961e-01
2.783082127571105957e-01 7.216917872428894043e-01
2.997904121875762939e-01 7.002095580101013184e-01
3.547486150637269020e-03 9.964525699615478516e-01
6.462528109550476074e-01 3.537471890449523926e-01
8.797623962163925171e-02 9.120237231254577637e-01
9.362330287694931030e-02 9.063767194747924805e-01
2.665770947933197021e-01 7.334228754043579102e-01
4.892311692237854004e-01 5.107688307762145996e-01
3.139708638191223145e-01 6.860291361808776855e-01
1.560047119855880737e-01 8.439952731132507324e-01
3.347361385822296143e-01 6.652638316154479980e-01
3.781760856509208679e-02 9.621823430061340332e-01
9.491232037544250488e-01 5.087679252028465271e-02
1.172381639480590820e-01 8.827618956565856934e-01
1.147364377975463867e-01 8.852635622024536133e-01
2.591255120933055878e-02 9.740874171257019043e-01
5.731071531772613525e-02 9.426892399787902832e-01
2.950889058411121368e-02 9.704911112785339355e-01
1.622238159179687500e-01 8.377762436866760254e-01
3.210222721099853516e-01 6.789777278900146484e-01
3.713470697402954102e-01 6.286529302597045898e-01
5.063628405332565308e-02 9.493637084960937500e-01
2.272873744368553162e-02 9.772712588310241699e-01
5.349278077483177185e-02 9.465072751045227051e-01
4.733072593808174133e-02 9.526692628860473633e-01
1.116689387708902359e-02 9.888330698013305664e-01
5.308124050498008728e-02 9.469187259674072266e-01
8.257007002830505371e-01 1.742992699146270752e-01
7.280757278203964233e-02 9.271923899650573730e-01
4.500276148319244385e-01 5.499724149703979492e-01
4.107838869094848633e-01 5.892161726951599121e-01
3.439802527427673340e-01 6.560196876525878906e-01
4.184946045279502869e-02 9.581505656242370605e-01
6.098303794860839844e-01 3.901696205139160156e-01
1.399812847375869751e-01 8.600187301635742188e-01
9.214358031749725342e-02 9.078564643859863281e-01
8.780679106712341309e-01 1.219321042299270630e-01
1.339731365442276001e-01 8.660268783569335938e-01
9.561706185340881348e-01 4.382940009236335754e-02
2.282457798719406128e-01 7.717542052268981934e-01
3.950212597846984863e-01 6.049787402153015137e-01
4.018379747867584229e-01 5.981620550155639648e-01
6.155729666352272034e-02 9.384427070617675781e-01
7.808622717857360840e-02 9.219138026237487793e-01
1.503351628780364990e-01 8.496648073196411133e-01
2.980081737041473389e-01 7.019918560981750488e-01
9.761843681335449219e-01 2.381568215787410736e-02
3.762761056423187256e-01 6.237239241600036621e-01
2.041455172002315521e-02 9.795855283737182617e-01
1.597550697624683380e-02 9.840244650840759277e-01
7.905744910240173340e-01 2.094254940748214722e-01
8.231258392333984375e-02 9.176874160766601562e-01
1.565276831388473511e-01 8.434723019599914551e-01
7.988321781158447266e-02 9.201167821884155273e-01
1.736085303127765656e-02 9.826391935348510742e-01
1.069713607430458069e-01 8.930286169052124023e-01
4.475831985473632812e-02 9.552417397499084473e-01
2.231376767158508301e-01 7.768623828887939453e-01
4.245868623256683350e-01 5.754131078720092773e-01
1.226701661944389343e-01 8.773298859596252441e-01
4.924301430583000183e-02 9.507570266723632812e-01
8.019497245550155640e-02 9.198050498962402344e-01
9.106840938329696655e-02 9.089316129684448242e-01
6.070759519934654236e-02 9.392923712730407715e-01
6.015980243682861328e-01 3.984020054340362549e-01
2.411181777715682983e-01 7.588818073272705078e-01
6.095855236053466797e-01 3.904144763946533203e-01
1.226356159895658493e-02 9.877365231513977051e-01
6.269074976444244385e-02 9.373093247413635254e-01
6.002004817128181458e-02 9.399799704551696777e-01
2.031667530536651611e-01 7.968332767486572266e-01
8.744113147258758545e-02 9.125588536262512207e-01
9.378615617752075195e-01 6.213849037885665894e-02
3.678642213344573975e-01 6.321358084678649902e-01
5.376395210623741150e-02 9.462360739707946777e-01
2.700675427913665771e-01 7.299324870109558105e-01
2.651915252208709717e-01 7.348084449768066406e-01
5.418882891535758972e-02 9.458111524581909180e-01
5.922216549515724182e-02 9.407777786254882812e-01
2.865615785121917725e-01 7.134384512901306152e-01
1.172189787030220032e-01 8.827810287475585938e-01
2.241622060537338257e-01 7.758377790451049805e-01
5.493703484535217285e-02 9.450629949569702148e-01
7.468868046998977661e-03 9.925311207771301270e-01
7.938650995492935181e-02 9.206134676933288574e-01
5.621379986405372620e-02 9.437862634658813477e-01
6.349123716354370117e-01 3.650875985622406006e-01
9.728556275367736816e-01 2.714439108967781067e-02
9.788516163825988770e-02 9.021148085594177246e-01
3.457069993019104004e-01 6.542930006980895996e-01
7.702483981847763062e-02 9.229751229286193848e-01
3.907654583454132080e-01 6.092345714569091797e-01
7.306107878684997559e-01 2.693892121315002441e-01
6.173580139875411987e-02 9.382641911506652832e-01
9.843019247055053711e-01 1.569810882210731506e-02
1.395943667739629745e-02 9.860405921936035156e-01
6.555612385272979736e-02 9.344438314437866211e-01
9.794901013374328613e-01 2.050989679992198944e-02
7.969871163368225098e-01 2.030128538608551025e-01
3.448992222547531128e-02 9.655100107192993164e-01
6.806624680757522583e-02 9.319337606430053711e-01
2.018524110317230225e-01 7.981476187705993652e-01
2.735373675823211670e-01 7.264626622200012207e-01
9.975145012140274048e-02 9.002485871315002441e-01
4.760262966156005859e-01 5.239737629890441895e-01
7.446682453155517578e-02 9.255331754684448242e-01
8.486366271972656250e-02 9.151363372802734375e-01
4.197198748588562012e-01 5.802801251411437988e-01
1.147237643599510193e-01 8.852762579917907715e-01
2.065238952636718750e-01 7.934761047363281250e-01
6.760435104370117188e-01 3.239564895629882812e-01
3.234766125679016113e-01 6.765233874320983887e-01
9.057120978832244873e-02 9.094287157058715820e-01
9.898927807807922363e-02 9.010106921195983887e-01
1.870379149913787842e-01 8.129621148109436035e-01
8.361131548881530762e-01 1.638868153095245361e-01
5.314386636018753052e-02 9.468560814857482910e-01
1.094307824969291687e-01 8.905692100524902344e-01
1.287610456347465515e-02 9.871238470077514648e-01
9.023656845092773438e-01 9.763433039188385010e-02
5.977236852049827576e-02 9.402276873588562012e-01
4.378150701522827148e-01 5.621848702430725098e-01
3.933358192443847656e-02 9.606663584709167480e-01
2.036456018686294556e-02 9.796353578567504883e-01
3.455155789852142334e-01 6.544844508171081543e-01
7.994533330202102661e-02 9.200547337532043457e-01
7.916778922080993652e-01 2.083221375942230225e-01
3.935395926237106323e-02 9.606460332870483398e-01
8.688256144523620605e-01 1.311743557453155518e-01
6.157732605934143066e-01 3.842267096042633057e-01
4.974566698074340820e-01 5.025433301925659180e-01
5.699448585510253906e-01 4.300551116466522217e-01
9.131473302841186523e-01 8.685270696878433228e-02
3.458254784345626831e-02 9.654174447059631348e-01
1.025415137410163879e-01 8.974584937095642090e-01
2.698001265525817871e-02 9.730200171470642090e-01
6.973866820335388184e-01 3.026133477687835693e-01
1.009279191493988037e-01 8.990721106529235840e-01
1.931595951318740845e-01 8.068403601646423340e-01
2.469624131917953491e-01 7.530375719070434570e-01
5.377291701734066010e-03 9.946227073669433594e-01
5.389210209250450134e-02 9.461079239845275879e-01
2.096185684204101562e-01 7.903814315795898438e-01
1.345097422599792480e-01 8.654901981353759766e-01
3.520498424768447876e-02 9.647949934005737305e-01
1.891685575246810913e-01 8.108314275741577148e-01
2.659956365823745728e-02 9.734004139900207520e-01
7.978858351707458496e-01 2.021141797304153442e-01
8.550814539194107056e-02 9.144918322563171387e-01
9.909671545028686523e-02 9.009032845497131348e-01
4.176720678806304932e-01 5.823279619216918945e-01
4.506779015064239502e-01 5.493221282958984375e-01
3.430495783686637878e-02 9.656950831413269043e-01
6.017318964004516602e-01 3.982680737972259521e-01
1.881884336471557617e-01 8.118115663528442383e-01
1.258751451969146729e-01 8.741248250007629395e-01
5.631900578737258911e-02 9.436810016632080078e-01
4.614015519618988037e-01 5.385984778404235840e-01
1.482459306716918945e-01 8.517540693283081055e-01
3.304273188114166260e-01 6.695726513862609863e-01
4.861536920070648193e-01 5.138463377952575684e-01
2.874865829944610596e-01 7.125133872032165527e-01
3.238479048013687134e-02 9.676151275634765625e-01
1.492182165384292603e-01 8.507817983627319336e-01
9.139633178710937500e-02 9.086036682128906250e-01
6.429860740900039673e-02 9.357014298439025879e-01
6.328150629997253418e-02 9.367184638977050781e-01
1.038069948554039001e-01 8.961930274963378906e-01
7.587645649909973145e-01 2.412354946136474609e-01
4.371536076068878174e-01 5.628464221954345703e-01
4.331301450729370117e-01 5.668698549270629883e-01
3.098373115062713623e-01 6.901627182960510254e-01
2.164169447496533394e-03 9.978358149528503418e-01
1.178074777126312256e-01 8.821924924850463867e-01
8.702866733074188232e-02 9.129713177680969238e-01
1.488570272922515869e-01 8.511429429054260254e-01
6.119874864816665649e-02 9.388012886047363281e-01
9.888471364974975586e-01 1.115283370018005371e-02
1.546392440795898438e-01 8.453607559204101562e-01
3.040963113307952881e-01 6.959036588668823242e-01
9.090231060981750488e-01 9.097689390182495117e-02
1.299937218427658081e-01 8.700063228607177734e-01
1.153327450156211853e-01 8.846672773361206055e-01
4.148589372634887695e-01 5.851410627365112305e-01
4.836200177669525146e-02 9.516379833221435547e-01
4.651791155338287354e-01 5.348209142684936523e-01
1.148700248450040817e-02 9.885129928588867188e-01
6.433481723070144653e-02 9.356651902198791504e-01
1.496721990406513214e-02 9.850327968597412109e-01
1.548762023448944092e-01 8.451237678527832031e-01
5.038670301437377930e-01 4.961329996585845947e-01
1.984558999538421631e-01 8.015441298484802246e-01
8.230793476104736328e-01 1.769206821918487549e-01
6.484057903289794922e-01 3.515942096710205078e-01
2.304033786058425903e-01 7.695966362953186035e-01
1.708804816007614136e-01 8.291195034980773926e-01
3.798828125000000000e-01 6.201171875000000000e-01
5.315274596214294434e-01 4.684725105762481689e-01
8.896466344594955444e-02 9.110352993011474609e-01
2.166016101837158203e-01 7.833983898162841797e-01
4.558556675910949707e-01 5.441443920135498047e-01
9.966936111450195312e-01 3.306375117972493172e-03
4.066326916217803955e-01 5.933672785758972168e-01
4.925791546702384949e-02 9.507420063018798828e-01
4.090712964534759521e-02 9.590928554534912109e-01
5.671259164810180664e-01 4.328740835189819336e-01
8.182235360145568848e-01 1.817764341831207275e-01
3.607581183314323425e-02 9.639241695404052734e-01
7.596326991915702820e-03 9.924037456512451172e-01
2.647037208080291748e-01 7.352963089942932129e-01
8.205128908157348633e-01 1.794870793819427490e-01
9.009628295898437500e-01 9.903717786073684692e-02
5.754316225647926331e-02 9.424567818641662598e-01
6.836627125740051270e-01 3.163372576236724854e-01
4.501398205757141113e-01 5.498601198196411133e-01
5.766520500183105469e-01 4.233479797840118408e-01
2.654820382595062256e-01 7.345179915428161621e-01
1.597699075937271118e-01 8.402301073074340820e-01
2.340875752270221710e-02 9.765912294387817383e-01
8.651109337806701660e-01 1.348890066146850586e-01
7.270579338073730469e-01 2.729420959949493408e-01
8.727535605430603027e-01 1.272464692592620850e-01
4.294573962688446045e-01 5.705425739288330078e-01
3.342875838279724121e-01 6.657124757766723633e-01
2.543176412582397461e-01 7.456823587417602539e-01
1.161072105169296265e-01 8.838928341865539551e-01
1.842790991067886353e-01 8.157209157943725586e-01
1.433549355715513229e-02 9.856644868850708008e-01
9.255275726318359375e-01 7.447247207164764404e-02
3.525375127792358398e-01 6.474624872207641602e-01
5.574785470962524414e-01 4.425214827060699463e-01
2.067524194717407227e-01 7.932475805282592773e-01
5.844067335128784180e-01 4.155932664871215820e-01
3.127601444721221924e-01 6.872398257255554199e-01
5.471709370613098145e-01 4.528290033340454102e-01
1.429346352815628052e-01 8.570653796195983887e-01
1.028914153575897217e-01 8.971086144447326660e-01
2.309706509113311768e-01 7.690293192863464355e-01
8.580268621444702148e-01 1.419730782508850098e-01
4.469333589076995850e-01 5.530666708946228027e-01
4.636077582836151123e-02 9.536392092704772949e-01
2.010208368301391602e-02 9.798979163169860840e-01
5.365044623613357544e-02 9.463495612144470215e-01
4.184606373310089111e-01 5.815393924713134766e-01
1.172213908284902573e-02 9.882778525352478027e-01
1.041748449206352234e-01 8.958251476287841797e-01
1.891707628965377808e-01 8.108292222023010254e-01
1.289976537227630615e-01 8.710023760795593262e-01
5.886169672012329102e-01 4.113830029964447021e-01
3.412574157118797302e-02 9.658742547035217285e-01
9.975754618644714355e-01 2.424503443762660027e-03
9.104470610618591309e-01 8.955290913581848145e-02
3.701193928718566895e-01 6.298806667327880859e-01
1.651575863361358643e-01 8.348423838615417480e-01
7.772148400545120239e-02 9.222784638404846191e-01
2.723819017410278320e-01 7.276180982589721680e-01
3.875719308853149414e-01 6.124280691146850586e-01
2.747152559459209442e-02 9.725285172462463379e-01
8.052928000688552856e-02 9.194707274436950684e-01
1.838531792163848877e-01 8.161467909812927246e-01
3.624564036726951599e-02 9.637544155120849609e-01
8.162878453731536865e-03 9.918370842933654785e-01
7.257892489433288574e-01 2.742108106613159180e-01
1.348517648875713348e-02 9.865148663520812988e-01
3.675913512706756592e-01 6.324086785316467285e-01
6.910389661788940430e-01 3.089609742164611816e-01
6.304619461297988892e-02 9.369537830352783203e-01
4.301261156797409058e-02 9.569873809814453125e-01
2.363847792148590088e-01 7.636152505874633789e-01
3.568503260612487793e-02 9.643149971961975098e-01
1.998428106307983398e-01 8.001571893692016602e-01
5.009678006172180176e-01 4.990321993827819824e-01
2.498994320631027222e-01 7.501005530357360840e-01
5.927653610706329346e-02 9.407234787940979004e-01
2.342023886740207672e-02 9.765797257423400879e-01
6.288062930107116699e-01 3.711937367916107178e-01
1.346311420202255249e-01 8.653688430786132812e-01
7.308301329612731934e-01 2.691698372364044189e-01
7.050000429153442383e-01 2.949999868869781494e-01
8.436098098754882812e-01 1.563902348279953003e-01
9.321511536836624146e-02 9.067848920822143555e-01
9.099463820457458496e-01 9.005359560251235962e-02
3.570296987891197205e-02 9.642970561981201172e-01
4.038973525166511536e-02 9.596102833747863770e-01
5.647971034049987793e-01 4.352028667926788330e-01
6.714676618576049805e-01 3.285323083400726318e-01
8.360007405281066895e-01 1.639992147684097290e-01
9.300704300403594971e-02 9.069929122924804688e-01
3.822868317365646362e-02 9.617713093757629395e-01
3.810927271842956543e-02 9.618907570838928223e-01
7.136365771293640137e-01 2.863634228706359863e-01
6.730961054563522339e-02 9.326903820037841797e-01
4.102454483509063721e-01 5.897545218467712402e-01
1.658851057291030884e-01 8.341149091720581055e-01
2.646487765014171600e-02 9.735351800918579102e-01
1.150358021259307861e-01 8.849641680717468262e-01
5.174113437533378601e-03 9.948258996009826660e-01
9.606076478958129883e-01 3.939241915941238403e-02
1.036312803626060486e-01 8.963688015937805176e-01
3.495416641235351562e-01 6.504583954811096191e-01
7.421389967203140259e-02 9.257860779762268066e-01
1.340514123439788818e-01 8.659486174583435059e-01
2.534074336290359497e-02 9.746593236923217773e-01
1.448751091957092285e-01 8.551248311996459961e-01
1.600099951028823853e-01 8.399900197982788086e-01
7.229316234588623047e-01 2.770683467388153076e-01
5.266146659851074219e-01 4.733853638172149658e-01
2.526625692844390869e-01 7.473374605178833008e-01
9.847442060708999634e-02 9.015255570411682129e-01
3.509750366210937500e-01 6.490250229835510254e-01
6.993563473224639893e-02 9.300643801689147949e-01
5.141004920005798340e-01 4.858995079994201660e-01
1.552303321659564972e-02 9.844769239425659180e-01
1.099325045943260193e-01 8.900674581527709961e-01
4.340088069438934326e-01 5.659911632537841797e-01
2.080125967040657997e-03 9.979198575019836426e-01
9.795949608087539673e-02 9.020405411720275879e-01
4.404400289058685303e-02 9.559560418128967285e-01
7.586041837930679321e-02 9.241395592689514160e-01
8.088094592094421387e-01 1.911905109882354736e-01
3.787167072296142578e-01 6.212832927703857422e-01
1.468502432107925415e-01 8.531497716903686523e-01
2.390065789222717285e-01 7.609933614730834961e-01
8.816470950841903687e-02 9.118353724479675293e-01
1.826432496309280396e-01 8.173568248748779297e-01
9.280357360839843750e-01 7.196429371833801270e-02
7.912542670965194702e-02 9.208745360374450684e-01
5.380306392908096313e-02 9.461969137191772461e-01
6.570973992347717285e-01 3.429026305675506592e-01
9.759781360626220703e-01 2.402189001441001892e-02
4.919669032096862793e-02 9.508033394813537598e-01
5.859528779983520508e-01 4.140470921993255615e-01
1.325132250785827637e-01 8.674868345260620117e-01
9.876559972763061523e-01 1.234394498169422150e-02
6.360758543014526367e-01 3.639241158962249756e-01
8.717331290245056152e-02 9.128267168998718262e-01
5.747643485665321350e-02 9.425235986709594727e-01
3.166131302714347839e-02 9.683387279510498047e-01
9.481449127197265625e-01 5.185507610440254211e-02
2.883039787411689758e-02 9.711696505546569824e-01
6.231097579002380371e-01 3.768902122974395752e-01
1.628725975751876831e-01 8.371273875236511230e-01
6.827995181083679199e-02 9.317200183868408203e-01
2.695504724979400635e-01 7.304494976997375488e-01
8.489308953285217285e-01 1.510690599679946899e-01
8.592299818992614746e-01 1.407700031995773315e-01
1.075559183955192566e-01 8.924440145492553711e-01
2.706216275691986084e-01 7.293783426284790039e-01
2.585091888904571533e-01 7.414908409118652344e-01
3.384743258357048035e-02 9.661525487899780273e-01
1.821069270372390747e-01 8.178931474685668945e-01
4.911688566207885742e-01 5.088311433792114258e-01
9.597520530223846436e-02 9.040247797966003418e-01
9.243111610412597656e-01 7.568881660699844360e-02
3.401124775409698486e-01 6.598875522613525391e-01
3.557466715574264526e-02 9.644253253936767578e-01
5.795815587043762207e-02 9.420418739318847656e-01
6.743913050740957260e-03 9.932560920715332031e-01
1.262697279453277588e-01 8.737303018569946289e-01
9.593185782432556152e-01 4.068141430616378784e-02
7.509630918502807617e-02 9.249036908149719238e-01
1.243671774864196777e-01 8.756328225135803223e-01
8.998013734817504883e-01 1.001986339688301086e-01
7.981054782867431641e-01 2.018945366144180298e-01
2.782506942749023438e-01 7.217493057250976562e-01
8.013803511857986450e-02 9.198620319366455078e-01
1.233727484941482544e-02 9.876627922058105469e-01
2.199597842991352081e-02 9.780039787292480469e-01
1.264255195856094360e-01 8.735744357109069824e-01
2.360155619680881500e-02 9.763984084129333496e-01
2.310197651386260986e-01 7.689802050590515137e-01
3.347695469856262207e-01 6.652304530143737793e-01
1.851500710472464561e-03 9.981485605239868164e-01
1.338930875062942505e-01 8.661068677902221680e-01
2.054161578416824341e-01 7.945838570594787598e-01
2.609097957611083984e-02 9.739090800285339355e-01
3.813736513257026672e-02 9.618626236915588379e-01
3.864414095878601074e-01 6.135586500167846680e-01
4.904493093490600586e-01 5.095506906509399414e-01
1.765209287405014038e-01 8.234790563583374023e-01
2.155543863773345947e-01 7.844455838203430176e-01
5.648890137672424316e-02 9.435110688209533691e-01
9.618404507637023926e-01 3.815954178571701050e-02
4.785391390323638916e-01 5.214608907699584961e-01
5.802327990531921387e-01 4.197671711444854736e-01
6.468812376260757446e-02 9.353118538856506348e-01
5.652787685394287109e-01 4.347212612628936768e-01
4.164326936006546021e-02 9.583567976951599121e-01
3.063243441283702850e-02 9.693675041198730469e-01
6.589612457901239395e-03 9.934104084968566895e-01
9.722221642732620239e-02 9.027778506278991699e-01
6.281019449234008789e-01 3.718980848789215088e-01
4.802373647689819336e-01 5.197626352310180664e-01
9.124142527580261230e-01 8.758579194545745850e-02
9.065870046615600586e-01 9.341300278902053833e-02
9.514694809913635254e-01 4.853048920631408691e-02
1.915443688631057739e-01 8.084555864334106445e-01
1.343028843402862549e-01 8.656970858573913574e-01
3.134268522262573242e-01 6.865730881690979004e-01
5.001977682113647461e-01 4.998022019863128662e-01
5.545515194535255432e-02 9.445449113845825195e-01
3.412483036518096924e-01 6.587516665458679199e-01
8.665601611137390137e-01 1.334398835897445679e-01
7.366727292537689209e-02 9.263327121734619141e-01
9.695884585380554199e-02 9.030411839485168457e-01
4.459394514560699463e-02 9.554060101509094238e-01
1.458301395177841187e-01 8.541698455810546875e-01
1.775133162736892700e-01 8.224866390228271484e-01
9.584190845489501953e-01 4.158092290163040161e-02
6.198346614837646484e-02 9.380165338516235352e-01
1.666215360164642334e-01 8.333784341812133789e-01
9.387139678001403809e-01 6.128605082631111145e-02
3.093597292900085449e-01 6.906402707099914551e-01
7.856581360101699829e-02 9.214342236518859863e-01
3.728402033448219299e-02 9.627159237861633301e-01
7.744806408882141113e-01 2.255193442106246948e-01
3.226157650351524353e-02 9.677383899688720703e-01
3.011531829833984375e-01 6.988468170166015625e-01
1.273354142904281616e-02 9.872664809226989746e-01
3.760109469294548035e-02 9.623989462852478027e-01
8.775805681943893433e-02 9.122418761253356934e-01
9.703042358160018921e-02 9.029695391654968262e-01
1.981617510318756104e-01 8.018382191658020020e-01
1.239061653614044189e-01 8.760938048362731934e-01
2.195700407028198242e-01 7.804299592971801758e-01
3.148685768246650696e-02 9.685131311416625977e-01
4.161768034100532532e-02 9.583823084831237793e-01
5.094430409371852875e-03 9.949055910110473633e-01
9.632481336593627930e-01 3.675192221999168396e-02
1.980253309011459351e-02 9.801974296569824219e-01
9.357182681560516357e-02 9.064280986785888672e-01
3.864149376749992371e-02 9.613585472106933594e-01
6.714676618576049805e-01 3.285323083400726318e-01
1.144354343414306641e-01 8.855645656585693359e-01
7.010604441165924072e-02 9.298939704895019531e-01
3.493613600730895996e-01 6.506385803222656250e-01
8.874471187591552734e-01 1.125528365373611450e-01
9.013761281967163086e-01 9.862386435270309448e-02
1.783921383321285248e-02 9.821608066558837891e-01
1.242708265781402588e-01 8.757291436195373535e-01
1.726213544607162476e-01 8.273786306381225586e-01
3.308630883693695068e-01 6.691368818283081055e-01
4.284485280513763428e-01 5.715514421463012695e-01
1.494646165519952774e-02 9.850535988807678223e-01
4.593614339828491211e-01 5.406385660171508789e-01
1.086283102631568909e-02 9.891371130943298340e-01
2.293177992105484009e-01 7.706821560859680176e-01
5.574581027030944824e-01 4.425419569015502930e-01
5.906065702438354492e-01 4.093934595584869385e-01
5.508484840393066406e-01 4.491514861583709717e-01
6.218565106391906738e-01 3.781435191631317139e-01
4.370967149734497070e-01 5.629032850265502930e-01
9.412509202957153320e-02 9.058749079704284668e-01
7.781748473644256592e-02 9.221825003623962402e-01
7.100847363471984863e-01 2.899152338504791260e-01
3.169928789138793945e-01 6.830071210861206055e-01
1.153007447719573975e-01 8.846992850303649902e-01
8.024861216545104980e-01 1.975138485431671143e-01
4.473727345466613770e-01 5.526272654533386230e-01
6.941590458154678345e-02 9.305840730667114258e-01
2.812654972076416016e-01 7.187344431877136230e-01
5.440415143966674805e-01 4.559584856033325195e-01
2.403484880924224854e-01 7.596514821052551270e-01
1.847346872091293335e-02 9.815265536308288574e-01
1.100161001086235046e-01 8.899838924407958984e-01
1.641565263271331787e-01 8.358435034751892090e-01
5.891317725181579590e-01 4.108682274818420410e-01
5.214089155197143555e-01 4.785910546779632568e-01
8.751400560140609741e-02 9.124860167503356934e-01
1.217741668224334717e-01 8.782258629798889160e-01
8.198933303356170654e-02 9.180106520652770996e-01
6.339265704154968262e-01 3.660734295845031738e-01
1.079947277903556824e-01 8.920053243637084961e-01
1.601905822753906250e-01 8.398094773292541504e-01
8.536504954099655151e-02 9.146349430084228516e-01
1.164773032069206238e-01 8.835226893424987793e-01
8.943703025579452515e-02 9.105629920959472656e-01
1.005906388163566589e-01 8.994094133377075195e-01
3.308022916316986084e-01 6.691976785659790039e-01
4.219906926155090332e-01 5.780093073844909668e-01
6.521311402320861816e-02 9.347868561744689941e-01
9.860428422689437866e-02 9.013956785202026367e-01
1.698117107152938843e-01 8.301883339881896973e-01
1.004394069314002991e-01 8.995606303215026855e-01
8.164948783814907074e-03 9.918351173400878906e-01
3.421778604388237000e-02 9.657822847366333008e-01
4.367141798138618469e-02 9.563285708427429199e-01
1.492467075586318970e-01 8.507533073425292969e-01
1.805034279823303223e-01 8.194965720176696777e-01
9.203776717185974121e-02 9.079622626304626465e-01
1.531249284744262695e-02 9.846875071525573730e-01
1.542789340019226074e-01 8.457211256027221680e-01
8.428115844726562500e-01 1.571884602308273315e-01
1.772259771823883057e-01 8.227739930152893066e-01
6.771431863307952881e-02 9.322857260704040527e-01
1.986179128289222717e-02 9.801382422447204590e-01
4.163222610950469971e-01 5.836777091026306152e-01
5.498709082603454590e-01 4.501291513442993164e-01
1.108841225504875183e-01 8.891158699989318848e-01
2.044966518878936768e-01 7.955033183097839355e-01
2.206799983978271484e-01 7.793200016021728516e-01
4.850715398788452148e-02 9.514927864074707031e-01
8.923363685607910156e-01 1.076636239886283875e-01
1.507635265588760376e-01 8.492364883422851562e-01
5.713879466056823730e-01 4.286120831966400146e-01
1.916004866361618042e-01 8.083994984626770020e-01
3.624746203422546387e-02 9.637525081634521484e-01
1.064562723040580750e-01 8.935437202453613281e-01
3.637762665748596191e-01 6.362236738204956055e-01
4.773354828357696533e-01 5.226644873619079590e-01
1.522333323955535889e-01 8.477666974067687988e-01
9.467016458511352539e-01 5.329838022589683533e-02
8.802667856216430664e-01 1.197331547737121582e-01
1.817165762186050415e-01 8.182834386825561523e-01
5.338500738143920898e-01 4.661499559879302979e-01
1.850332170724868774e-01 8.149667978286743164e-01
1.796641498804092407e-01 8.203358054161071777e-01
1.313799768686294556e-01 8.686200976371765137e-01
2.744087250903248787e-03 9.972559809684753418e-01
2.176623344421386719e-01 7.823376655578613281e-01
1.953713297843933105e-01 8.046286702156066895e-01
6.192004084587097168e-01 3.807995915412902832e-01
9.301273524761199951e-02 9.069872498512268066e-01
1.758722215890884399e-02 9.824128150939941406e-01
6.516788899898529053e-02 9.348320364952087402e-01
2.280710935592651367e-01 7.719288468360900879e-01
2.666610851883888245e-02 9.733338952064514160e-01
5.478217452764511108e-02 9.452178478240966797e-01
9.437605142593383789e-01 5.623951181769371033e-02
1.790842786431312561e-02 9.820916056632995605e-01
2.926501631736755371e-01 7.073498368263244629e-01
3.226734399795532227e-01 6.773265600204467773e-01
1.054074689745903015e-01 8.945924639701843262e-01
6.630005836486816406e-01 3.369994461536407471e-01
1.951152235269546509e-01 8.048847913742065430e-01
3.745151683688163757e-02 9.625484943389892578e-01
2.011007815599441528e-01 7.988992333412170410e-01
3.005235455930233002e-02 9.699476957321166992e-01
1.819020323455333710e-02 9.818097352981567383e-01
6.909542083740234375e-01 3.090457320213317871e-01
8.071237802505493164e-01 1.928761750459671021e-01
3.476040661334991455e-01 6.523959636688232422e-01
2.985198423266410828e-02 9.701480269432067871e-01
5.703793764114379883e-01 4.296206831932067871e-01
2.502028942108154297e-01 7.497970461845397949e-01
7.174175977706909180e-01 2.825824618339538574e-01
3.743210136890411377e-01 6.256789565086364746e-01
4.841230437159538269e-02 9.515876770019531250e-01
1.369866281747817993e-01 8.630133271217346191e-01
4.370616376399993896e-01 5.629383921623229980e-01
4.284218847751617432e-01 5.715781450271606445e-01
4.461554884910583496e-01 5.538445115089416504e-01
4.738050326704978943e-02 9.526194930076599121e-01
1.783275008201599121e-01 8.216724991798400879e-01
1.425031423568725586e-01 8.574968576431274414e-01
7.279852628707885742e-01 2.720147371292114258e-01
9.115150570869445801e-02 9.088485240936279297e-01
6.111050024628639221e-02 9.388895034790039062e-01
4.179191291332244873e-01 5.820809006690979004e-01
5.585156679153442383e-01 4.414843022823333740e-01
2.118466645479202271e-01 7.881533503532409668e-01
9.462674260139465332e-01 5.373258516192436218e-02
5.495510995388031006e-02 9.450449347496032715e-01
1.397197395563125610e-01 8.602802157402038574e-01
7.784854173660278320e-01 2.215145677328109741e-01
1.198132261633872986e-01 8.801867961883544922e-01
2.871647775173187256e-01 7.128352522850036621e-01
9.949492216110229492e-01 5.050812847912311554e-03
4.325304552912712097e-02 9.567469358444213867e-01
5.282268524169921875e-01 4.717731475830078125e-01
3.298820853233337402e-01 6.701178550720214844e-01
6.978640556335449219e-01 3.021359443664550781e-01
1.194735988974571228e-01 8.805264234542846680e-01
8.413293361663818359e-01 1.586706787347793579e-01
7.878723740577697754e-02 9.212127923965454102e-01
7.162236571311950684e-01 2.837762832641601562e-01
7.083741426467895508e-01 2.916257977485656738e-01
1.896610260009765625e-01 8.103389739990234375e-01
8.617730811238288879e-03 9.913823008537292480e-01
4.950158596038818359e-01 5.049840807914733887e-01
5.467281341552734375e-01 4.532718658447265625e-01
4.266464710235595703e-02 9.573353528976440430e-01
2.416370511054992676e-01 7.583629488945007324e-01
6.359725594520568848e-01 3.640273809432983398e-01
9.454956278204917908e-03 9.905450344085693359e-01
6.673662662506103516e-01 3.326337337493896484e-01
6.602949649095535278e-02 9.339704513549804688e-01
1.675326973199844360e-01 8.324672579765319824e-01
8.955656737089157104e-02 9.104434251785278320e-01
1.746965199708938599e-01 8.253034353256225586e-01
4.376690387725830078e-01 5.623309612274169922e-01
7.029162049293518066e-01 2.970838248729705811e-01
8.784727752208709717e-02 9.121527075767517090e-01
1.188592314720153809e-01 8.811407685279846191e-01
2.974420189857482910e-01 7.025579810142517090e-01
7.289671339094638824e-03 9.927103519439697266e-01
5.064964294433593750e-01 4.935035705566406250e-01
3.390884399414062500e-01 6.609115600585937500e-01
1.364906430244445801e-01 8.635093569755554199e-01
2.683502621948719025e-02 9.731649756431579590e-01
1.818383634090423584e-01 8.181616663932800293e-01
1.525446027517318726e-01 8.474554419517517090e-01
7.460494041442871094e-01 2.539505958557128906e-01
5.549154058098793030e-02 9.445084333419799805e-01
1.467610895633697510e-02 9.853238463401794434e-01
1.770866662263870239e-01 8.229132890701293945e-01
1.311997771263122559e-01 8.688001632690429688e-01
9.343241453170776367e-01 6.567586958408355713e-02
1.518875211477279663e-01 8.481124639511108398e-01
2.246498763561248779e-01 7.753501534461975098e-01
2.335101664066314697e-01 7.664898037910461426e-01
3.897830098867416382e-02 9.610216617584228516e-01
1.854456663131713867e-01 8.145543336868286133e-01
3.729349374771118164e-01 6.270650625228881836e-01
2.312004417181015015e-01 7.687995433807373047e-01
1.318270713090896606e-01 8.681729435920715332e-01
5.026476979255676270e-01 4.973522722721099854e-01
7.516279220581054688e-01 2.483721226453781128e-01
9.362796545028686523e-01 6.372037529945373535e-02
7.894074916839599609e-01 2.105925083160400391e-01
9.098178148269653320e-02 9.090181589126586914e-01
2.198732793331146240e-01 7.801266908645629883e-01
5.813208967447280884e-02 9.418678879737854004e-01
4.864277690649032593e-02 9.513573050498962402e-01
1.836073398590087891e-01 8.163927197456359863e-01
8.456375449895858765e-02 9.154362082481384277e-01
1.188344135880470276e-01 8.811655640602111816e-01
1.974842846393585205e-01 8.025157451629638672e-01
9.163902699947357178e-02 9.083609580993652344e-01
3.764023259282112122e-02 9.623597264289855957e-01
3.755997493863105774e-02 9.624400138854980469e-01
9.799012541770935059e-02 9.020099043846130371e-01
9.556559845805168152e-03 9.904434084892272949e-01
2.982263863086700439e-01 7.017735838890075684e-01
6.728227734565734863e-01 3.271771669387817383e-01
7.629324197769165039e-01 2.370676100254058838e-01
2.414852976799011230e-01 7.585147023200988770e-01
1.876015365123748779e-01 8.123984932899475098e-01
2.800793349742889404e-01 7.199206948280334473e-01
4.389657452702522278e-02 9.561034440994262695e-01
5.156250298023223877e-02 9.484374523162841797e-01
5.504124760627746582e-01 4.495875239372253418e-01
1.088955700397491455e-01 8.911044597625732422e-01
3.971487656235694885e-02 9.602851271629333496e-01
4.136680662631988525e-01 5.863319039344787598e-01
4.051491320133209229e-01 5.948508381843566895e-01
9.904519319534301758e-01 9.548101574182510376e-03
4.940316081047058105e-02 9.505968093872070312e-01
5.820126086473464966e-02 9.417987465858459473e-01
1.555420160293579102e-01 8.444579243659973145e-01
6.865133345127105713e-02 9.313486814498901367e-01
4.530377686023712158e-02 9.546961784362792969e-01
2.865180373191833496e-01 7.134819030761718750e-01
2.822668850421905518e-02 9.717733263969421387e-01
3.998165950179100037e-02 9.600183963775634766e-01
2.449727430939674377e-02 9.755026698112487793e-01
5.269451066851615906e-02 9.473055005073547363e-01
6.010230779647827148e-01 3.989768624305725098e-01
6.622943282127380371e-02 9.337705373764038086e-01
7.563011050224304199e-01 2.436988949775695801e-01
2.009447216987609863e-01 7.990552186965942383e-01
4.425726458430290222e-02 9.557426571846008301e-01
9.173019975423812866e-02 9.082697629928588867e-01
1.613586843013763428e-01 8.386413455009460449e-01
1.331241726875305176e-01 8.668758273124694824e-01
9.888807535171508789e-01 1.111929211765527725e-02
5.688484311103820801e-01 4.311515688896179199e-01
8.168372511863708496e-02 9.183163046836853027e-01
4.438310116529464722e-02 9.556169509887695312e-01
4.823004901409149170e-01 5.176994800567626953e-01
2.443431466817855835e-01 7.556568384170532227e-01
1.717886775732040405e-01 8.282113075256347656e-01
2.442006170749664307e-01 7.557993531227111816e-01
6.161829233169555664e-01 3.838170468807220459e-01
8.406065702438354492e-01 1.593934446573257446e-01
1.011032834649085999e-01 8.988966941833496094e-01
5.614974349737167358e-02 9.438502788543701172e-01
1.918931305408477783e-01 8.081068396568298340e-01
8.788481354713439941e-02 9.121152162551879883e-01
1.297690868377685547e-01 8.702308535575866699e-01
1.786120682954788208e-01 8.213878870010375977e-01
5.415115356445312500e-01 4.584884941577911377e-01
4.017149507999420166e-01 5.982850193977355957e-01
4.456079900264739990e-01 5.543920397758483887e-01
1.443662643432617188e-01 8.556337952613830566e-01
1.490332931280136108e-01 8.509666323661804199e-01
9.696802496910095215e-02 9.030319452285766602e-01
3.272595107555389404e-01 6.727405190467834473e-01
3.658513426780700684e-01 6.341486573219299316e-01
1.469358652830123901e-01 8.530641198158264160e-01
8.895915746688842773e-02 9.110408425331115723e-01
1.124950572848320007e-01 8.875049352645874023e-01
4.860039651393890381e-01 5.139960050582885742e-01
1.433097124099731445e-01 8.566902279853820801e-01
9.507826566696166992e-01 4.921731352806091309e-02
2.166341394186019897e-01 7.833658456802368164e-01
2.086900174617767334e-01 7.913100123405456543e-01
7.103578448295593262e-01 2.896421551704406738e-01
1.009431630373001099e-01 8.990567922592163086e-01
1.545326262712478638e-01 8.454673886299133301e-01
2.330076396465301514e-01 7.669923901557922363e-01
4.088219255208969116e-02 9.591177701950073242e-01
7.258706688880920410e-01 2.741293311119079590e-01
3.473093360662460327e-02 9.652690291404724121e-01
6.106081418693065643e-03 9.938939213752746582e-01
3.208312392234802246e-01 6.791687607765197754e-01
2.120855599641799927e-01 7.879143953323364258e-01
7.690831273794174194e-02 9.230917096138000488e-01
9.381252527236938477e-01 6.187479570508003235e-02
9.938216954469680786e-02 9.006177783012390137e-01
8.362801074981689453e-01 1.637198776006698608e-01
5.223723873496055603e-02 9.477627277374267578e-01
2.406778372824192047e-02 9.759322404861450195e-01
7.999215722084045410e-01 2.000784426927566528e-01
1.528814882040023804e-01 8.471184968948364258e-01
9.458202868700027466e-02 9.054179787635803223e-01
2.986041307449340820e-01 7.013959288597106934e-01
5.133248493075370789e-02 9.486675262451171875e-01
8.391052484512329102e-01 1.608947515487670898e-01
2.014422565698623657e-01 7.985577583312988281e-01
1.302515268325805664e-01 8.697484135627746582e-01
1.066187396645545959e-01 8.933812975883483887e-01
7.494140863418579102e-01 2.505858838558197021e-01
7.202201336622238159e-02 9.279779791831970215e-01
3.907330036163330078e-01 6.092670559883117676e-01
8.738144487142562866e-02 9.126185178756713867e-01
8.010897040367126465e-02 9.198910593986511230e-01
6.427609920501708984e-02 9.357239603996276855e-01
7.502645254135131836e-01 2.497354596853256226e-01
1.023314669728279114e-01 8.976684808731079102e-01
1.996495015919208527e-02 9.800350666046142578e-01
6.465245038270950317e-02 9.353474974632263184e-01
9.743457436561584473e-01 2.565432153642177582e-02
6.799344420433044434e-01 3.200655877590179443e-01
4.434665739536285400e-01 5.565333962440490723e-01
6.016021966934204102e-01 3.983978033065795898e-01
4.311542212963104248e-02 9.568845629692077637e-01
9.712315201759338379e-01 2.876845933496952057e-02
9.539825469255447388e-02 9.046017527580261230e-01
5.284673348069190979e-02 9.471532702445983887e-01
4.263530075550079346e-01 5.736469626426696777e-01
1.820624172687530518e-01 8.179375529289245605e-01
4.692665114998817444e-02 9.530732631683349609e-01
1.231381744146347046e-01 8.768618106842041016e-01
7.871430367231369019e-02 9.212856292724609375e-01
6.589723229408264160e-01 3.410277366638183594e-01
1.413352042436599731e-01 8.586648106575012207e-01
4.249840676784515381e-01 5.750159621238708496e-01
2.060404121875762939e-01 7.939596176147460938e-01
6.183670759201049805e-01 3.816328942775726318e-01
2.432643473148345947e-01 7.567356824874877930e-01
3.609459474682807922e-02 9.639054536819458008e-01
7.557848468422889709e-03 9.924421310424804688e-01
9.306242465972900391e-01 6.937570124864578247e-02
6.846025586128234863e-01 3.153974711894989014e-01
4.432760477066040039e-01 5.567239522933959961e-01
9.924693703651428223e-01 7.530682720243930817e-03
3.171738609671592712e-02 9.682826399803161621e-01
1.778730452060699463e-01 8.221269845962524414e-01
1.351233124732971191e-01 8.648766279220581055e-01
4.661529511213302612e-02 9.533846974372863770e-01
9.177193045616149902e-01 8.228073269128799438e-02
4.397611320018768311e-02 9.560239315032958984e-01
4.917339980602264404e-02 9.508266448974609375e-01
2.767564654350280762e-01 7.232435345649719238e-01
3.444973751902580261e-02 9.655502438545227051e-01
4.307640343904495239e-02 9.569236636161804199e-01
2.194187939167022705e-01 7.805811762809753418e-01
2.439596354961395264e-01 7.560403347015380859e-01
5.176105499267578125e-01 4.823893904685974121e-01
5.713861584663391113e-01 4.286138415336608887e-01
1.636891663074493408e-01 8.363108038902282715e-01
3.018121421337127686e-01 6.981878876686096191e-01
8.429853320121765137e-01 1.570146828889846802e-01
1.193017810583114624e-01 8.806982040405273438e-01
7.731984555721282959e-02 9.226801991462707520e-01
4.971631765365600586e-01 5.028368830680847168e-01
9.971573948860168457e-02 9.002842307090759277e-01
1.501251310110092163e-01 8.498748540878295898e-01
1.505710631608963013e-01 8.494289517402648926e-01
6.699462234973907471e-02 9.330053329467773438e-01
3.004647195339202881e-01 6.995353102684020996e-01
5.420133471488952637e-01 4.579867124557495117e-01
6.751296669244766235e-02 9.324870705604553223e-01
7.873752117156982422e-01 2.126248180866241455e-01
2.436338365077972412e-02 9.756366610527038574e-01
5.737645030021667480e-01 4.262354671955108643e-01
5.633714050054550171e-02 9.436628818511962891e-01
3.123581968247890472e-02 9.687641263008117676e-01
2.317303605377674103e-02 9.768269658088684082e-01
1.452430151402950287e-02 9.854757189750671387e-01
9.897381663322448730e-01 1.026188302785158157e-02
3.216561079025268555e-01 6.783438920974731445e-01
1.066787317395210266e-01 8.933212161064147949e-01
8.043580502271652222e-02 9.195642471313476562e-01
2.588080763816833496e-01 7.411919236183166504e-01
2.561476454138755798e-02 9.743852019309997559e-01
6.443413347005844116e-02 9.355658292770385742e-01
3.361316025257110596e-02 9.663868546485900879e-01
8.414881825447082520e-01 1.585117876529693604e-01
2.836161553859710693e-01 7.163838148117065430e-01
1.386726200580596924e-01 8.613274097442626953e-01
7.432585954666137695e-02 9.256741404533386230e-01
3.078576922416687012e-01 6.921423077583312988e-01
2.472154200077056885e-01 7.527845501899719238e-01
1.412984281778335571e-01 8.587015867233276367e-01
9.403668045997619629e-01 5.963312834501266479e-02
4.399241879582405090e-03 9.956007003784179688e-01
1.527602672576904297e-01 8.472397327423095703e-01
6.324623227119445801e-01 3.675377368927001953e-01
1.399506181478500366e-01 8.600494265556335449e-01
5.523694753646850586e-01 4.476304948329925537e-01
1.336134672164916992e-01 8.663865327835083008e-01
6.061858534812927246e-01 3.938142061233520508e-01
4.306091964244842529e-01 5.693907737731933594e-01
7.049409747123718262e-01 2.950590252876281738e-01
6.319456100463867188e-01 3.680543303489685059e-01
9.092862010002136230e-01 9.071380645036697388e-02
9.532491564750671387e-01 4.675085097551345825e-02
1.231935992836952209e-01 8.768064379692077637e-01
3.793049454689025879e-01 6.206950545310974121e-01
5.567697063088417053e-02 9.443230032920837402e-01
3.120544552803039551e-01 6.879455447196960449e-01
9.318907856941223145e-01 6.810917705297470093e-02
3.535185754299163818e-01 6.464813947677612305e-01
2.155263908207416534e-02 9.784473776817321777e-01
9.348170757293701172e-01 6.518293172121047974e-02
3.926223143935203552e-02 9.607377648353576660e-01
8.087864518165588379e-01 1.912134885787963867e-01
7.623167037963867188e-01 2.376832664012908936e-01
5.658555626869201660e-01 4.341444373130798340e-01
8.238989710807800293e-01 1.761010289192199707e-01
7.821217179298400879e-02 9.217878580093383789e-01
5.876656770706176758e-01 4.123343229293823242e-01
2.479635328054428101e-01 7.520364522933959961e-01
2.063568085432052612e-01 7.936431169509887695e-01
1.668798923492431641e-01 8.331201076507568359e-01
1.654310077428817749e-01 8.345689177513122559e-01
3.751942142844200134e-02 9.624805450439453125e-01
2.680486142635345459e-01 7.319514155387878418e-01
2.692871093750000000e-01 7.307128906250000000e-01
1.100427284836769104e-01 8.899572491645812988e-01
2.122967876493930817e-02 9.787703156471252441e-01
3.758185729384422302e-02 9.624181389808654785e-01
4.997146129608154297e-01 5.002854466438293457e-01
6.364553421735763550e-02 9.363545179367065430e-01
3.309503793716430664e-01 6.690496206283569336e-01
2.588398456573486328e-01 7.411601543426513672e-01
5.688530579209327698e-02 9.431146979331970215e-01
7.124648094177246094e-01 2.875352203845977783e-01
1.478532403707504272e-01 8.521468043327331543e-01
6.106060147285461426e-01 3.893940150737762451e-01
9.948422312736511230e-01 5.157755687832832336e-03
2.880938351154327393e-01 7.119061350822448730e-01
9.775944352149963379e-01 2.240559086203575134e-02
2.084011137485504150e-01 7.915988564491271973e-01
7.391631603240966797e-03 9.926083683967590332e-01
2.130667269229888916e-01 7.869333028793334961e-01
3.151144385337829590e-01 6.848855018615722656e-01
6.002665758132934570e-01 3.997333943843841553e-01
1.553584039211273193e-01 8.446416258811950684e-01
1.548584997653961182e-01 8.451415300369262695e-01
4.487623572349548340e-01 5.512376427650451660e-01
4.167384505271911621e-01 5.832615494728088379e-01
4.636696726083755493e-02 9.536330103874206543e-01
1.255672276020050049e-01 8.744328022003173828e-01
2.624379396438598633e-01 7.375621199607849121e-01
1.917495764791965485e-02 9.808250069618225098e-01
2.856343984603881836e-01 7.143656015396118164e-01
3.449347987771034241e-02 9.655064940452575684e-01
9.460576176643371582e-01 5.394234508275985718e-02
8.372778445482254028e-02 9.162722229957580566e-01
8.314799517393112183e-02 9.168519973754882812e-01
2.747230231761932373e-01 7.252770066261291504e-01
1.272315233945846558e-01 8.727684617042541504e-01
1.065464690327644348e-01 8.934534788131713867e-01
1.311939060688018799e-01 8.688061237335205078e-01
3.794655203819274902e-01 6.205344200134277344e-01
4.968333840370178223e-01 5.031666159629821777e-01
4.221285283565521240e-01 5.778715014457702637e-01
2.641868591308593750e-01 7.358131408691406250e-01
1.666260808706283569e-01 8.333739638328552246e-01
2.721296846866607666e-01 7.278703451156616211e-01
6.692395210266113281e-01 3.307604491710662842e-01
7.463632524013519287e-02 9.253637194633483887e-01
2.322964668273925781e-01 7.677035927772521973e-01
9.815964102745056152e-01 1.840356178581714630e-02
3.349658846855163574e-01 6.650341153144836426e-01
9.442165493965148926e-03 9.905577898025512695e-01
8.981789350509643555e-01 1.018210276961326599e-01
3.679453581571578979e-02 9.632053971290588379e-01
6.148697435855865479e-02 9.385130405426025391e-01
3.490643799304962158e-01 6.509355902671813965e-01
5.257598161697387695e-01 4.742402434349060059e-01
4.486298263072967529e-01 5.513701438903808594e-01
2.673051357269287109e-01 7.326948642730712891e-01
7.124243676662445068e-02 9.287575483322143555e-01
8.195945620536804199e-01 1.804053932428359985e-01
1.138857901096343994e-01 8.861141800880432129e-01
6.009807810187339783e-02 9.399019479751586914e-01
1.638930290937423706e-01 8.361070156097412109e-01
2.990677393972873688e-02 9.700932502746582031e-01
1.714279651641845703e-01 8.285720944404602051e-01
1.344356220215559006e-02 9.865563511848449707e-01
9.521688334643840790e-03 9.904782772064208984e-01
4.299586173146963120e-03 9.957004189491271973e-01
1.966534554958343506e-01 8.033465147018432617e-01
1.030591577291488647e-01 8.969408869743347168e-01
4.391795694828033447e-01 5.608204007148742676e-01
7.191998958587646484e-01 2.808001637458801270e-01
3.131128549575805664e-01 6.868871450424194336e-01
1.316488236188888550e-01 8.683511614799499512e-01
1.028285920619964600e-02 9.897171258926391602e-01
1.234020218253135681e-01 8.765980005264282227e-01
2.798204123973846436e-01 7.201796174049377441e-01
3.041987717151641846e-01 6.958011984825134277e-01
9.746228456497192383e-01 2.537717111408710480e-02
4.423239231109619141e-01 5.576760768890380859e-01
6.458213925361633301e-01 3.541786372661590576e-01
6.856676936149597168e-01 3.143323361873626709e-01
8.607667088508605957e-01 1.392332911491394043e-01
6.670276522636413574e-01 3.329723179340362549e-01
9.296150505542755127e-02 9.070385098457336426e-01
6.108173355460166931e-02 9.389182925224304199e-01
1.275940984487533569e-01 8.724059462547302246e-01
1.146345734596252441e-01 8.853654265403747559e-01
5.362104997038841248e-02 9.463788866996765137e-01
4.843163788318634033e-01 5.156836509704589844e-01
3.322110474109649658e-01 6.677889823913574219e-01
1.182484254240989685e-01 8.817515969276428223e-01
2.174257487058639526e-01 7.825742363929748535e-01
9.615216255187988281e-01 3.847833350300788879e-02
6.061092019081115723e-01 3.938908278942108154e-01
1.018593534827232361e-01 8.981406688690185547e-01
2.215270102024078369e-01 7.784729599952697754e-01
1.262099593877792358e-01 8.737900257110595703e-01
6.639875769615173340e-01 3.360124230384826660e-01
7.262322306632995605e-01 2.737678289413452148e-01
8.043088912963867188e-01 1.956911385059356689e-01
4.894056543707847595e-02 9.510594606399536133e-01
1.817344576120376587e-01 8.182655572891235352e-01
1.346520986407995224e-02 9.865347743034362793e-01
2.754930555820465088e-01 7.245069146156311035e-01
2.698793709278106689e-01 7.301206588745117188e-01
3.373973369598388672e-01 6.626026630401611328e-01
4.273671209812164307e-01 5.726329088211059570e-01
6.987375766038894653e-02 9.301262497901916504e-01
3.391813859343528748e-02 9.660819172859191895e-01
3.080048225820064545e-02 9.691995382308959961e-01
4.209775328636169434e-01 5.790224671363830566e-01
2.045487798750400543e-02 9.795451164245605469e-01
2.175345271825790405e-02 9.782465696334838867e-01
4.822798445820808411e-02 9.517719745635986328e-01
9.779476523399353027e-01 2.205231226980686188e-02
6.292188763618469238e-01 3.707811534404754639e-01
9.418443590402603149e-02 9.058156013488769531e-01
1.906549334526062012e-01 8.093451261520385742e-01
4.776233434677124023e-01 5.223767161369323730e-01
4.281578063964843750e-01 5.718421936035156250e-01
3.184762597084045410e-01 6.815237402915954590e-01
2.544229328632354736e-01 7.455770969390869141e-01
8.524356782436370850e-02 9.147564172744750977e-01
1.716230809688568115e-01 8.283768892288208008e-01
4.739096462726593018e-01 5.260903239250183105e-01
2.860883474349975586e-01 7.139117121696472168e-01
5.449675396084785461e-02 9.455032348632812500e-01
6.416188180446624756e-02 9.358381628990173340e-01
7.661534547805786133e-01 2.338465303182601929e-01
5.942047834396362305e-01 4.057952165603637695e-01
3.637365251779556274e-02 9.636263251304626465e-01
3.995352685451507568e-01 6.004647612571716309e-01
2.586141228675842285e-01 7.413858771324157715e-01
3.599821925163269043e-01 6.400177478790283203e-01
8.815825730562210083e-02 9.118416905403137207e-01
3.274925947189331055e-01 6.725074052810668945e-01
4.091974720358848572e-02 9.590802788734436035e-01
6.633738875389099121e-01 3.366261720657348633e-01
2.577600814402103424e-02 9.742239713668823242e-01
1.993042379617691040e-01 8.006957769393920898e-01
4.393105804920196533e-01 5.606894493103027344e-01
5.208649113774299622e-02 9.479135274887084961e-01
1.341329813003540039e-01 8.658670186996459961e-01
7.686302810907363892e-02 9.231369495391845703e-01
8.988217115402221680e-01 1.011782065033912659e-01
6.671146750450134277e-01 3.328853249549865723e-01
1.422831714153289795e-01 8.577168583869934082e-01
9.316789507865905762e-01 6.832100450992584229e-02
1.848840117454528809e-01 8.151159882545471191e-01
1.541590783745050430e-02 9.845840930938720703e-01
3.692404925823211670e-02 9.630759358406066895e-01
4.920234531164169312e-02 9.507976174354553223e-01
2.341574132442474365e-01 7.658426165580749512e-01
3.343646228313446045e-01 6.656354069709777832e-01
5.379474163055419922e-01 4.620525538921356201e-01
3.738436698913574219e-01 6.261563897132873535e-01
9.629493355751037598e-01 3.705064952373504639e-02
7.190897464752197266e-01 2.809103131294250488e-01
1.458701211959123611e-02 9.854130148887634277e-01
4.978774115443229675e-02 9.502122998237609863e-01
5.378682613372802734e-01 4.621317982673645020e-01
4.753755927085876465e-01 5.246244072914123535e-01
2.035684585571289062e-01 7.964315414428710938e-01
5.609547346830368042e-02 9.439045190811157227e-01
4.331672191619873047e-02 9.566832184791564941e-01
9.496692419052124023e-01 5.033075809478759766e-02
1.256056576967239380e-01 8.743943572044372559e-01
6.185567378997802734e-02 9.381443262100219727e-01
9.822385013103485107e-02 9.017761945724487305e-01
8.132661879062652588e-02 9.186733961105346680e-01
1.149407625198364258e-01 8.850592374801635742e-01
2.725077569484710693e-01 7.274922132492065430e-01
1.125730201601982117e-01 8.874270319938659668e-01
8.910652995109558105e-02 9.108934402465820312e-01
1.029231697320938110e-01 8.970768451690673828e-01
6.558071374893188477e-01 3.441928625106811523e-01
5.050505995750427246e-01 4.949494004249572754e-01
1.995416879653930664e-01 8.004583120346069336e-01
1.030442193150520325e-01 8.969558477401733398e-01
3.407822251319885254e-01 6.592177748680114746e-01
5.150462985038757324e-01 4.849537014961242676e-01
1.113420873880386353e-01 8.886579275131225586e-01
5.100466310977935791e-02 9.489952921867370605e-01
5.751546472311019897e-02 9.424844980239868164e-01
1.415138095617294312e-01 8.584862351417541504e-01
2.088630646467208862e-01 7.911369800567626953e-01
9.934578537940979004e-01 6.542142946273088455e-03
3.067886829376220703e-01 6.932112574577331543e-01
1.029809191823005676e-01 8.970190286636352539e-01
5.738065764307975769e-02 9.426193237304687500e-01
8.493746817111968994e-02 9.150625467300415039e-01
9.885843992233276367e-01 1.141563709825277328e-02
6.130542606115341187e-02 9.386945366859436035e-01
1.505134850740432739e-01 8.494865298271179199e-01
8.251070231199264526e-02 9.174892902374267578e-01
7.947072386741638184e-01 2.052927166223526001e-01
5.308490991592407227e-02 9.469150900840759277e-01
2.518590688705444336e-01 7.481409311294555664e-01
5.347803235054016113e-01 4.652196764945983887e-01
6.349465996026992798e-02 9.365053176879882812e-01
9.539906978607177734e-01 4.600930958986282349e-02
1.751087009906768799e-01 8.248912692070007324e-01
1.621826291084289551e-01 8.378173708915710449e-01
3.128778561949729919e-02 9.687122106552124023e-01
6.642340421676635742e-01 3.357659876346588135e-01
4.763956069946289062e-01 5.236044526100158691e-01
7.724103331565856934e-02 9.227589964866638184e-01
1.368375718593597412e-01 8.631624579429626465e-01
8.797788619995117188e-02 9.120221138000488281e-01
8.329285979270935059e-01 1.670714169740676880e-01
1.621681749820709229e-01 8.378318548202514648e-01
9.039431065320968628e-02 9.096056818962097168e-01
2.354723028838634491e-02 9.764527678489685059e-01
9.690723419189453125e-01 3.092763759195804596e-02
1.711351871490478516e-01 8.288647532463073730e-01
1.268073469400405884e-01 8.731926679611206055e-01
9.562409669160842896e-02 9.043758511543273926e-01
2.735375165939331055e-01 7.264625430107116699e-01
1.379321068525314331e-01 8.620679378509521484e-01
3.731088712811470032e-02 9.626891016960144043e-01
2.910415232181549072e-01 7.089585065841674805e-01
8.724650144577026367e-01 1.275350153446197510e-01
1.214723959565162659e-01 8.785275220870971680e-01
3.748946487903594971e-01 6.251053214073181152e-01
4.510308057069778442e-02 9.548969268798828125e-01
1.663570851087570190e-01 8.336429595947265625e-01
8.957884311676025391e-01 1.042115390300750732e-01
3.587193787097930908e-01 6.412805914878845215e-01
3.642566800117492676e-01 6.357433199882507324e-01
1.425545215606689453e-01 8.574454784393310547e-01
3.313427269458770752e-01 6.686573028564453125e-01
1.224283725023269653e-01 8.775716423988342285e-01
8.047262430191040039e-01 1.952737867832183838e-01
2.989477515220642090e-01 7.010522484779357910e-01
7.523957639932632446e-02 9.247604012489318848e-01
2.518502064049243927e-02 9.748149514198303223e-01
3.835507109761238098e-02 9.616449475288391113e-01
3.979397714138031006e-01 6.020601987838745117e-01
1.542614251375198364e-01 8.457385897636413574e-01
6.334303617477416992e-01 3.665696680545806885e-01
4.834504052996635437e-02 9.516549110412597656e-01
4.445840716361999512e-01 5.554159283638000488e-01
1.702641993761062622e-01 8.297357559204101562e-01
1.147351339459419250e-01 8.852648735046386719e-01
3.323962986469268799e-01 6.676037311553955078e-01
3.050311803817749023e-01 6.949687600135803223e-01
4.272799789905548096e-01 5.727199912071228027e-01
7.702454924583435059e-02 9.229754209518432617e-01
6.184661984443664551e-01 3.815338015556335449e-01
1.839288622140884399e-01 8.160710930824279785e-01
4.928002879023551941e-02 9.507199525833129883e-01
2.524070739746093750e-01 7.475929260253906250e-01
1.231230497360229492e-01 8.768769502639770508e-01
6.392373889684677124e-02 9.360762238502502441e-01
3.206446766853332520e-01 6.793553829193115234e-01
7.320907115936279297e-01 2.679093182086944580e-01
8.009443879127502441e-01 1.990555375814437866e-01
2.709255218505859375e-01 7.290744185447692871e-01
4.557469859719276428e-02 9.544252753257751465e-01
8.445738255977630615e-02 9.155426025390625000e-01
3.225142359733581543e-01 6.774857640266418457e-01
8.912895917892456055e-01 1.087104380130767822e-01
7.647053897380828857e-02 9.235294461250305176e-01
2.608577348291873932e-02 9.739142656326293945e-01
4.029271006584167480e-02 9.597073197364807129e-01
2.271240800619125366e-01 7.728759050369262695e-01
8.182089328765869141e-01 1.817910224199295044e-01
7.681710273027420044e-02 9.231829643249511719e-01
7.722111791372299194e-02 9.227788448333740234e-01
9.967488050460815430e-01 3.251231741160154343e-03
9.074841141700744629e-01 9.251584857702255249e-02
2.169189751148223877e-01 7.830809950828552246e-01
9.767690896987915039e-01 2.323092892765998840e-02
2.640436887741088867e-01 7.359563112258911133e-01
9.915456175804138184e-01 8.454328402876853943e-03
7.012354582548141479e-02 9.298764467239379883e-01
1.142405793070793152e-01 8.857594728469848633e-01
3.149195313453674316e-01 6.850805282592773438e-01
3.106037713587284088e-02 9.689396023750305176e-01
1.094584837555885315e-01 8.905414938926696777e-01
2.576262950897216797e-01 7.423737645149230957e-01
7.713743448257446289e-01 2.286256998777389526e-01
1.464114151895046234e-02 9.853588342666625977e-01
1.690861769020557404e-02 9.830914139747619629e-01
1.244570538401603699e-01 8.755428791046142578e-01
3.068065084517002106e-02 9.693193435668945312e-01
2.290462404489517212e-01 7.709537744522094727e-01
8.563352376222610474e-02 9.143664240837097168e-01
7.582585811614990234e-01 2.417413890361785889e-01
5.763500928878784180e-02 9.423649907112121582e-01
3.339093327522277832e-01 6.660907268524169922e-01
7.949487119913101196e-02 9.205051064491271973e-01
6.743633747100830078e-01 3.256366848945617676e-01
1.915394663810729980e-01 8.084605932235717773e-01
2.040047198534011841e-01 7.959952354431152344e-01
2.823688089847564697e-01 7.176312208175659180e-01
9.667068123817443848e-01 3.329313918948173523e-02
4.028136432170867920e-01 5.971863865852355957e-01
1.495612859725952148e-01 8.504386544227600098e-01
2.785295434296131134e-02 9.721469879150390625e-01
5.575252771377563477e-01 4.424747526645660400e-01
7.667740434408187866e-02 9.233225584030151367e-01
8.773612976074218750e-02 9.122638106346130371e-01
1.300177071243524551e-02 9.869982600212097168e-01
7.084218263626098633e-01 2.915781438350677490e-01
2.354744588956236839e-03 9.976451992988586426e-01
7.048823684453964233e-02 9.295117855072021484e-01
4.120554924011230469e-01 5.879445075988769531e-01
2.201648652553558350e-01 7.798351645469665527e-01
3.813871443271636963e-01 6.186128258705139160e-01
2.488333545625209808e-02 9.751166701316833496e-01
1.728632003068923950e-01 8.271368145942687988e-01
1.758030988276004791e-02 9.824197292327880859e-01
3.035520315170288086e-01 6.964479684829711914e-01
9.497328996658325195e-01 5.026708170771598816e-02
1.121076419949531555e-01 8.878923654556274414e-01
3.136868178844451904e-01 6.863131523132324219e-01
2.864053547382354736e-01 7.135946750640869141e-01
6.975727677345275879e-01 3.024272620677947998e-01
8.186102658510208130e-02 9.181389808654785156e-01
8.070699125528335571e-02 9.192930459976196289e-01
8.760774731636047363e-01 1.239225417375564575e-01
4.697284474968910217e-02 9.530271887779235840e-01
7.954791784286499023e-01 2.045207619667053223e-01
5.352839827537536621e-01 4.647159576416015625e-01
4.247517883777618408e-02 9.575248360633850098e-01
6.033172458410263062e-02 9.396682977676391602e-01
1.811908334493637085e-01 8.188091516494750977e-01
8.137791603803634644e-02 9.186220765113830566e-01
7.761894911527633667e-02 9.223810434341430664e-01
4.726236462593078613e-01 5.273762941360473633e-01
1.353793889284133911e-01 8.646206259727478027e-01
2.748263180255889893e-01 7.251737117767333984e-01
6.229865923523902893e-02 9.377013444900512695e-01
2.725258655846118927e-02 9.727474451065063477e-01
1.964465230703353882e-01 8.035534620285034180e-01
1.575662046670913696e-01 8.424338102340698242e-01
3.280734717845916748e-01 6.719265580177307129e-01
2.297789454460144043e-01 7.702209949493408203e-01
6.601216644048690796e-02 9.339878559112548828e-01
4.044399559497833252e-01 5.955600738525390625e-01
2.948743104934692383e-02 9.705125689506530762e-01
4.375306144356727600e-02 9.562469124794006348e-01
1.118089929223060608e-01 8.881910443305969238e-01
3.277565836906433105e-01 6.722434759140014648e-01
1.184726879000663757e-01 8.815273642539978027e-01
1.189692392945289612e-01 8.810307383537292480e-01
3.801790177822113037e-01 6.198210120201110840e-01
1.084697842597961426e-01 8.915302753448486328e-01
9.917401075363159180e-01 8.259858936071395874e-03
3.363740742206573486e-01 6.636259555816650391e-01
9.958369731903076172e-01 4.163056612014770508e-03
2.847063541412353516e-01 7.152935862541198730e-01
4.922173917293548584e-01 5.077826380729675293e-01
3.119190782308578491e-02 9.688081145286560059e-01
9.336596727371215820e-01 6.634036451578140259e-02
2.869774401187896729e-02 9.713022112846374512e-01
1.243105530738830566e-01 8.756893873214721680e-01
2.422917038202285767e-01 7.577082514762878418e-01
3.116330318152904510e-02 9.688367247581481934e-01
2.842926979064941406e-01 7.157073020935058594e-01
5.473583191633224487e-02 9.452641606330871582e-01
8.304883241653442383e-01 1.695116907358169556e-01
