9.994798302650451660e-01 5.202221218496561050e-04
9.988052845001220703e-01 1.194744254462420940e-03
9.999569654464721680e-01 4.301129592931829393e-05
9.985797405242919922e-01 1.420235261321067810e-03
9.999737739562988281e-01 2.623663931444752961e-05
2.858741208910942078e-02 9.714125990867614746e-01
5.640183016657829285e-02 9.435980916023254395e-01
7.479382157325744629e-01 2.520617544651031494e-01
9.956842660903930664e-01 4.315720405429601669e-03
1.300874352455139160e-01 8.699125647544860840e-01
2.052275085588917136e-04 9.997947812080383301e-01
1.559313237667083740e-01 8.440687060356140137e-01
3.981710225343704224e-02 9.601829051971435547e-01
9.996985197067260742e-01 3.015190595760941505e-04
9.922028779983520508e-01 7.797159720212221146e-03
3.218483552336692810e-02 9.678152203559875488e-01
3.311489820480346680e-01 6.688509583473205566e-01
4.531336128711700439e-01 5.468664169311523438e-01
4.591629374772310257e-03 9.954083561897277832e-01
9.998729228973388672e-01 1.270835055038332939e-04
8.910593390464782715e-01 1.089406460523605347e-01
9.997907280921936035e-01 2.092576469294726849e-04
5.754936933517456055e-01 4.245063364505767822e-01
2.614510953426361084e-01 7.385489344596862793e-01
9.634436964988708496e-01 3.655630350112915039e-02
8.621115088462829590e-01 1.378884762525558472e-01
2.006365954875946045e-01 7.993634343147277832e-01
3.837317926809191704e-04 9.996162652969360352e-01
1.474334597587585449e-01 8.525664806365966797e-01
9.998788833618164062e-01 1.210949922096915543e-04
9.912447333335876465e-01 8.755248039960861206e-03
9.427398443222045898e-03 9.905726313591003418e-01
9.932249188423156738e-01 6.775084882974624634e-03
1.228647902607917786e-01 8.771352171897888184e-01
9.991783499717712402e-01 8.215713314712047577e-04
9.984375834465026855e-01 1.562376040965318680e-03
2.783723920583724976e-02 9.721627831459045410e-01
9.988242983818054199e-01 1.175687066279351711e-03
1.248532161116600037e-01 8.751467466354370117e-01
9.853949546813964844e-01 1.460500713437795639e-02
1.095550487661967054e-05 9.999890327453613281e-01
6.191516667604446411e-02 9.380848407745361328e-01
8.608041405677795410e-01 1.391958594322204590e-01
7.951787710189819336e-01 2.048212289810180664e-01
5.509486794471740723e-01 4.490512907505035400e-01
4.854552447795867920e-02 9.514545202255249023e-01
5.020892713218927383e-03 9.949790835380554199e-01
9.668477773666381836e-01 3.315224498510360718e-02
5.181835591793060303e-02 9.481816887855529785e-01
6.962525099515914917e-02 9.303748011589050293e-01
9.085888862609863281e-01 9.141110628843307495e-02
9.515796899795532227e-01 4.842029884457588196e-02
1.457643955945968628e-01 8.542355895042419434e-01
1.169859394431114197e-01 8.830140829086303711e-01
9.999685287475585938e-01 3.141428169328719378e-05
4.593699276447296143e-01 5.406300425529479980e-01
9.611893296241760254e-01 3.881070017814636230e-02
7.094362378120422363e-01 2.905637919902801514e-01
9.558180570602416992e-01 4.418193921446800232e-02
3.446912858635187149e-03 9.965530633926391602e-01
9.996727705001831055e-01 3.272562171332538128e-04
9.999005794525146484e-01 9.939639858203008771e-05
1.206952985376119614e-02 9.879305362701416016e-01
9.987641572952270508e-01 1.235842006281018257e-03
9.931849837303161621e-01 6.815047468990087509e-03
9.848965406417846680e-01 1.510342210531234741e-02
9.979973435401916504e-01 2.002613386139273643e-03
9.609548449516296387e-01 3.904515877366065979e-02
8.994983434677124023e-01 1.005016714334487915e-01
9.983593821525573730e-01 1.640643109567463398e-03
5.905089201405644417e-04 9.994095563888549805e-01
7.149969314923509955e-05 9.999284744262695312e-01
9.988425374031066895e-01 1.157448743470013142e-03
9.991555213928222656e-01 8.444222621619701385e-04
9.998108744621276855e-01 1.891092979349195957e-04
9.963608384132385254e-01 3.639161586761474609e-03
9.674143791198730469e-01 3.258555009961128235e-02
1.464807093143463135e-01 8.535193204879760742e-01
9.999978542327880859e-01 2.117629037456936203e-06
9.998257756233215332e-01 1.742245658533647656e-04
2.105930820107460022e-03 9.978941082954406738e-01
8.751068711280822754e-01 1.248931512236595154e-01
4.399119019508361816e-01 5.600880384445190430e-01
1.694566756486892700e-01 8.305433392524719238e-01
5.512182787060737610e-02 9.448782205581665039e-01
9.997805953025817871e-01 2.194288681494072080e-04
9.999890327453613281e-01 1.098159373214002699e-05
5.055659413337707520e-01 4.944340586662292480e-01
9.984550476074218750e-01 1.544969854876399040e-03
2.254224270582199097e-01 7.745774984359741211e-01
6.463457942008972168e-01 3.536542356014251709e-01
1.009892439469695091e-03 9.989901185035705566e-01
9.999673366546630859e-01 3.270083470852114260e-05
4.206839203834533691e-02 9.579315781593322754e-01
3.411645302549004555e-03 9.965883493423461914e-01
2.947476692497730255e-03 9.970525503158569336e-01
6.888964772224426270e-01 3.111034631729125977e-01
9.990912675857543945e-01 9.086986538022756577e-04
9.999567270278930664e-01 4.327725037001073360e-05
9.005687832832336426e-01 9.943121671676635742e-02
6.973965093493461609e-03 9.930260181427001953e-01
9.999884366989135742e-01 1.153246648755157366e-05
3.805467486381530762e-01 6.194532513618469238e-01
6.924136281013488770e-01 3.075863420963287354e-01
3.281828165054321289e-01 6.718171834945678711e-01
9.931493401527404785e-01 6.850642152130603790e-03
5.329115781933069229e-03 9.946709275245666504e-01
1.113088568672537804e-03 9.988868832588195801e-01
4.007178172469139099e-02 9.599282145500183105e-01
9.172556996345520020e-01 8.274430781602859497e-02
7.207545638084411621e-01 2.792454659938812256e-01
6.034836769104003906e-01 3.965163528919219971e-01
9.406262040138244629e-01 5.937381833791732788e-02
9.999159574508666992e-01 8.406623237533494830e-05
1.979173161089420319e-03 9.980208873748779297e-01
9.958231449127197266e-01 4.176840186119079590e-03
9.980925917625427246e-01 1.907427795231342316e-03
9.988589286804199219e-01 1.141118234954774380e-03
9.227658510208129883e-01 7.723411172628402710e-02
1.911895582452416420e-03 9.980880618095397949e-01
9.999973773956298828e-01 2.674918960110517219e-06
3.398979008197784424e-01 6.601021289825439453e-01
9.625248312950134277e-01 3.747514262795448303e-02
9.996229410171508789e-01 3.770255134440958500e-04
9.991693496704101562e-01 8.306570234708487988e-04
1.396701931953430176e-01 8.603298068046569824e-01
1.025967393070459366e-02 9.897402524948120117e-01
8.232042193412780762e-01 1.767958253622055054e-01
6.652970314025878906e-01 3.347029685974121094e-01
9.373633265495300293e-01 6.263667345046997070e-02
2.725051529705524445e-02 9.727494716644287109e-01
2.337098412681370974e-04 9.997662901878356934e-01
9.884598255157470703e-01 1.154018566012382507e-02
2.445485889911651611e-01 7.554513812065124512e-01
8.254756331443786621e-01 1.745243668556213379e-01
1.148438155651092529e-01 8.851561546325683594e-01
5.327669903635978699e-03 9.946723580360412598e-01
3.688540743951307377e-07 9.999996423721313477e-01
9.998764991760253906e-01 1.234750816365703940e-04
9.999761581420898438e-01 2.387450876994989812e-05
9.999278783798217773e-01 7.210236071841791272e-05
9.944249391555786133e-01 5.575061775743961334e-03
3.749217689037322998e-01 6.250782608985900879e-01
3.495151400566101074e-01 6.504848599433898926e-01
7.860733568668365479e-02 9.213927388191223145e-01
9.985573887825012207e-01 1.442558015696704388e-03
9.996694326400756836e-01 3.306289727333933115e-04
3.642453253269195557e-02 9.635754823684692383e-01
1.057119201868772507e-02 9.894288182258605957e-01
8.662819266319274902e-01 1.337180286645889282e-01
9.999998807907104492e-01 9.851915194758475991e-08
9.999933242797851562e-01 6.665041382802883163e-06
8.582811951637268066e-01 1.417187452316284180e-01
8.706180453300476074e-01 1.293819397687911987e-01
9.999427795410156250e-01 5.717870226362720132e-05
9.999483823776245117e-01 5.160154614713974297e-05
1.428575068712234497e-01 8.571424484252929688e-01
1.212580036371946335e-02 9.878742098808288574e-01
9.961518645286560059e-01 3.848074236884713173e-03
9.908775687217712402e-01 9.122377261519432068e-03
9.745362401008605957e-01 2.546377480030059814e-02
9.706166982650756836e-01 2.938328310847282410e-02
1.134359184652566910e-02 9.886564016342163086e-01
1.106435712426900864e-02 9.889356493949890137e-01
1.731097698211669922e-02 9.826890230178833008e-01
9.927378296852111816e-01 7.262117229402065277e-03
9.997903704643249512e-01 2.096732787322252989e-04
3.141214847564697266e-01 6.858784556388854980e-01
1.272620558738708496e-01 8.727379441261291504e-01
7.211943864822387695e-01 2.788055837154388428e-01
9.999967813491821289e-01 3.168525608998606913e-06
1.139018405228853226e-02 9.886097908020019531e-01
7.078184280544519424e-03 9.929218888282775879e-01
2.256946172565221786e-04 9.997742772102355957e-01
2.407153660897165537e-04 9.997592568397521973e-01
9.937003850936889648e-01 6.299658678472042084e-03
2.817404456436634064e-02 9.718258976936340332e-01
9.903907775878906250e-01 9.609165601432323456e-03
9.996781349182128906e-01 3.219210775569081306e-04
2.284970693290233612e-02 9.771503210067749023e-01
1.858817785978317261e-01 8.141182065010070801e-01
9.962981343269348145e-01 3.701895475387573242e-03
9.612742811441421509e-03 9.903872609138488770e-01
9.938726425170898438e-01 6.127394270151853561e-03
9.990083575248718262e-01 9.917005663737654686e-04
9.986101388931274414e-01 1.389790675602853298e-03
4.211711930111050606e-04 9.995787739753723145e-01
9.637203812599182129e-02 9.036279916763305664e-01
9.203727841377258301e-01 7.962720841169357300e-02
5.717773437500000000e-01 4.282227158546447754e-01
8.451396226882934570e-02 9.154860973358154297e-01
5.159397125244140625e-01 4.840602576732635498e-01
1.168583767139352858e-04 9.998831748962402344e-01
9.941135048866271973e-01 5.886493250727653503e-03
2.767424881458282471e-01 7.232574820518493652e-01
9.438909292221069336e-01 5.610907077789306641e-02
5.351066589355468750e-01 4.648933112621307373e-01
3.686838224530220032e-02 9.631316661834716797e-01
3.793107578530907631e-03 9.962068796157836914e-01
9.994076490402221680e-01 5.923276185058057308e-04
6.511716246604919434e-01 3.488283157348632812e-01
1.372582465410232544e-02 9.862741827964782715e-01
1.649092435836791992e-01 8.350907564163208008e-01
9.988783001899719238e-01 1.121685490943491459e-03
9.603303074836730957e-01 3.966968134045600891e-02
9.967169165611267090e-01 3.283032914623618126e-03
3.627284243702888489e-02 9.637271761894226074e-01
9.999741315841674805e-01 2.588263123470824212e-05
8.953337073326110840e-01 1.046662479639053345e-01
6.273974776268005371e-01 3.726025521755218506e-01
1.146414428949356079e-01 8.853585720062255859e-01
1.830122023820877075e-01 8.169878125190734863e-01
9.975645542144775391e-01 2.435518195852637291e-03
9.993681311607360840e-01 6.319393287412822247e-04
5.237894654273986816e-01 4.762104749679565430e-01
4.806283116340637207e-01 5.193716883659362793e-01
9.394932538270950317e-02 9.060507416725158691e-01
9.999986886978149414e-01 1.347775764770631213e-06
9.997592568397521973e-01 2.406871353741735220e-04
9.945585131645202637e-01 5.441504530608654022e-03
9.458674192428588867e-01 5.413252115249633789e-02
9.458203315734863281e-01 5.417973920702934265e-02
1.992762684822082520e-01 8.007236719131469727e-01
9.214081168174743652e-01 7.859189808368682861e-02
3.690547496080398560e-02 9.630944728851318359e-01
7.996428012847900391e-01 2.003571838140487671e-01
9.424939751625061035e-01 5.750606954097747803e-02
7.836144417524337769e-03 9.921637773513793945e-01
8.961978554725646973e-01 1.038021817803382874e-01
9.995735287666320801e-01 4.264362505637109280e-04
9.970163106918334961e-01 2.983754966408014297e-03
4.521769285202026367e-02 9.547823667526245117e-01
9.374796152114868164e-01 6.252041459083557129e-02
5.622803233563899994e-03 9.943771958351135254e-01
3.932324796915054321e-02 9.606767296791076660e-01
2.601245343685150146e-01 7.398754358291625977e-01
5.405218526721000671e-02 9.459478855133056641e-01
3.226902117603458464e-05 9.999676942825317383e-01
9.998155236244201660e-01 1.844940561568364501e-04
6.548862904310226440e-02 9.345114231109619141e-01
1.319166272878646851e-01 8.680833578109741211e-01
9.965798258781433105e-01 3.420193446800112724e-03
9.999458789825439453e-01 5.408875585999339819e-05
9.998262524604797363e-01 1.738185528665781021e-04
5.643336847424507141e-02 9.435666203498840332e-01
4.403956979513168335e-02 9.559603929519653320e-01
6.546694040298461914e-01 3.453306257724761963e-01
3.031511045992374420e-02 9.696848392486572266e-01
3.742989897727966309e-02 9.625701308250427246e-01
9.999679327011108398e-01 3.201225990778766572e-05
5.045199766755104065e-02 9.495480060577392578e-01
9.219731688499450684e-01 7.802677899599075317e-02
1.059819087386131287e-01 8.940180540084838867e-01
9.968524575233459473e-01 3.147617215290665627e-03
8.681736886501312256e-03 9.913182258605957031e-01
9.998415708541870117e-01 1.584561687195673585e-04
2.162769809365272522e-02 9.783722758293151855e-01
2.697123885154724121e-01 7.302876114845275879e-01
1.418781653046607971e-02 9.858121871948242188e-01
9.146840125322341919e-02 9.085315465927124023e-01
9.698882102966308594e-01 3.011173196136951447e-02
9.998816251754760742e-01 1.183201748062856495e-04
9.995458722114562988e-01 4.541297385003417730e-04
4.844340682029724121e-02 9.515566229820251465e-01
9.976097345352172852e-01 2.390302484855055809e-03
9.999125003814697266e-01 8.746344974497333169e-05
9.860662817955017090e-01 1.393368560820817947e-02
9.979214072227478027e-01 2.078596502542495728e-03
8.214027620851993561e-03 9.917859435081481934e-01
1.345186308026313782e-02 9.865481257438659668e-01
4.429013729095458984e-01 5.570986866950988770e-01
9.999582767486572266e-01 4.166895450907759368e-05
7.209409028291702271e-03 9.927905797958374023e-01
1.293045729398727417e-01 8.706954121589660645e-01
1.566599676152691245e-04 9.998433589935302734e-01
1.622788980603218079e-02 9.837720990180969238e-01
9.590179920196533203e-01 4.098201915621757507e-02
2.089448571205139160e-01 7.910551428794860840e-01
1.080216956324875355e-03 9.989198446273803711e-01
4.695041775703430176e-01 5.304958224296569824e-01
6.924256013007834554e-05 9.999307394027709961e-01
9.999434947967529297e-01 5.651048559229820967e-05
9.996746778488159180e-01 3.253322211094200611e-04
7.486526737920939922e-04 9.992513060569763184e-01
8.715529441833496094e-01 1.284470707178115845e-01
2.800029702484607697e-03 9.972000122070312500e-01
9.999521970748901367e-01 4.785475175594910979e-05
9.999352693557739258e-01 6.469132495112717152e-05
8.195158243179321289e-01 1.804842352867126465e-01
1.379646174609661102e-02 9.862035512924194336e-01
9.516530036926269531e-01 4.834697023034095764e-02
1.828981004655361176e-02 9.817102551460266113e-01
6.716739386320114136e-02 9.328325986862182617e-01
6.505393888801336288e-03 9.934945702552795410e-01
9.913186430931091309e-01 8.681286126375198364e-03
1.612007059156894684e-02 9.838799834251403809e-01
9.483219981193542480e-01 5.167799815535545349e-02
7.911765575408935547e-01 2.088233679533004761e-01
3.880730830132961273e-03 9.961192607879638672e-01
9.941032528877258301e-01 5.896711722016334534e-03
2.654411643743515015e-02 9.734558463096618652e-01
4.047274962067604065e-02 9.595271944999694824e-01
4.374508932232856750e-02 9.562549591064453125e-01
9.901508092880249023e-01 9.849204681813716888e-03
2.399503951892256737e-03 9.976004958152770996e-01
8.809331059455871582e-01 1.190669164061546326e-01
9.366565063828602433e-05 9.999063014984130859e-01
9.997969269752502441e-01 2.030521864071488380e-04
1.805022917687892914e-02 9.819497466087341309e-01
4.081328958272933960e-02 9.591867327690124512e-01
9.999860525131225586e-01 1.397524101776070893e-05
8.117104698612820357e-06 9.999918937683105469e-01
9.499401450157165527e-01 5.005989596247673035e-02
8.413419127464294434e-03 9.915865659713745117e-01
5.092210173606872559e-01 4.907789528369903564e-01
7.456156015396118164e-01 2.543843984603881836e-01
3.006891906261444092e-02 9.699310660362243652e-01
4.810427129268646240e-02 9.518957734107971191e-01
9.035263657569885254e-01 9.647365659475326538e-02
5.312375724315643311e-02 9.468762874603271484e-01
2.569112181663513184e-01 7.430887818336486816e-01
3.213170170783996582e-01 6.786829829216003418e-01
2.967090404126793146e-05 9.999703168869018555e-01
9.471078515052795410e-01 5.289220064878463745e-02
1.851687431335449219e-01 8.148312568664550781e-01
9.999976158142089844e-01 2.367259185120929033e-06
4.287538118660449982e-03 9.957125186920166016e-01
5.466705188155174255e-02 9.453330039978027344e-01
9.998934268951416016e-01 1.065646429196931422e-04
7.730357050895690918e-01 2.269642502069473267e-01
1.514043211936950684e-01 8.485957384109497070e-01
9.998148083686828613e-01 1.851618144428357482e-04
3.154754340648651123e-01 6.845245361328125000e-01
9.941782951354980469e-01 5.821709055453538895e-03
9.699363708496093750e-01 3.006366081535816193e-02
1.314977109432220459e-01 8.685022592544555664e-01
9.765110611915588379e-01 2.348888665437698364e-02
5.141119658946990967e-02 9.485887885093688965e-01
7.017807220108807087e-04 9.992982149124145508e-01
9.993268251419067383e-01 6.732110632583498955e-04
4.408748745918273926e-01 5.591251254081726074e-01
1.731146275997161865e-01 8.268853425979614258e-01
9.999653100967407227e-01 3.469974399195052683e-05
9.299558401107788086e-01 7.004415988922119141e-02
2.440762370824813843e-01 7.559237480163574219e-01
8.949652910232543945e-01 1.050347387790679932e-01
3.287064656615257263e-02 9.671293497085571289e-01
8.003810644149780273e-01 1.996189504861831665e-01
9.995551705360412598e-01 4.448302497621625662e-04
1.029754988849163055e-02 9.897024631500244141e-01
4.758913069963455200e-02 9.524108171463012695e-01
1.022782251238822937e-01 8.977218270301818848e-01
9.970036149024963379e-01 2.996383933350443840e-03
9.747972488403320312e-01 2.520274557173252106e-02
4.621476680040359497e-02 9.537852406501770020e-01
9.991907477378845215e-01 8.092919015325605869e-04
9.993560910224914551e-01 6.439469871111214161e-04
9.999954700469970703e-01 4.530126261670375243e-06
1.755594275891780853e-03 9.982444047927856445e-01
7.739235162734985352e-01 2.260764688253402710e-01
8.730705976486206055e-01 1.269294321537017822e-01
1.020366884768009186e-02 9.897963404655456543e-01
9.999861717224121094e-01 1.381350648443913087e-05
9.999080896377563477e-01 9.184566442854702473e-05
2.318297177553176880e-01 7.681702375411987305e-01
3.210353851318359375e-01 6.789646148681640625e-01
3.074450492858886719e-01 6.925549507141113281e-01
9.999176263809204102e-01 8.230864477809518576e-05
2.365704625844955444e-01 7.634295225143432617e-01
4.295898079872131348e-01 5.704101920127868652e-01
6.734432280063629150e-02 9.326556324958801270e-01
9.969653487205505371e-01 3.034679917618632317e-03
9.998219609260559082e-01 1.781030878191813827e-04
8.438441157341003418e-01 1.561559140682220459e-01
7.941620349884033203e-01 2.058379501104354858e-01
1.623955438844859600e-03 9.983760118484497070e-01
4.618186503648757935e-04 9.995381832122802734e-01
9.995886683464050293e-01 4.112899478059262037e-04
7.869126200675964355e-01 2.130873650312423706e-01
9.988937973976135254e-01 1.106181298382580280e-03
5.657041072845458984e-01 4.342958629131317139e-01
9.996188879013061523e-01 3.811360220424830914e-04
9.584933519363403320e-01 4.150662571191787720e-02
2.004676032811403275e-03 9.979953765869140625e-01
9.282424449920654297e-01 7.175748795270919800e-02
3.904155641794204712e-02 9.609584808349609375e-01
9.988116025924682617e-01 1.188404625281691551e-03
9.936775565147399902e-01 6.322396453469991684e-03
5.545742511749267578e-01 4.454257786273956299e-01
9.999998807907104492e-01 6.021275567036354914e-08
7.047259132377803326e-04 9.992952346801757812e-01
5.586170777678489685e-02 9.441382288932800293e-01
9.999244213104248047e-01 7.554954208899289370e-05
7.452764548361301422e-04 9.992547631263732910e-01
1.543288826942443848e-01 8.456710577011108398e-01
1.050518403644673526e-04 9.998949766159057617e-01
9.153611608780920506e-04 9.990845918655395508e-01
3.106116782873868942e-04 9.996894598007202148e-01
5.562051534652709961e-01 4.437949061393737793e-01
2.910250425338745117e-02 9.708974957466125488e-01
4.477835074067115784e-02 9.552215933799743652e-01
9.999387264251708984e-01 6.126672815298661590e-05
9.986535310745239258e-01 1.346462988294661045e-03
9.965144991874694824e-01 3.485513851046562195e-03
9.997779726982116699e-01 2.220645983470603824e-04
1.796856336295604706e-02 9.820314645767211914e-01
9.989640712738037109e-01 1.035955967381596565e-03
7.385289669036865234e-01 2.614709734916687012e-01
2.365331538021564484e-02 9.763467311859130859e-01
3.702465444803237915e-03 9.962975382804870605e-01
9.997567534446716309e-01 2.432975743431597948e-04
1.200733408331871033e-01 8.799266219139099121e-01
3.963040709495544434e-01 6.036958694458007812e-01
9.556973576545715332e-01 4.430262744426727295e-02
2.900909483432769775e-01 7.099090814590454102e-01
3.787552705034613609e-04 9.996212720870971680e-01
8.984161019325256348e-01 1.015839651226997375e-01
3.827918786555528641e-03 9.961721301078796387e-01
9.994065761566162109e-01 5.934404907748103142e-04
9.966678023338317871e-01 3.332219319418072701e-03
2.080467529594898224e-02 9.791953563690185547e-01
9.605861902236938477e-01 3.941386938095092773e-02
9.989012479782104492e-01 1.098692300729453564e-03
2.434303611516952515e-02 9.756569862365722656e-01
9.999959468841552734e-01 3.997328349214512855e-06
9.992021918296813965e-01 7.977873901836574078e-04
1.451863069087266922e-02 9.854814410209655762e-01
1.160500477999448776e-02 9.883949756622314453e-01
9.960989952087402344e-01 3.901019692420959473e-03
4.753823857754468918e-03 9.952462315559387207e-01
3.220899379812180996e-04 9.996778964996337891e-01
2.521714754402637482e-02 9.747828841209411621e-01
8.876918554306030273e-01 1.123081222176551819e-01
3.547069057822227478e-02 9.645293354988098145e-01
9.057399438461288810e-06 9.999909400939941406e-01
2.186282351613044739e-02 9.781371355056762695e-01
8.319723010063171387e-01 1.680276840925216675e-01
9.999544620513916016e-01 4.557080683298408985e-05
1.635350199649110436e-04 9.998364448547363281e-01
9.997145533561706543e-01 2.854226622730493546e-04
2.841825410723686218e-02 9.715817570686340332e-01
7.167682647705078125e-01 2.832317352294921875e-01
8.666853904724121094e-01 1.333145797252655029e-01
2.707343781366944313e-03 9.972926974296569824e-01
2.640046738088130951e-02 9.735996127128601074e-01
9.697908908128738403e-02 9.030208587646484375e-01
9.999107122421264648e-01 8.924144640332087874e-05
1.937005482614040375e-02 9.806299805641174316e-01
7.781732827425003052e-03 9.922182559967041016e-01
2.121331244707107544e-01 7.878668904304504395e-01
9.610148072242736816e-01 3.898517787456512451e-02
9.969891980290412903e-03 9.900300502777099609e-01
1.350369602441787720e-01 8.649630546569824219e-01
1.707166135311126709e-01 8.292834162712097168e-01
1.072753444314002991e-01 8.927246928215026855e-01
9.983857870101928711e-01 1.614282839000225067e-03
9.638999104499816895e-01 3.610008209943771362e-02
3.789269598200917244e-03 9.962106943130493164e-01
9.980885386466979980e-01 1.911380793899297714e-03
9.620994925498962402e-01 3.790049999952316284e-02
9.979273080825805664e-01 2.072658622637391090e-03
9.999744892120361328e-01 2.546348878240678459e-05
7.929349085316061974e-04 9.992070794105529785e-01
9.998012185096740723e-01 1.988231815630570054e-04
6.682106852531433105e-01 3.317892849445343018e-01
9.924632310867309570e-01 7.536701392382383347e-03
8.542530983686447144e-02 9.145746827125549316e-01
9.994103908538818359e-01 5.896582151763141155e-04
9.735255837440490723e-01 2.647438645362854004e-02
2.421022057533264160e-01 7.578977942466735840e-01
9.999271631240844727e-01 7.282780279638245702e-05
9.350429773330688477e-01 6.495706737041473389e-02
2.841330133378505707e-04 9.997158646583557129e-01
9.997960925102233887e-01 2.039356040768325329e-04
8.746557235717773438e-01 1.253442466259002686e-01
2.446358501911163330e-01 7.553641200065612793e-01
2.123406082391738892e-01 7.876594066619873047e-01
6.013354659080505371e-01 3.986645638942718506e-01
9.998793601989746094e-01 1.206077577080577612e-04
9.941431879997253418e-01 5.856813862919807434e-03
2.682681679725646973e-01 7.317318320274353027e-01
5.469176173210144043e-01 4.530823528766632080e-01
3.357409313321113586e-02 9.664259552955627441e-01
9.999463558197021484e-01 5.362217416404746473e-05
5.211753305047750473e-03 9.947882890701293945e-01
5.136986821889877319e-02 9.486300945281982422e-01
9.498692750930786133e-01 5.013069137930870056e-02
2.348830550909042358e-01 7.651169300079345703e-01
9.905539155006408691e-01 9.446015581488609314e-03
9.999884366989135742e-01 1.159585826826514676e-05
8.250046968460083008e-01 1.749952733516693115e-01
5.270387046039104462e-04 9.994730353355407715e-01
5.351643264293670654e-02 9.464835524559020996e-01
6.999332108534872532e-04 9.993000030517578125e-01
1.010397565551102161e-03 9.989896416664123535e-01
8.239224553108215332e-02 9.176077842712402344e-01
1.289797073695808649e-04 9.998710155487060547e-01
3.295424580574035645e-02 9.670457243919372559e-01
9.999932050704956055e-01 6.829666290286695585e-06
9.640240073204040527e-01 3.597600385546684265e-02
9.404031038284301758e-01 5.959689244627952576e-02
4.951699171215295792e-03 9.950482249259948730e-01
9.443631768226623535e-01 5.563689395785331726e-02
9.976190924644470215e-01 2.380874240770936012e-03
6.984567269682884216e-03 9.930154085159301758e-01
6.255114823579788208e-02 9.374487996101379395e-01
9.992858767509460449e-01 7.141419919207692146e-04
9.999870061874389648e-01 1.299577070312807336e-05
3.460666909813880920e-02 9.653933644294738770e-01
9.944623112678527832e-01 5.537639837712049484e-03
5.758645711466670036e-04 9.994242191314697266e-01
4.831903874874114990e-01 5.168095827102661133e-01
2.315761893987655640e-02 9.768424034118652344e-01
9.640759229660034180e-01 3.592402115464210510e-02
8.364341259002685547e-01 1.635658293962478638e-01
1.137462444603443146e-03 9.988625049591064453e-01
9.997236132621765137e-01 2.763353986665606499e-04
1.117709353566169739e-01 8.882291316986083984e-01
4.102714359760284424e-03 9.958972930908203125e-01
4.226580262184143066e-02 9.577341675758361816e-01
5.688321217894554138e-02 9.431167840957641602e-01
9.999849796295166016e-01 1.503201474406523630e-05
2.671751379966735840e-02 9.732825160026550293e-01
1.584561355412006378e-02 9.841543436050415039e-01
2.909825183451175690e-03 9.970901012420654297e-01
1.310377381742000580e-03 9.986895918846130371e-01
9.653739333152770996e-01 3.462607413530349731e-02
6.888760924339294434e-01 3.111238777637481689e-01
2.801558189094066620e-02 9.719844460487365723e-01
8.699242025613784790e-04 9.991300702095031738e-01
7.191697359085083008e-01 2.808302640914916992e-01
6.701096147298812866e-02 9.329890608787536621e-01
3.466376960277557373e-01 6.533622741699218750e-01
2.451861649751663208e-01 7.548138499259948730e-01
9.995305538177490234e-01 4.694727540481835604e-04
6.656389832496643066e-01 3.343610167503356934e-01
8.899183273315429688e-01 1.100816428661346436e-01
6.164343358250334859e-05 9.999383687973022461e-01
9.998816251754760742e-01 1.183881176984868944e-04
4.911283613182604313e-04 9.995088577270507812e-01
6.424231529235839844e-01 3.575768470764160156e-01
9.997903704643249512e-01 2.096598764182999730e-04
9.993494153022766113e-01 6.505287019535899162e-04
4.379201829433441162e-01 5.620797872543334961e-01
6.583729982376098633e-01 3.416270613670349121e-01
6.159935593605041504e-01 3.840064108371734619e-01
3.515315940603613853e-03 9.964846372604370117e-01
9.999886751174926758e-01 1.126932784245582297e-05
9.980765581130981445e-01 1.923485076986253262e-03
4.933611303567886353e-02 9.506639242172241211e-01
9.460477232933044434e-01 5.395228415727615356e-02
9.999313354492187500e-01 6.865869363537058234e-05
5.576005205512046814e-04 9.994423985481262207e-01
1.847928166389465332e-01 8.152071833610534668e-01
9.693249464035034180e-01 3.067500703036785126e-02
9.999792575836181641e-01 2.071784547297284007e-05
9.333512187004089355e-01 6.664877384901046753e-02
9.646094404160976410e-03 9.903539419174194336e-01
2.323704393347725272e-04 9.997676014900207520e-01
7.580113410949707031e-02 9.241988062858581543e-01
9.978616833686828613e-01 2.138280309736728668e-03
9.984818100929260254e-01 1.518182689324021339e-03
2.250573039054870605e-01 7.749427556991577148e-01
6.938536651432514191e-03 9.930614829063415527e-01
8.544435841031372547e-04 9.991455078125000000e-01
2.245829906314611435e-03 9.977541565895080566e-01
9.928814172744750977e-01 7.118539884686470032e-03
2.676280736923217773e-01 7.323718667030334473e-01
9.047006460605189204e-05 9.999095201492309570e-01
7.448201179504394531e-01 2.551798522472381592e-01
1.773836091160774231e-02 9.822616577148437500e-01
2.184833101637195796e-05 9.999781847000122070e-01
9.987115859985351562e-01 1.288401428610086441e-03
6.405940055847167969e-01 3.594059646129608154e-01
8.540431261062622070e-01 1.459568738937377930e-01
4.332257807254791260e-01 5.667741894721984863e-01
1.433013081550598145e-01 8.566987514495849609e-01
9.997538924217224121e-01 2.461298136040568352e-04
2.502014338970184326e-01 7.497985363006591797e-01
9.998939037322998047e-01 1.060984286596067250e-04
7.532786577939987183e-02 9.246721267700195312e-01
9.312058687210083008e-01 6.879406422376632690e-02
1.212184652686119080e-01 8.787815570831298828e-01
9.878169894218444824e-01 1.218305341899394989e-02
9.652422741055488586e-03 9.903475046157836914e-01
9.857926964759826660e-01 1.420733146369457245e-02
9.744005799293518066e-01 2.559936791658401489e-02
9.975982308387756348e-01 2.401767298579216003e-03
9.853535890579223633e-01 1.464637182652950287e-02
9.996757507324218750e-01 3.242255479563027620e-04
9.951079487800598145e-01 4.892054479569196701e-03
9.461640380322933197e-03 9.905383586883544922e-01
3.242352306842803955e-01 6.757647991180419922e-01
9.999657869338989258e-01 3.420205030124634504e-05
6.972010135650634766e-01 3.027990162372589111e-01
9.984508752822875977e-01 1.549157896079123020e-03
6.937062134966254234e-04 9.993063211441040039e-01
3.061422379687428474e-03 9.969385862350463867e-01
9.999997615814208984e-01 2.419867541902931407e-07
1.785380989313125610e-01 8.214619159698486328e-01
9.991745352745056152e-01 8.253919659182429314e-04
3.762213280424475670e-03 9.962377548217773438e-01
6.225465331226587296e-03 9.937745332717895508e-01
9.999660253524780273e-01 3.400149580556899309e-05
9.811159372329711914e-01 1.888405159115791321e-02
4.843994975090026855e-02 9.515600800514221191e-01
4.446380734443664551e-01 5.553619265556335449e-01
9.999563694000244141e-01 4.361325409263372421e-05
9.987346529960632324e-01 1.265376107767224312e-03
5.425096750259399414e-01 4.574903249740600586e-01
9.988719820976257324e-01 1.127940951846539974e-03
4.885378181934356689e-01 5.114622116088867188e-01
3.331519430503249168e-03 9.966685175895690918e-01
2.190011590719223022e-01 7.809988856315612793e-01
2.003819197416305542e-01 7.996181249618530273e-01
8.069425821304321289e-01 1.930574029684066772e-01
1.447992119938135147e-02 9.855200648307800293e-01
9.995494484901428223e-01 4.505225515458732843e-04
9.962154030799865723e-01 3.784607164561748505e-03
4.856673777103424072e-01 5.143325924873352051e-01
4.452694207429885864e-02 9.554730057716369629e-01
3.955802917480468750e-01 6.044197082519531250e-01
1.101654674857854843e-02 9.889834523200988770e-01
9.996458292007446289e-01 3.541527839843183756e-04
1.878557056188583374e-01 8.121442794799804688e-01
9.923121333122253418e-01 7.687895093113183975e-03
2.260203659534454346e-01 7.739796638488769531e-01
9.691112041473388672e-01 3.088884055614471436e-02
9.999725818634033203e-01 2.739015326369553804e-05
5.798064470291137695e-01 4.201935529708862305e-01
1.690717488527297974e-01 8.309282660484313965e-01
3.168157860636711121e-02 9.683184027671813965e-01
3.276557028293609619e-01 6.723443269729614258e-01
9.998049139976501465e-01 1.951591402757912874e-04
9.833495616912841797e-01 1.665041781961917877e-02
5.167113151401281357e-03 9.948328733444213867e-01
9.954362511634826660e-01 4.563701804727315903e-03
1.386245619505643845e-02 9.861375689506530762e-01
9.398062229156494141e-01 6.019378826022148132e-02
9.617699980735778809e-01 3.822994232177734375e-02
9.951272010803222656e-01 4.872764926403760910e-03
8.534197211265563965e-01 1.465803235769271851e-01
1.073484215885400772e-02 9.892650842666625977e-01
9.990008473396301270e-01 9.992055129259824753e-04
2.026378065347671509e-01 7.973621487617492676e-01
9.987849593162536621e-01 1.215103198774158955e-03
9.467087388038635254e-01 5.329126864671707153e-02
6.289510130882263184e-01 3.710489571094512939e-01
2.431547036394476891e-04 9.997568726539611816e-01
1.957816071808338165e-03 9.980421066284179688e-01
7.944601774215698242e-01 2.055398821830749512e-01
9.934507608413696289e-01 6.549237761646509171e-03
9.962510466575622559e-01 3.748971968889236450e-03
3.537138551473617554e-02 9.646285772323608398e-01
6.296631097793579102e-01 3.703368902206420898e-01
9.999964237213134766e-01 3.615188006733660586e-06
9.314370155334472656e-02 9.068563580513000488e-01
9.856385588645935059e-01 1.436142250895500183e-02
9.976621717214584351e-03 9.900234341621398926e-01
9.845978021621704102e-01 1.540222205221652985e-02
1.251921174116432667e-03 9.987480640411376953e-01
9.991610050201416016e-01 8.390160510316491127e-04
3.166528642177581787e-01 6.833471059799194336e-01
4.261229634284973145e-01 5.738769769668579102e-01
8.725365400314331055e-01 1.274634450674057007e-01
9.947847723960876465e-01 5.215239711105823517e-03
9.896211624145507812e-01 1.037876866757869720e-02
9.999125003814697266e-01 8.750750566832721233e-05
