8.949652910232543945e-01 1.050347387790679932e-01
9.884392619132995605e-01 1.156072504818439484e-02
9.999831914901733398e-01 1.676438841968774796e-05
3.789269598200917244e-03 9.962106943130493164e-01
9.798421263694763184e-01 2.015781216323375702e-02
1.101906993426382542e-03 9.988980293273925781e-01
6.937062134966254234e-04 9.993063211441040039e-01
1.334122270345687866e-01 8.665878176689147949e-01
4.071562434546649456e-04 9.995928406715393066e-01
6.888760924339294434e-01 3.111238777637481689e-01
9.991610050201416016e-01 8.390160510316491127e-04
9.999967813491821289e-01 3.168525608998606913e-06
5.512182787060737610e-02 9.448782205581665039e-01
9.997969269752502441e-01 2.030521864071488380e-04
9.330219775438308716e-02 9.066978693008422852e-01
9.460477232933044434e-01 5.395228415727615356e-02
9.999896287918090820e-01 1.039746621245285496e-05
1.353997504338622093e-04 9.998645782470703125e-01
2.909825183451175690e-03 9.970901012420654297e-01
3.213170170783996582e-01 6.786829829216003418e-01
9.999628067016601562e-01 3.723724148585461080e-05
1.091362070292234421e-02 9.890863895416259766e-01
9.999829530715942383e-01 1.706261900835670531e-05
1.379131712019443512e-02 9.862086772918701172e-01
7.944601774215698242e-01 2.055398821830749512e-01
6.701096147298812866e-02 9.329890608787536621e-01
1.325714588165283203e-01 8.674285411834716797e-01
9.638999104499816895e-01 3.610008209943771362e-02
9.641357660293579102e-01 3.586416691541671753e-02
8.582811951637268066e-01 1.417187452316284180e-01
9.765110611915588379e-01 2.348888665437698364e-02
9.921214580535888672e-01 7.878517732024192810e-03
5.293616652488708496e-01 4.706383049488067627e-01
9.998934268951416016e-01 1.065646429196931422e-04
8.848958015441894531e-01 1.151041761040687561e-01
9.913186430931091309e-01 8.681286126375198364e-03
3.460666909813880920e-02 9.653933644294738770e-01
9.998257756233215332e-01 1.742245658533647656e-04
5.103652477264404297e-01 4.896347522735595703e-01
7.507296204566955566e-01 2.492703795433044434e-01
9.998495578765869141e-01 1.504270621808245778e-04
9.999910593032836914e-01 8.964078006101772189e-06
9.976116940379142761e-03 9.900239109992980957e-01
2.122540081472834572e-06 9.999978542327880859e-01
7.532786577939987183e-02 9.246721267700195312e-01
3.258160352706909180e-01 6.741839647293090820e-01
1.690717488527297974e-01 8.309282660484313965e-01
4.399119019508361816e-01 5.600880384445190430e-01
9.999771118164062500e-01 2.289715666847769171e-05
1.952660977840423584e-01 8.047338724136352539e-01
9.983330368995666504e-01 1.666963100433349609e-03
1.349551894236356020e-04 9.998650550842285156e-01
9.912447333335876465e-01 8.755248039960861206e-03
4.969307407736778259e-02 9.503068923950195312e-01
1.007598824799060822e-03 9.989923834800720215e-01
9.611893296241760254e-01 3.881070017814636230e-02
9.999463558197021484e-01 5.362217416404746473e-05
4.642035855795256793e-05 9.999536275863647461e-01
9.999877214431762695e-01 1.227826305694179609e-05
6.999332108534872532e-04 9.993000030517578125e-01
5.471519034472294152e-05 9.999452829360961914e-01
9.995494484901428223e-01 4.505225515458732843e-04
1.623955438844859600e-03 9.983760118484497070e-01
6.164095401763916016e-01 3.835904300212860107e-01
6.972010135650634766e-01 3.027990162372589111e-01
9.999152421951293945e-01 8.480472752125933766e-05
9.997722506523132324e-01 2.277445455547422171e-04
6.924136281013488770e-01 3.075863420963287354e-01
9.985268115997314453e-01 1.473104348406195641e-03
2.034307830035686493e-02 9.796568751335144043e-01
3.504719934426248074e-04 9.996495246887207031e-01
6.924256013007834554e-05 9.999307394027709961e-01
7.750509381294250488e-01 2.249490469694137573e-01
9.993268251419067383e-01 6.732110632583498955e-04
9.999176263809204102e-01 8.230864477809518576e-05
6.379743218421936035e-01 3.620257079601287842e-01
8.843218684196472168e-01 1.156781092286109924e-01
9.735255837440490723e-01 2.647438645362854004e-02
1.847928166389465332e-01 8.152071833610534668e-01
9.191471934318542480e-01 8.085276931524276733e-02
9.999972581863403320e-01 2.774531594695872627e-06
9.293022751808166504e-02 9.070697426795959473e-01
1.233911374583840370e-03 9.987660646438598633e-01
9.985573887825012207e-01 1.442558015696704388e-03
4.025640955660492182e-04 9.995974898338317871e-01
6.652970314025878906e-01 3.347029685974121094e-01
9.198206663131713867e-01 8.017929643392562866e-02
2.599048428237438202e-03 9.974009990692138672e-01
9.966381788253784180e-01 3.361836774274706841e-03
9.404031038284301758e-01 5.959689244627952576e-02
9.674143791198730469e-01 3.258555009961128235e-02
7.017807220108807087e-04 9.992982149124145508e-01
8.321400284767150879e-01 1.678599566221237183e-01
9.941032528877258301e-01 5.896711722016334534e-03
4.263627827167510986e-01 5.736372470855712891e-01
9.705166220664978027e-01 2.948332205414772034e-02
9.282424449920654297e-01 7.175748795270919800e-02
9.864316582679748535e-01 1.356832589954137802e-02
9.779468178749084473e-01 2.205313183367252350e-02
9.091411232948303223e-01 9.085883200168609619e-02
8.666853904724121094e-01 1.333145797252655029e-01
9.979973435401916504e-01 2.002613386139273643e-03
2.190011590719223022e-01 7.809988856315612793e-01
6.661089602857828140e-03 9.933388829231262207e-01
3.583433330059051514e-01 6.416566371917724609e-01
7.860733568668365479e-02 9.213927388191223145e-01
7.207545638084411621e-01 2.792454659938812256e-01
4.233074784278869629e-01 5.766925215721130371e-01
9.999918937683105469e-01 8.147411790559999645e-06
5.327669903635978699e-03 9.946723580360412598e-01
9.669708013534545898e-01 3.302923217415809631e-02
9.997947812080383301e-01 2.051832707365974784e-04
1.289797073695808649e-04 9.998710155487060547e-01
1.612007059156894684e-02 9.838799834251403809e-01
7.792881131172180176e-01 2.207118868827819824e-01
8.290793895721435547e-01 1.709205657243728638e-01
8.304478973150253296e-02 9.169552326202392578e-01
4.856673777103424072e-01 5.143325924873352051e-01
3.122786583844572306e-04 9.996877908706665039e-01
9.964906573295593262e-01 3.509344998747110367e-03
9.153611608780920506e-04 9.990845918655395508e-01
9.999159574508666992e-01 8.406623237533494830e-05
9.999879598617553711e-01 1.209645597555208951e-05
1.030244820867665112e-04 9.998970031738281250e-01
9.999725818634033203e-01 2.739015326369553804e-05
5.932267289608716965e-03 9.940677881240844727e-01
1.107211932539939880e-01 8.892788290977478027e-01
2.758673578500747681e-02 9.724133014678955078e-01
7.211943864822387695e-01 2.788055837154388428e-01
4.567865431308746338e-01 5.432134270668029785e-01
9.364803433418273926e-01 6.351963430643081665e-02
9.691112041473388672e-01 3.088884055614471436e-02
7.910724878311157227e-01 2.089274674654006958e-01
9.998285770416259766e-01 1.713480451144278049e-04
9.927378296852111816e-01 7.262117229402065277e-03
9.936775565147399902e-01 6.322396453469991684e-03
3.615337889641523361e-03 9.963846206665039062e-01
3.949666734115453437e-06 9.999960660934448242e-01
9.999483823776245117e-01 5.160154614713974297e-05
9.993503689765930176e-01 6.496303831227123737e-04
2.239832974737510085e-04 9.997760653495788574e-01
9.355474710464477539e-01 6.445255875587463379e-02
9.993000030517578125e-01 7.000303594395518303e-04
9.092305898666381836e-01 9.076941013336181641e-02
5.515537858009338379e-01 4.484462440013885498e-01
9.373633265495300293e-01 6.263667345046997070e-02
9.845978021621704102e-01 1.540222205221652985e-02
9.979273080825805664e-01 2.072658622637391090e-03
9.804725050926208496e-01 1.952748186886310577e-02
9.980115890502929688e-01 1.988339005038142204e-03
9.999762773513793945e-01 2.376433985773473978e-05
9.986339211463928223e-01 1.366019481793045998e-03
5.657041072845458984e-01 4.342958629131317139e-01
9.985969662666320801e-01 1.403062837198376656e-03
3.849902451038360596e-01 6.150097846984863281e-01
9.697908908128738403e-02 9.030208587646484375e-01
8.382609486579895020e-01 1.617391109466552734e-01
9.999761581420898438e-01 2.387450876994989812e-05
2.323704393347725272e-04 9.997676014900207520e-01
2.003819197416305542e-01 7.996181249618530273e-01
9.811159372329711914e-01 1.888405159115791321e-02
9.314370155334472656e-02 9.068563580513000488e-01
2.421022057533264160e-01 7.578977942466735840e-01
3.331519430503249168e-03 9.966685175895690918e-01
9.989154338836669922e-01 1.084542949683964252e-03
9.997734427452087402e-01 2.265090733999386430e-04
7.455033659934997559e-01 2.544966936111450195e-01
9.999450445175170898e-01 5.499615508597344160e-05
9.999812841415405273e-01 1.870912637969013304e-05
9.999930858612060547e-01 6.961101462366059422e-06
1.349585782736539841e-02 9.865041971206665039e-01
6.597923040390014648e-01 3.402076959609985352e-01
8.565447926521301270e-01 1.434552073478698730e-01
1.384953502565622330e-02 9.861504435539245605e-01
9.970650076866149902e-01 2.934971125796437263e-03
8.069425821304321289e-01 1.930574029684066772e-01
7.376023859251290560e-05 9.999262094497680664e-01
6.235678791999816895e-01 3.764321208000183105e-01
3.276557028293609619e-01 6.723443269729614258e-01
9.999563694000244141e-01 4.361325409263372421e-05
1.053191125392913818e-01 8.946809172630310059e-01
8.984161019325256348e-01 1.015839651226997375e-01
9.181957840919494629e-01 8.180426806211471558e-02
1.547481417655944824e-01 8.452518582344055176e-01
1.773836091160774231e-02 9.822616577148437500e-01
9.999870061874389648e-01 1.299577070312807336e-05
6.766544282436370850e-02 9.323345422744750977e-01
5.509486794471740723e-01 4.490512907505035400e-01
2.539471536874771118e-02 9.746052622795104980e-01
9.795979857444763184e-01 2.040205895900726318e-02
3.148515522480010986e-02 9.685148000717163086e-01
7.730650901794433594e-01 2.269349694252014160e-01
9.423081278800964355e-01 5.769188702106475830e-02
1.323169767856597900e-01 8.676830530166625977e-01
9.999983310699462891e-01 1.723390255392587278e-06
4.641537554562091827e-03 9.953584074974060059e-01
4.554240498691797256e-03 9.954457283020019531e-01
9.999945163726806641e-01 5.476583282870706171e-06
9.903277754783630371e-01 9.672216139733791351e-03
7.078184280544519424e-03 9.929218888282775879e-01
1.541570667177438736e-02 9.845842719078063965e-01
3.642453253269195557e-02 9.635754823684692383e-01
9.931573271751403809e-01 6.842675618827342987e-03
1.293045729398727417e-01 8.706954121589660645e-01
2.337098412681370974e-04 9.997662901878356934e-01
9.625248312950134277e-01 3.747514262795448303e-02
1.468784268945455551e-02 9.853121638298034668e-01
9.999797344207763672e-01 2.030175710387993604e-05
3.601183152568410151e-06 9.999964237213134766e-01
1.992762684822082520e-01 8.007236719131469727e-01
9.954362511634826660e-01 4.563701804727315903e-03
6.528790108859539032e-03 9.934712648391723633e-01
9.926131963729858398e-01 7.386837154626846313e-03
9.332073926925659180e-01 6.679254025220870972e-02
9.837342500686645508e-01 1.626572012901306152e-02
7.776499725878238678e-03 9.922235608100891113e-01
9.962154030799865723e-01 3.784607164561748505e-03
5.734453443437814713e-03 9.942654967308044434e-01
9.461640380322933197e-03 9.905383586883544922e-01
3.287064656615257263e-02 9.671293497085571289e-01
2.767424881458282471e-01 7.232574820518493652e-01
6.846092343330383301e-01 3.153907954692840576e-01
2.413777634501457214e-03 9.975862503051757812e-01
9.990511536598205566e-01 9.488242212682962418e-04
3.977812360972166061e-03 9.960221648216247559e-01
9.992021918296813965e-01 7.977873901836574078e-04
8.290336728096008301e-01 1.709663569927215576e-01
1.432947963476181030e-01 8.567051887512207031e-01
9.262596815824508667e-02 9.073740839958190918e-01
1.720192134380340576e-01 8.279808163642883301e-01
5.754936933517456055e-01 4.245063364505767822e-01
9.312058687210083008e-01 6.879406422376632690e-02
9.952940344810485840e-01 4.705959931015968323e-03
9.999630451202392578e-01 3.694464976433664560e-05
9.996213912963867188e-01 3.786377492360770702e-04
5.270387046039104462e-04 9.994730353355407715e-01
9.570192694664001465e-01 4.298073425889015198e-02
1.621112227439880371e-01 8.378887772560119629e-01
9.376192092895507812e-01 6.238083541393280029e-02
9.997162222862243652e-01 2.838157233782112598e-04
9.999998807907104492e-01 9.851915194758475991e-08
9.811958074569702148e-01 1.880414783954620361e-02
6.093356013298034668e-01 3.906643986701965332e-01
9.984818100929260254e-01 1.518182689324021339e-03
4.248427450656890869e-01 5.751572847366333008e-01
9.913978576660156250e-01 8.602089248597621918e-03
2.728564739227294922e-01 7.271434664726257324e-01
9.996163845062255859e-01 3.835551324300467968e-04
5.573159456253051758e-02 9.442684650421142578e-01
8.676479458808898926e-01 1.323520541191101074e-01
7.167682647705078125e-01 2.832317352294921875e-01
9.805867671966552734e-01 1.941324025392532349e-02
9.998859167098999023e-01 1.141245666076429188e-04
9.999978542327880859e-01 2.117629037456936203e-06
1.878557056188583374e-01 8.121442794799804688e-01
9.998987913131713867e-01 1.011569402180612087e-04
9.997907280921936035e-01 2.092576469294726849e-04
2.614510953426361084e-01 7.385489344596862793e-01
2.646433313202578574e-05 9.999735355377197266e-01
9.916152358055114746e-01 8.384735323488712311e-03
1.279285401105880737e-01 8.720714449882507324e-01
1.566599676152691245e-04 9.998433589935302734e-01
9.996229410171508789e-01 3.770255134440958500e-04
4.147832223679870367e-04 9.995852112770080566e-01
4.332257807254791260e-01 5.667741894721984863e-01
3.281828165054321289e-01 6.718171834945678711e-01
9.974644184112548828e-01 2.535556210204958916e-03
9.898704886436462402e-01 1.012953650206327438e-02
9.986126422882080078e-01 1.387377269566059113e-03
3.634875873103737831e-03 9.963650703430175781e-01
9.994303584098815918e-01 5.696187145076692104e-04
1.176948845386505127e-02 9.882305860519409180e-01
5.380120873451232910e-02 9.461988210678100586e-01
4.379201829433441162e-01 5.620797872543334961e-01
8.540431261062622070e-01 1.459568738937377930e-01
1.168583767139352858e-04 9.998831748962402344e-01
9.992947578430175781e-01 7.052459404803812504e-04
9.896211624145507812e-01 1.037876866757869720e-02
9.992353916168212891e-01 7.646252634003758430e-04
1.458209156990051270e-01 8.541791439056396484e-01
9.989550113677978516e-01 1.044980599544942379e-03
9.988937973976135254e-01 1.106181298382580280e-03
7.185214161872863770e-01 2.814786434173583984e-01
2.858741208910942078e-02 9.714125990867614746e-01
9.999642372131347656e-01 3.572172863641753793e-05
9.986489415168762207e-01 1.351107959635555744e-03
5.061405524611473083e-02 9.493859410285949707e-01
5.338370800018310547e-01 4.661629498004913330e-01
9.207486873492598534e-04 9.990792274475097656e-01
9.997076392173767090e-01 2.923099382314831018e-04
3.324523568153381348e-03 9.966754913330078125e-01
7.452764548361301422e-04 9.992547631263732910e-01
1.388970613479614258e-01 8.611029386520385742e-01
2.833626524534338387e-07 9.999997615814208984e-01
9.997567534446716309e-01 2.432975743431597948e-04
3.981710225343704224e-02 9.601829051971435547e-01
9.734885767102241516e-03 9.902651309967041016e-01
9.999239444732666016e-01 7.610008469782769680e-05
9.997903704643249512e-01 2.096598764182999730e-04
9.350429773330688477e-01 6.495706737041473389e-02
1.153979334048926830e-03 9.988460540771484375e-01
5.218614265322685242e-02 9.478139281272888184e-01
3.031511045992374420e-02 9.696848392486572266e-01
2.496945671737194061e-02 9.750305414199829102e-01
9.629558920860290527e-01 3.704409301280975342e-02
8.715529441833496094e-01 1.284470707178115845e-01
3.963040709495544434e-01 6.036958694458007812e-01
9.020115137100219727e-01 9.798850119113922119e-02
1.323301717638969421e-02 9.867669939994812012e-01
4.844340682029724121e-02 9.515566229820251465e-01
9.999884366989135742e-01 1.159174462372902781e-05
9.998155236244201660e-01 1.844940561568364501e-04
2.254224270582199097e-01 7.745774984359741211e-01
2.121331244707107544e-01 7.878668904304504395e-01
9.887045025825500488e-01 1.129549462348222733e-02
1.148438155651092529e-01 8.851561546325683594e-01
3.827918786555528641e-03 9.961721301078796387e-01
8.933548927307128906e-01 1.066450625658035278e-01
2.080467529594898224e-02 9.791953563690185547e-01
9.991880059242248535e-01 8.119943668134510517e-04
4.273729398846626282e-02 9.572626948356628418e-01
1.037175752571783960e-05 9.999896287918090820e-01
8.876918554306030273e-01 1.123081222176551819e-01
2.521714754402637482e-02 9.747828841209411621e-01
3.478015714790672064e-04 9.996521472930908203e-01
6.383741128956899047e-05 9.999361038208007812e-01
4.618186503648757935e-04 9.995381832122802734e-01
9.988783001899719238e-01 1.121685490943491459e-03
9.999997615814208984e-01 2.663324494278640486e-07
5.627537965774536133e-01 4.372462034225463867e-01
9.976035952568054199e-01 2.396382857114076614e-03
6.675400137901306152e-01 3.324600160121917725e-01
5.219168029725551605e-03 9.947808384895324707e-01
9.998325109481811523e-01 1.674137456575408578e-04
9.982345104217529297e-01 1.765412278473377228e-03
9.999257326126098633e-01 7.430518598994240165e-05
8.527483940124511719e-01 1.472515612840652466e-01
9.590179920196533203e-01 4.098201915621757507e-02
9.999998807907104492e-01 6.021275567036354914e-08
8.356230705976486206e-02 9.164376854896545410e-01
2.507272362709045410e-01 7.492728233337402344e-01
7.901859283447265625e-02 9.209814071655273438e-01
9.989879727363586426e-01 1.012022839859127998e-03
9.999697208404541016e-01 3.031822052435018122e-05
2.219784772023558617e-03 9.977802634239196777e-01
9.839058518409729004e-01 1.609419658780097961e-02
5.798064470291137695e-01 4.201935529708862305e-01
2.318297177553176880e-01 7.681702375411987305e-01
6.159935593605041504e-01 3.840064108371734619e-01
5.092210173606872559e-01 4.907789528369903564e-01
2.648526057600975037e-02 9.735147356986999512e-01
3.944051861763000488e-01 6.055948734283447266e-01
9.931849837303161621e-01 6.815047468990087509e-03
9.010010398924350739e-04 9.990990161895751953e-01
9.744005799293518066e-01 2.559936791658401489e-02
9.999986886978149414e-01 1.347775764770631213e-06
9.999884366989135742e-01 1.159585826826514676e-05
3.628237918019294739e-02 9.637176394462585449e-01
6.225465331226587296e-03 9.937745332717895508e-01
5.546740889549255371e-01 4.453259110450744629e-01
6.984567269682884216e-03 9.930154085159301758e-01
9.999914169311523438e-01 8.594741302658803761e-06
9.989901185035705566e-01 1.009878003969788551e-03
8.357936739921569824e-01 1.642063260078430176e-01
9.949954748153686523e-01 5.004544742405414581e-03
9.988603591918945312e-01 1.139595173299312592e-03
2.256946172565221786e-04 9.997742772102355957e-01
1.007820101222023368e-04 9.998991489410400391e-01
3.880212083458900452e-02 9.611978530883789062e-01
5.020892713218927383e-03 9.949790835380554199e-01
9.999395608901977539e-01 6.046723865438252687e-05
9.911373853683471680e-01 8.862668648362159729e-03
9.999839067459106445e-01 1.606770820217207074e-05
1.428575068712234497e-01 8.571424484252929688e-01
5.937651731073856354e-03 9.940623641014099121e-01
9.828961919993162155e-04 9.990171194076538086e-01
9.999202489852905273e-01 7.969473517732694745e-05
1.649223850108683109e-03 9.983507394790649414e-01
4.691070318222045898e-02 9.530892968177795410e-01
1.215566024184226990e-01 8.784433603286743164e-01
9.057399438461288810e-06 9.999909400939941406e-01
3.799412548542022705e-01 6.200587749481201172e-01
7.580113410949707031e-02 9.241988062858581543e-01
7.622307538986206055e-01 2.377692162990570068e-01
1.707166135311126709e-01 8.292834162712097168e-01
9.691643714904785156e-01 3.083560615777969360e-02
1.246623545885086060e-01 8.753377199172973633e-01
9.995865225791931152e-01 4.135171184316277504e-04
1.543288826942443848e-01 8.456710577011108398e-01
1.399901788681745529e-02 9.860009551048278809e-01
8.662819266319274902e-01 1.337180286645889282e-01
9.646589756011962891e-01 3.534105420112609863e-02
4.438289254903793335e-02 9.556171298027038574e-01
8.195158243179321289e-01 1.804842352867126465e-01
2.601245343685150146e-01 7.398754358291625977e-01
9.971508383750915527e-01 2.849184442311525345e-03
9.988378882408142090e-01 1.162184635177254677e-03
1.345186308026313782e-02 9.865481257438659668e-01
2.682681679725646973e-01 7.317318320274353027e-01
9.843839406967163086e-01 1.561609283089637756e-02
4.398660957813262939e-01 5.601339340209960938e-01
2.105930820107460022e-03 9.978941082954406738e-01
1.216647564433515072e-03 9.987834095954895020e-01
9.999960660934448242e-01 3.954995918320491910e-06
4.211711930111050606e-04 9.995787739753723145e-01
8.413419127464294434e-03 9.915865659713745117e-01
9.998803138732910156e-01 1.196274242829531431e-04
9.998151659965515137e-01 1.848862448241561651e-04
5.405218526721000671e-02 9.459478855133056641e-01
9.998965263366699219e-01 1.034142405842430890e-04
9.990027546882629395e-01 9.972307598218321800e-04
1.314977109432220459e-01 8.685022592544555664e-01
7.595663191750645638e-04 9.992403984069824219e-01
9.125242233276367188e-01 8.747576177120208740e-02
9.999970197677612305e-01 2.930994924099650234e-06
9.999654293060302734e-01 3.453504541539587080e-05
5.717773437500000000e-01 4.282227158546447754e-01
1.072753444314002991e-01 8.927246928215026855e-01
9.443668723106384277e-01 5.563309043645858765e-02
9.999107122421264648e-01 8.924144640332087874e-05
9.815577864646911621e-01 1.844223402440547943e-02
9.994006156921386719e-01 5.993747035972774029e-04
1.169859394431114197e-01 8.830140829086303711e-01
8.887667208909988403e-03 9.911122918128967285e-01
9.999582767486572266e-01 4.171627369942143559e-05
9.999521970748901367e-01 4.785475175594910979e-05
4.102714359760284424e-03 9.958972930908203125e-01
1.731097698211669922e-02 9.826890230178833008e-01
9.758253097534179688e-01 2.417470701038837433e-02
9.997944235801696777e-01 2.056286612059921026e-04
2.697123885154724121e-01 7.302876114845275879e-01
9.983454942703247070e-01 1.654460909776389599e-03
9.637203812599182129e-02 9.036279916763305664e-01
1.755594275891780853e-03 9.982444047927856445e-01
9.999969005584716797e-01 3.099995637967367657e-06
9.620994925498962402e-01 3.790049999952316284e-02
2.150428593158721924e-01 7.849571704864501953e-01
6.504365243017673492e-03 9.934955835342407227e-01
6.255114823579788208e-02 9.374487996101379395e-01
8.596864063292741776e-06 9.999914169311523438e-01
1.338327885605394840e-03 9.986616373062133789e-01
9.997743964195251465e-01 2.256089792354032397e-04
2.365331538021564484e-02 9.763467311859130859e-01
2.208665944635868073e-02 9.779133200645446777e-01
9.998996257781982422e-01 1.003405268420465291e-04
6.516717839986085892e-04 9.993483424186706543e-01
2.399503951892256737e-03 9.976004958152770996e-01
1.620550610823556781e-04 9.998378753662109375e-01
8.375133275985717773e-01 1.624867171049118042e-01
9.612079858779907227e-01 3.879205882549285889e-02
9.999673366546630859e-01 3.270083470852114260e-05
8.967465758323669434e-01 1.032533645629882812e-01
9.881693124771118164e-01 1.183065026998519897e-02
1.022782251238822937e-01 8.977218270301818848e-01
7.739235162734985352e-01 2.260764688253402710e-01
9.978187084197998047e-01 2.181248273700475693e-03
9.558180570602416992e-01 4.418193921446800232e-02
1.957816071808338165e-03 9.980421066284179688e-01
8.786622434854507446e-03 9.912133812904357910e-01
6.178584881126880646e-03 9.938213825225830078e-01
2.671751379966735840e-02 9.732825160026550293e-01
1.228286302648484707e-03 9.987717270851135254e-01
9.989333748817443848e-01 1.066562253981828690e-03
1.350369602441787720e-01 8.649630546569824219e-01
6.334266072371974587e-05 9.999366998672485352e-01
5.979862529784440994e-03 9.940202236175537109e-01
9.988743662834167480e-01 1.125600305385887623e-03
4.459915459156036377e-01 5.540084838867187500e-01
8.214027620851993561e-03 9.917859435081481934e-01
9.991907477378845215e-01 8.092919015325605869e-04
1.379097402095794678e-01 8.620902299880981445e-01
9.995305538177490234e-01 4.694727540481835604e-04
9.069711565971374512e-01 9.302885085344314575e-02
5.790254473686218262e-01 4.209745526313781738e-01
6.546694040298461914e-01 3.453306257724761963e-01
9.991077780723571777e-01 8.921448606997728348e-04
3.220899379812180996e-04 9.996778964996337891e-01
1.266070408746600151e-03 9.987339377403259277e-01
1.591747403144836426e-01 8.408253192901611328e-01
9.986956715583801270e-01 1.304370001889765263e-03
4.520337097346782684e-04 9.995478987693786621e-01
9.975982308387756348e-01 2.401767298579216003e-03
1.774510252289474010e-03 9.982255101203918457e-01
9.991555213928222656e-01 8.444222621619701385e-04
1.233580987900495529e-04 9.998766183853149414e-01
9.712754487991333008e-01 2.872451208531856537e-02
2.249704599380493164e-01 7.750295400619506836e-01
9.962044358253479004e-01 3.795566037297248840e-03
1.590094529092311859e-03 9.984098672866821289e-01
4.097492992877960205e-01 5.902506709098815918e-01
9.996458292007446289e-01 3.541527839843183756e-04
9.999359846115112305e-01 6.401628343155607581e-05
9.908084273338317871e-01 9.191539138555526733e-03
9.997753500938415527e-01 2.246486401418223977e-04
9.994377493858337402e-01 5.622333264909684658e-04
9.983071088790893555e-01 1.692840596660971642e-03
9.999321699142456055e-01 6.780269904993474483e-05
9.326230883598327637e-01 6.737693399190902710e-02
9.957026839256286621e-01 4.297265317291021347e-03
2.324770987033843994e-01 7.675229310989379883e-01
9.997903704643249512e-01 2.096732787322252989e-04
7.717306613922119141e-01 2.282693684101104736e-01
9.999387264251708984e-01 6.126672815298661590e-05
9.181081056594848633e-01 8.189182728528976440e-02
4.754937440156936646e-02 9.524506330490112305e-01
6.993684768676757812e-01 3.006314933300018311e-01
9.387575089931488037e-02 9.061242341995239258e-01
4.047274962067604065e-02 9.595271944999694824e-01
6.814066767692565918e-01 3.185932934284210205e-01
9.970036149024963379e-01 2.996383933350443840e-03
2.692530862987041473e-03 9.973074197769165039e-01
9.745362401008605957e-01 2.546377480030059814e-02
9.341784566640853882e-02 9.065821170806884766e-01
4.593699276447296143e-01 5.406300425529479980e-01
2.558219013735651970e-03 9.974417686462402344e-01
9.999854564666748047e-01 1.451136358809890226e-05
7.486526737920939922e-04 9.992513060569763184e-01
2.524208044633269310e-03 9.974758028984069824e-01
9.775503873825073242e-01 2.244964800775051117e-02
1.901342347264289856e-02 9.809865355491638184e-01
9.893943667411804199e-01 1.060560997575521469e-02
9.999569654464721680e-01 4.301129592931829393e-05
1.500634534750133753e-04 9.998499155044555664e-01
9.999611377716064453e-01 3.885340629494749010e-05
3.902982547879219055e-02 9.609701037406921387e-01
9.640759229660034180e-01 3.592402115464210510e-02
3.189907371997833252e-01 6.810092329978942871e-01
7.098774076439440250e-04 9.992901086807250977e-01
9.617699980735778809e-01 3.822994232177734375e-02
1.057119201868772507e-02 9.894288182258605957e-01
9.999933242797851562e-01 6.665041382802883163e-06
1.451863069087266922e-02 9.854814410209655762e-01
9.961518645286560059e-01 3.848074236884713173e-03
9.994076490402221680e-01 5.923276185058057308e-04
5.073956251144409180e-01 4.926044046878814697e-01
5.094789341092109680e-02 9.490520954132080078e-01
5.700236069969832897e-04 9.994300007820129395e-01
4.947933121002279222e-05 9.999505281448364258e-01
8.239224553108215332e-02 9.176077842712402344e-01
3.770257532596588135e-01 6.229742765426635742e-01
9.990851879119873047e-01 9.148473036475479603e-04
3.686838224530220032e-02 9.631316661834716797e-01
1.067324802279472351e-01 8.932675123214721680e-01
5.855406634509563446e-03 9.941446185111999512e-01
3.787552705034613609e-04 9.996212720870971680e-01
3.627284243702888489e-02 9.637271761894226074e-01
4.843994975090026855e-02 9.515600800514221191e-01
9.996672868728637695e-01 3.327260492369532585e-04
9.999799728393554688e-01 2.003048030019272119e-05
1.011592539725825191e-04 9.998987913131713867e-01
2.448511659167706966e-04 9.997552037239074707e-01
1.095550487661967054e-05 9.999890327453613281e-01
9.515796899795532227e-01 4.842029884457588196e-02
9.996320009231567383e-01 3.680220688693225384e-04
9.999979734420776367e-01 1.990226110137882642e-06
2.434831112623214722e-03 9.975651502609252930e-01
9.983984827995300293e-01 1.601566676981747150e-03
9.998539686203002930e-01 1.459978229831904173e-04
2.184833101637195796e-05 9.999781847000122070e-01
9.999954700469970703e-01 4.495969733397942036e-06
9.634436964988708496e-01 3.655630350112915039e-02
4.951699171215295792e-03 9.950482249259948730e-01
1.299306470900774002e-02 9.870069026947021484e-01
4.206839203834533691e-02 9.579315781593322754e-01
9.945585131645202637e-01 5.441504530608654022e-03
4.810427129268646240e-02 9.518957734107971191e-01
9.974142313003540039e-01 2.585699316114187241e-03
8.899183273315429688e-01 1.100816428661346436e-01
4.104040190577507019e-02 9.589595794677734375e-01
8.965142965316772461e-01 1.034857034683227539e-01
1.474334597587585449e-01 8.525664806365966797e-01
4.330320358276367188e-01 5.669680237770080566e-01
8.364341259002685547e-01 1.635658293962478638e-01
9.995458722114562988e-01 4.541297385003417730e-04
2.947476692497730255e-03 9.970525503158569336e-01
9.920912981033325195e-01 7.908690720796585083e-03
9.999980926513671875e-01 1.884466655610594898e-06
2.250573039054870605e-01 7.749427556991577148e-01
2.586988918483257294e-02 9.741300344467163086e-01
9.998317956924438477e-01 1.682237780187278986e-04
9.996126294136047363e-01 3.874262911267578602e-04
1.771594956517219543e-02 9.822841286659240723e-01
9.992271661758422852e-01 7.728242198936641216e-04
9.999411106109619141e-01 5.894101559533737600e-05
9.901324510574340820e-01 9.867538698017597198e-03
9.968794584274291992e-01 3.120506880804896355e-03
9.471303224563598633e-01 5.286964774131774902e-02
9.005687832832336426e-01 9.943121671676635742e-02
9.998049139976501465e-01 1.951591402757912874e-04
1.925426768139004707e-04 9.998075366020202637e-01
4.531336128711700439e-01 5.468664169311523438e-01
9.137094020843505859e-01 8.629061281681060791e-02
9.994798302650451660e-01 5.202221218496561050e-04
7.256629317998886108e-02 9.274336695671081543e-01
5.450977478176355362e-03 9.945489764213562012e-01
9.047006460605189204e-05 9.999095201492309570e-01
9.908775687217712402e-01 9.122377261519432068e-03
2.817404456436634064e-02 9.718258976936340332e-01
9.986101388931274414e-01 1.389790675602853298e-03
9.963855743408203125e-01 3.614369546994566917e-03
9.151479005813598633e-01 8.485207706689834595e-02
5.774996876716613770e-01 4.225003421306610107e-01
9.227011203765869141e-01 7.729892432689666748e-02
9.612742811441421509e-03 9.903872609138488770e-01
3.837317926809191704e-04 9.996162652969360352e-01
9.990008473396301270e-01 9.992055129259824753e-04
9.693249464035034180e-01 3.067500703036785126e-02
9.912431240081787109e-01 8.756866678595542908e-03
9.990265369415283203e-01 9.734760969877243042e-04
5.688321217894554138e-02 9.431167840957641602e-01
2.509773708879947662e-02 9.749022722244262695e-01
5.136986821889877319e-02 9.486300945281982422e-01
1.373675651848316193e-03 9.986263513565063477e-01
6.296631097793579102e-01 3.703368902206420898e-01
9.995658993721008301e-01 4.341333988122642040e-04
9.964770674705505371e-01 3.522921120747923851e-03
8.503168076276779175e-02 9.149683117866516113e-01
9.584933519363403320e-01 4.150662571191787720e-02
9.985797405242919922e-01 1.420235261321067810e-03
2.406229823827743530e-01 7.593770623207092285e-01
9.783381819725036621e-01 2.166184969246387482e-02
5.619031190872192383e-01 4.380969107151031494e-01
4.758913069963455200e-02 9.524108171463012695e-01
2.892752885818481445e-01 7.107247114181518555e-01
9.987782835960388184e-01 1.221728743985295296e-03
3.852483350783586502e-04 9.996147155761718750e-01
9.682783484458923340e-01 3.172166272997856140e-02
9.999400377273559570e-01 5.999327186145819724e-05
9.976336956024169922e-01 2.366352593526244164e-03
2.451861649751663208e-01 7.548138499259948730e-01
3.550083041191101074e-01 6.449916362762451172e-01
1.630329759791493416e-03 9.983696341514587402e-01
9.998816251754760742e-01 1.183201748062856495e-04
9.936622381210327148e-01 6.337716709822416306e-03
9.600139856338500977e-01 3.998597338795661926e-02
1.117709353566169739e-01 8.882291316986083984e-01
6.164343358250334859e-05 9.999383687973022461e-01
8.252639174461364746e-01 1.747360676527023315e-01
9.995774626731872559e-01 4.225864249747246504e-04
4.576447606086730957e-01 5.423551797866821289e-01
7.951787710189819336e-01 2.048212289810180664e-01
1.840560435084626079e-04 9.998160004615783691e-01
4.408748745918273926e-01 5.591251254081726074e-01
7.929349085316061974e-04 9.992070794105529785e-01
9.987346529960632324e-01 1.265376107767224312e-03
9.079470634460449219e-01 9.205295890569686890e-02
9.986796975135803223e-01 1.320260693319141865e-03
6.405940055847167969e-01 3.594059646129608154e-01
8.393602818250656128e-02 9.160640239715576172e-01
6.360991299152374268e-02 9.363901615142822266e-01
7.209409028291702271e-03 9.927905797958374023e-01
1.212580036371946335e-02 9.878742098808288574e-01
9.623694419860839844e-01 3.763052448630332947e-02
9.528532624244689941e-03 9.904714822769165039e-01
9.944623112678527832e-01 5.537639837712049484e-03
9.994065761566162109e-01 5.934404907748103142e-04
4.742842866107821465e-04 9.995257854461669922e-01
2.170994132757186890e-02 9.782900214195251465e-01
2.841825410723686218e-02 9.715817570686340332e-01
9.927521944046020508e-01 7.247854955494403839e-03
9.999434947967529297e-01 5.651048559229820967e-05
2.470211824402213097e-03 9.975298047065734863e-01
9.991691112518310547e-01 8.309701806865632534e-04
9.282067418098449707e-01 7.179328054189682007e-02
4.953400194644927979e-01 5.046599507331848145e-01
9.986535310745239258e-01 1.346462988294661045e-03
9.999582767486572266e-01 4.166895450907759368e-05
9.856960773468017578e-01 1.430386770516633987e-02
2.071261964738368988e-02 9.792873859405517578e-01
2.862839400768280029e-01 7.137160897254943848e-01
9.350248612463474274e-03 9.906497597694396973e-01
1.045898348093032837e-02 9.895409941673278809e-01
6.682106852531433105e-01 3.317892849445343018e-01
9.965798258781433105e-01 3.420193446800112724e-03
7.069395184516906738e-01 2.930605113506317139e-01
8.319723010063171387e-01 1.680276840925216675e-01
1.418781653046607971e-02 9.858121871948242188e-01
9.998794794082641602e-01 1.204767249873839319e-04
2.775234729051589966e-02 9.722476601600646973e-01
1.199951395392417908e-01 8.800048828125000000e-01
5.351643264293670654e-02 9.464835524559020996e-01
7.191697359085083008e-01 2.808302640914916992e-01
7.911765575408935547e-01 2.088233679533004761e-01
9.999427795410156250e-01 5.717870226362720132e-05
9.999861717224121094e-01 1.381350648443913087e-05
9.999904632568359375e-01 9.581435733707621694e-06
9.214081168174743652e-01 7.859189808368682861e-02
9.999914169311523438e-01 8.598160093242768198e-06
7.189005613327026367e-01 2.810994386672973633e-01
6.149497628211975098e-01 3.850502371788024902e-01
1.635350199649110436e-04 9.998364448547363281e-01
2.236314862966537476e-02 9.776368141174316406e-01
4.521769285202026367e-02 9.547823667526245117e-01
6.066395640373229980e-01 3.933604061603546143e-01
9.998415708541870117e-01 1.584561687195673585e-04
7.836144417524337769e-03 9.921637773513793945e-01
9.848965406417846680e-01 1.510342210531234741e-02
6.310761570930480957e-01 3.689238727092742920e-01
9.987193346023559570e-01 1.280655735172331333e-03
3.466376960277557373e-01 6.533622741699218750e-01
1.551559474319219589e-02 9.844843745231628418e-01
2.004676032811403275e-03 9.979953765869140625e-01
1.106435712426900864e-02 9.889356493949890137e-01
3.880730830132961273e-03 9.961192607879638672e-01
9.999884366989135742e-01 1.153246648755157366e-05
9.997592568397521973e-01 2.406871353741735220e-04
9.991410970687866211e-01 8.588366908952593803e-04
5.592392086982727051e-01 4.407608211040496826e-01
1.684044487774372101e-03 9.983159303665161133e-01
9.556973576545715332e-01 4.430262744426727295e-02
9.980047345161437988e-01 1.995286205783486366e-03
9.554143548011779785e-01 4.458564147353172302e-02
9.427398443222045898e-03 9.905726313591003418e-01
5.606275983154773712e-03 9.943937063217163086e-01
9.956842660903930664e-01 4.315720405429601669e-03
9.984508752822875977e-01 1.549157896079123020e-03
9.085888862609863281e-01 9.141110628843307495e-02
9.594983458518981934e-01 4.050162062048912048e-02
8.117104698612820357e-06 9.999918937683105469e-01
4.780154228210449219e-01 5.219846367835998535e-01
9.438909292221069336e-01 5.610907077789306641e-02
1.362957991659641266e-03 9.986370205879211426e-01
9.557120800018310547e-01 4.428787901997566223e-02
4.483451843261718750e-01 5.516548156738281250e-01
9.494753479957580566e-01 5.052465572953224182e-02
7.482639048248529434e-04 9.992516636848449707e-01
9.853949546813964844e-01 1.460500713437795639e-02
9.413965940475463867e-01 5.860338360071182251e-02
8.003810644149780273e-01 1.996189504861831665e-01
8.722297549247741699e-01 1.277701854705810547e-01
2.165828831493854523e-02 9.783416986465454102e-01
2.616333216428756714e-02 9.738367199897766113e-01
9.999313354492187500e-01 6.865869363537058234e-05
6.751554608345031738e-01 3.248445093631744385e-01
9.997779726982116699e-01 2.220645983470603824e-04
7.385289669036865234e-01 2.614709734916687012e-01
9.638966917991638184e-01 3.610330447554588318e-02
9.992657303810119629e-01 7.342901080846786499e-04
3.154754340648651123e-01 6.845245361328125000e-01
9.498692750930786133e-01 5.013069137930870056e-02
6.372856348752975464e-02 9.362714290618896484e-01
8.323957445099949837e-05 9.999167919158935547e-01
2.910250425338745117e-02 9.708974957466125488e-01
8.618813157081604004e-01 1.381187140941619873e-01
8.867836594581604004e-01 1.132163479924201965e-01
1.755559146404266357e-01 8.244440555572509766e-01
9.998540878295898438e-01 1.458793994970619678e-04
3.762213280424475670e-03 9.962377548217773438e-01
9.104411602020263672e-01 8.955881744623184204e-02
2.823857963085174561e-02 9.717614054679870605e-01
9.999787807464599609e-01 2.126125036738812923e-05
8.133552670478820801e-01 1.866447329521179199e-01
3.063553711399435997e-03 9.969364404678344727e-01
6.656389832496643066e-01 3.343610167503356934e-01
9.999886751174926758e-01 1.126932784245582297e-05
9.999792575836181641e-01 2.071784547297284007e-05
9.992372989654541016e-01 7.626782753504812717e-04
9.374796152114868164e-01 6.252041459083557129e-02
2.329062968492507935e-01 7.670936584472656250e-01
8.621115088462829590e-01 1.378884762525558472e-01
9.995886683464050293e-01 4.112899478059262037e-04
6.734432280063629150e-02 9.326556324958801270e-01
7.937978953123092651e-02 9.206202626228332520e-01
9.985226988792419434e-01 1.477333600632846355e-03
4.278256744146347046e-02 9.572175145149230957e-01
7.965784170664846897e-04 9.992033839225769043e-01
4.854552447795867920e-02 9.514545202255249023e-01
9.931493401527404785e-01 6.850642152130603790e-03
9.896091222763061523e-01 1.039090286940336227e-02
9.993560910224914551e-01 6.439469871111214161e-04
6.289510130882263184e-01 3.710489571094512939e-01
8.575486391782760620e-02 9.142451882362365723e-01
9.999376535415649414e-01 6.235194450709968805e-05
9.398062229156494141e-01 6.019378826022148132e-02
5.667220354080200195e-01 4.332779347896575928e-01
9.493770448898430914e-06 9.999904632568359375e-01
1.846628612838685513e-03 9.981533885002136230e-01
9.932249188423156738e-01 6.775084882974624634e-03
9.382578730583190918e-01 6.174213811755180359e-02
1.163597591221332550e-02 9.883639812469482422e-01
8.816348016262054443e-02 9.118365645408630371e-01
5.128580331802368164e-02 9.487141966819763184e-01
5.562051534652709961e-01 4.437949061393737793e-01
7.094362378120422363e-01 2.905637919902801514e-01
5.045199766755104065e-02 9.495480060577392578e-01
8.847551420331001282e-03 9.911524653434753418e-01
9.824622869491577148e-01 1.753764040768146515e-02
9.935818910598754883e-01 6.418173201382160187e-03
2.440762370824813843e-01 7.559237480163574219e-01
7.548433542251586914e-02 9.245157241821289062e-01
5.444282293319702148e-01 4.555717706680297852e-01
9.990527033805847168e-01 9.472755482420325279e-04
2.382079958915710449e-01 7.617920041084289551e-01
1.013604342006146908e-03 9.989864230155944824e-01
4.831903874874114990e-01 5.168095827102661133e-01
9.548330307006835938e-01 4.516700655221939087e-02
9.350849986076354980e-01 6.491507589817047119e-02
9.997854828834533691e-01 2.145779726561158895e-04
3.951782882213592529e-01 6.048217415809631348e-01
9.991745352745056152e-01 8.253919659182429314e-04
4.403956979513168335e-02 9.559603929519653320e-01
3.691887259483337402e-01 6.308112740516662598e-01
2.431547036394476891e-04 9.997568726539611816e-01
9.622626900672912598e-01 3.773726150393486023e-02
5.167113151401281357e-03 9.948328733444213867e-01
2.502014338970184326e-01 7.497985363006591797e-01
1.584561355412006378e-02 9.841543436050415039e-01
8.709894865751266479e-02 9.129011034965515137e-01
3.868582716677337885e-04 9.996132254600524902e-01
3.515315940603613853e-03 9.964846372604370117e-01
2.801558189094066620e-02 9.719844460487365723e-01
9.905539155006408691e-01 9.446015581488609314e-03
9.983857870101928711e-01 1.614282839000225067e-03
4.016171442344784737e-04 9.995984435081481934e-01
1.050518403644673526e-04 9.998949766159057617e-01
5.329115781933069229e-03 9.946709275245666504e-01
9.610148072242736816e-01 3.898517787456512451e-02
9.989640712738037109e-01 1.035873079672455788e-03
7.390292286872863770e-01 2.609707713127136230e-01
9.998295307159423828e-01 1.704152382444590330e-04
1.160500477999448776e-02 9.883949756622314453e-01
9.988884329795837402e-01 1.111631165258586407e-03
9.394164085388183594e-01 6.058363243937492371e-02
9.990208148956298828e-01 9.791230550035834312e-04
9.998778104782104492e-01 1.221678394358605146e-04
8.669658750295639038e-02 9.133034348487854004e-01
8.463113307952880859e-01 1.536887437105178833e-01
2.123406082391738892e-01 7.876594066619873047e-01
9.761648178100585938e-01 2.383516542613506317e-02
9.995123147964477539e-01 4.876713792327791452e-04
9.806678295135498047e-01 1.933220401406288147e-02
1.139018405228853226e-02 9.886097908020019531e-01
9.957316517829895020e-01 4.268402699381113052e-03
3.904155641794204712e-02 9.609584808349609375e-01
9.488857388496398926e-01 5.111424624919891357e-02
9.895259141921997070e-01 1.047412585467100143e-02
9.960583448410034180e-01 3.941683098673820496e-03
5.055659413337707520e-01 4.944340586662292480e-01
9.935460686683654785e-01 6.453887559473514557e-03
9.973752312362194061e-03 9.900262355804443359e-01
9.998262524604797363e-01 1.738185528665781021e-04
9.999539852142333984e-01 4.602848275681026280e-05
2.725051529705524445e-02 9.727494716644287109e-01
9.327861070632934570e-01 6.721388548612594604e-02
9.976190924644470215e-01 2.380874240770936012e-03
9.082598611712455750e-03 9.909173846244812012e-01
9.999136924743652344e-01 8.626018825452774763e-05
9.593801498413085938e-01 4.061985015869140625e-02
1.851687431335449219e-01 8.148312568664550781e-01
8.229430913925170898e-01 1.770568639039993286e-01
