2.184833101637195796e-05 9.999781847000122070e-01
9.669871926307678223e-01 3.301282599568367004e-02
9.999107122421264648e-01 8.924144640332087874e-05
7.452764548361301422e-04 9.992547631263732910e-01
9.978092312812805176e-01 2.190793631598353386e-03
8.984161019325256348e-01 1.015839651226997375e-01
4.803604388143867254e-04 9.995197057723999023e-01
2.767253434285521507e-03 9.972327351570129395e-01
5.270387046039104462e-04 9.994730353355407715e-01
9.993671774864196777e-01 6.328662857413291931e-04
2.062851272057741880e-04 9.997937083244323730e-01
9.438909292221069336e-01 5.610907077789306641e-02
6.734432280063629150e-02 9.326556324958801270e-01
3.642453253269195557e-02 9.635754823684692383e-01
9.999533891677856445e-01 4.664173684432171285e-05
9.998713731765747070e-01 1.286152983084321022e-04
9.988783001899719238e-01 1.121685490943491459e-03
9.999488592147827148e-01 5.108607365400530398e-05
9.983381032943725586e-01 1.661881105974316597e-03
4.831903874874114990e-01 5.168095827102661133e-01
9.997572302818298340e-01 2.427984145469963551e-04
4.843994975090026855e-02 9.515600800514221191e-01
9.693249464035034180e-01 3.067500703036785126e-02
1.527311652898788452e-01 8.472688198089599609e-01
1.957816071808338165e-03 9.980421066284179688e-01
4.618186503648757935e-04 9.995381832122802734e-01
9.834814667701721191e-01 1.651855371892452240e-02
9.931849837303161621e-01 6.815047468990087509e-03
2.468187361955642700e-02 9.753181338310241699e-01
9.999939203262329102e-01 6.093465799494879320e-06
8.949652910232543945e-01 1.050347387790679932e-01
1.433061202988028526e-03 9.985669255256652832e-01
1.451863069087266922e-02 9.854814410209655762e-01
9.999370574951171875e-01 6.293012120295315981e-05
2.068837434053421021e-01 7.931162118911743164e-01
8.425292372703552246e-01 1.574707180261611938e-01
9.966289401054382324e-01 3.371045691892504692e-03
1.690717488527297974e-01 8.309282660484313965e-01
9.994245767593383789e-01 5.754456506110727787e-04
3.268884420394897461e-01 6.731115579605102539e-01
7.094362378120422363e-01 2.905637919902801514e-01
9.997724890708923340e-01 2.274652360938489437e-04
9.990008473396301270e-01 9.992055129259824753e-04
6.632860898971557617e-01 3.367138803005218506e-01
9.999020099639892578e-01 9.798646351555362344e-05
3.460666909813880920e-02 9.653933644294738770e-01
7.504217792302370071e-03 9.924957752227783203e-01
3.445811197161674500e-02 9.655418992042541504e-01
2.489737380528822541e-05 9.999750852584838867e-01
3.154754340648651123e-01 6.845245361328125000e-01
1.635350199649110436e-04 9.998364448547363281e-01
9.638999104499816895e-01 3.610008209943771362e-02
5.045199766755104065e-02 9.495480060577392578e-01
3.188927844166755676e-02 9.681107401847839355e-01
9.214081168174743652e-01 7.859189808368682861e-02
9.998262524604797363e-01 1.738185528665781021e-04
9.856776595115661621e-01 1.432226691395044327e-02
9.993041753768920898e-01 6.958446465432643890e-04
9.996676445007324219e-01 3.323753771837800741e-04
1.212580036371946335e-02 9.878742098808288574e-01
5.501369386911392212e-02 9.449863433837890625e-01
9.308387525379657745e-04 9.990691542625427246e-01
1.543288826942443848e-01 8.456710577011108398e-01
4.520220309495925903e-02 9.547978043556213379e-01
2.237564325332641602e-01 7.762435674667358398e-01
9.990525841712951660e-01 9.474461548961699009e-04
9.997779726982116699e-01 2.220645983470603824e-04
9.999761581420898438e-01 2.387450876994989812e-05
9.745362401008605957e-01 2.546377480030059814e-02
8.840572834014892578e-01 1.159427464008331299e-01
6.255114823579788208e-02 9.374487996101379395e-01
2.121331244707107544e-01 7.878668904304504395e-01
9.999569654464721680e-01 4.301129592931829393e-05
1.773836091160774231e-02 9.822616577148437500e-01
9.999998807907104492e-01 9.851915194758475991e-08
9.801330566406250000e-01 1.986691914498806000e-02
9.979273080825805664e-01 2.072658622637391090e-03
4.454011097550392151e-02 9.554598927497863770e-01
7.144563198089599609e-01 2.855437099933624268e-01
9.997336268424987793e-01 2.663541818037629128e-04
2.045621722936630249e-01 7.954378724098205566e-01
9.977778792381286621e-01 2.222113544121384621e-03
9.999159574508666992e-01 8.406623237533494830e-05
9.416122436523437500e-01 5.838773399591445923e-02
3.466376960277557373e-01 6.533622741699218750e-01
2.697123885154724121e-01 7.302876114845275879e-01
7.798786740750074387e-03 9.922012090682983398e-01
9.999248981475830078e-01 7.506881229346618056e-05
1.320429873885586858e-04 9.998679161071777344e-01
9.697908908128738403e-02 9.030208587646484375e-01
9.562308788299560547e-01 4.376914724707603455e-02
4.264791496098041534e-04 9.995735287666320801e-01
2.421022057533264160e-01 7.578977942466735840e-01
1.243586884811520576e-04 9.998756647109985352e-01
9.985573887825012207e-01 1.442558015696704388e-03
2.801558189094066620e-02 9.719844460487365723e-01
7.885711193084716797e-01 2.114288955926895142e-01
2.818106281665677670e-07 9.999997615814208984e-01
4.247729480266571045e-01 5.752270817756652832e-01
9.996175765991210938e-01 3.823656879831105471e-04
5.329115781933069229e-03 9.946709275245666504e-01
2.431547036394476891e-04 9.997568726539611816e-01
8.413419127464294434e-03 9.915865659713745117e-01
9.421292925253510475e-04 9.990578293800354004e-01
9.818487167358398438e-01 1.815128326416015625e-02
9.975982308387756348e-01 2.401767298579216003e-03
3.331519430503249168e-03 9.966685175895690918e-01
4.403956979513168335e-02 9.559603929519653320e-01
1.345186308026313782e-02 9.865481257438659668e-01
9.845978021621704102e-01 1.540222205221652985e-02
2.502014338970184326e-01 7.497985363006591797e-01
2.451861649751663208e-01 7.548138499259948730e-01
7.915457710623741150e-03 9.920846223831176758e-01
9.896211624145507812e-01 1.037876866757869720e-02
8.773034065961837769e-02 9.122696518898010254e-01
9.994076490402221680e-01 5.923276185058057308e-04
7.631186246871948242e-01 2.368813902139663696e-01
5.657041072845458984e-01 4.342958629131317139e-01
1.438942179083824158e-02 9.856106638908386230e-01
9.625248312950134277e-01 3.747514262795448303e-02
9.996522665023803711e-01 3.477442369330674410e-04
8.397591710090637207e-01 1.602407693862915039e-01
3.781931102275848389e-02 9.621807336807250977e-01
1.825803816318511963e-01 8.174196481704711914e-01
9.683877825736999512e-01 3.161215409636497498e-02
8.364341259002685547e-01 1.635658293962478638e-01
2.682681679725646973e-01 7.317318320274353027e-01
1.076045446097850800e-04 9.998923540115356445e-01
6.984567269682884216e-03 9.930154085159301758e-01
3.249571309424936771e-04 9.996750354766845703e-01
4.137391969561576843e-02 9.586260914802551270e-01
9.997567534446716309e-01 2.432975743431597948e-04
2.925689797848463058e-03 9.970743656158447266e-01
1.992762684822082520e-01 8.007236719131469727e-01
7.739235162734985352e-01 2.260764688253402710e-01
3.690745681524276733e-02 9.630925059318542480e-01
9.558180570602416992e-01 4.418193921446800232e-02
2.883765264414250851e-04 9.997115731239318848e-01
9.999400377273559570e-01 5.991105717839673162e-05
9.962804913520812988e-01 3.719525877386331558e-03
2.909825183451175690e-03 9.970901012420654297e-01
1.847928166389465332e-01 8.152071833610534668e-01
9.461640380322933197e-03 9.905383586883544922e-01
9.927378296852111816e-01 7.262117229402065277e-03
7.078184280544519424e-03 9.929218888282775879e-01
1.266277860850095749e-03 9.987336993217468262e-01
2.451617643237113953e-02 9.754838347434997559e-01
9.735255837440490723e-01 2.647438645362854004e-02
9.843189120292663574e-01 1.568106748163700104e-02
1.930775353685021400e-03 9.980692267417907715e-01
9.932249188423156738e-01 6.775084882974624634e-03
1.474954187870025635e-01 8.525045514106750488e-01
7.209409028291702271e-03 9.927905797958374023e-01
5.553125143051147461e-01 4.446874856948852539e-01
9.981437921524047852e-01 1.856226590462028980e-03
7.835578871890902519e-04 9.992164373397827148e-01
9.843994379043579102e-01 1.560062076896429062e-02
9.986205101013183594e-01 1.379507710225880146e-03
9.997866749763488770e-01 2.133005909854546189e-04
9.674143791198730469e-01 3.258555009961128235e-02
9.640759229660034180e-01 3.592402115464210510e-02
9.994601607322692871e-01 5.398213979788124561e-04
9.719132781028747559e-01 2.808673679828643799e-02
1.232881750911474228e-02 9.876711368560791016e-01
3.686838224530220032e-02 9.631316661834716797e-01
4.467733576893806458e-02 9.553226828575134277e-01
8.876918554306030273e-01 1.123081222176551819e-01
9.994833469390869141e-01 5.165713373571634293e-04
9.314370155334472656e-02 9.068563580513000488e-01
3.213170170783996582e-01 6.786829829216003418e-01
2.190011590719223022e-01 7.809988856315612793e-01
3.975009620189666748e-01 6.024990677833557129e-01
2.671751379966735840e-02 9.732825160026550293e-01
5.717773437500000000e-01 4.282227158546447754e-01
8.715529441833496094e-01 1.284470707178115845e-01
9.749064445495605469e-01 2.509359642863273621e-02
8.664340972900390625e-01 1.335659027099609375e-01
8.247095346450805664e-01 1.752904653549194336e-01
1.731097698211669922e-02 9.826890230178833008e-01
2.003819197416305542e-01 7.996181249618530273e-01
9.999326467514038086e-01 6.738321826560422778e-05
2.614510953426361084e-01 7.385489344596862793e-01
1.878557056188583374e-01 8.121442794799804688e-01
9.998155236244201660e-01 1.844940561568364501e-04
2.908825501799583435e-02 9.709118008613586426e-01
2.250573039054870605e-01 7.749427556991577148e-01
9.999884366989135742e-01 1.159585826826514676e-05
9.984508752822875977e-01 1.549157896079123020e-03
9.996229410171508789e-01 3.770255134440958500e-04
8.113956451416015625e-01 1.886043995618820190e-01
8.662819266319274902e-01 1.337180286645889282e-01
1.148438155651092529e-01 8.851561546325683594e-01
5.413981154561042786e-02 9.458602070808410645e-01
3.963040709495544434e-01 6.036958694458007812e-01
9.926960468292236328e-01 7.303995080292224884e-03
9.886255264282226562e-01 1.137451268732547760e-02
3.981710225343704224e-02 9.601829051971435547e-01
1.350369602441787720e-01 8.649630546569824219e-01
2.123406082391738892e-01 7.876594066619873047e-01
3.389510884881019592e-02 9.661049246788024902e-01
9.744005799293518066e-01 2.559936791658401489e-02
9.936775565147399902e-01 6.322396453469991684e-03
4.854552447795867920e-02 9.514545202255249023e-01
6.653968710452318192e-03 9.933460950851440430e-01
6.155276894569396973e-01 3.844723701477050781e-01
9.999387264251708984e-01 6.126672815298661590e-05
9.994246959686279297e-01 5.753455334343016148e-04
9.943373799324035645e-01 5.662646610289812088e-03
2.105930820107460022e-03 9.978941082954406738e-01
9.987587928771972656e-01 1.241265214048326015e-03
8.069425821304321289e-01 1.930574029684066772e-01
4.102714359760284424e-03 9.958972930908203125e-01
9.999729394912719727e-01 2.706661689444445074e-05
9.995494484901428223e-01 4.505225515458732843e-04
5.562051534652709961e-01 4.437949061393737793e-01
9.999098777770996094e-01 9.014257375383749604e-05
9.999725818634033203e-01 2.739015326369553804e-05
9.722427725791931152e-01 2.775725722312927246e-02
2.767424881458282471e-01 7.232574820518493652e-01
8.815974593162536621e-01 1.184025704860687256e-01
2.256946172565221786e-04 9.997742772102355957e-01
9.970386028289794922e-01 2.961431629955768585e-03
8.569863438606262207e-01 1.430136561393737793e-01
9.996687173843383789e-01 3.312988555990159512e-04
2.717421622946858406e-03 9.972826242446899414e-01
7.773380875587463379e-01 2.226619273424148560e-01
6.484097684733569622e-05 9.999351501464843750e-01
4.110929965972900391e-01 5.889070034027099609e-01
9.999678134918212891e-01 3.219104473828338087e-05
1.050518403644673526e-04 9.998949766159057617e-01
6.888760924339294434e-01 3.111238777637481689e-01
3.449909854680299759e-03 9.965500831604003906e-01
9.970036149024963379e-01 2.996383933350443840e-03
9.987351298332214355e-01 1.264898921363055706e-03
4.521769285202026367e-02 9.547823667526245117e-01
9.963135123252868652e-01 3.686516312882304192e-03
2.910250425338745117e-02 9.708974957466125488e-01
6.330930441617965698e-02 9.366906285285949707e-01
7.167682647705078125e-01 2.832317352294921875e-01
9.655047059059143066e-01 3.449524939060211182e-02
8.099345564842224121e-01 1.900654137134552002e-01
1.860954053699970245e-02 9.813904762268066406e-01
4.844340682029724121e-02 9.515566229820251465e-01
9.994798302650451660e-01 5.202221218496561050e-04
9.956761002540588379e-01 4.323902074247598648e-03
8.412675857543945312e-01 1.587324142456054688e-01
9.995305538177490234e-01 4.694727540481835604e-04
1.253614574670791626e-02 9.874638319015502930e-01
3.762213280424475670e-03 9.962377548217773438e-01
3.220899379812180996e-04 9.996778964996337891e-01
9.925032854080200195e-01 7.496760226786136627e-03
8.767087459564208984e-01 1.232912316918373108e-01
5.167113151401281357e-03 9.948328733444213867e-01
6.225465331226587296e-03 9.937745332717895508e-01
9.908775687217712402e-01 9.122377261519432068e-03
7.411434054374694824e-01 2.588566243648529053e-01
9.965798258781433105e-01 3.420193446800112724e-03
9.999884366989135742e-01 1.153246648755157366e-05
1.160500477999448776e-02 9.883949756622314453e-01
2.727920422330498695e-03 9.972720742225646973e-01
6.288583576679229736e-02 9.371141195297241211e-01
9.995886683464050293e-01 4.112899478059262037e-04
2.421341240406036377e-01 7.578658461570739746e-01
3.466907655820250511e-04 9.996533393859863281e-01
9.999272823333740234e-01 7.274284871527925134e-05
6.546694040298461914e-01 3.453306257724761963e-01
2.440762370824813843e-01 7.559237480163574219e-01
9.347472786903381348e-01 6.525271385908126831e-02
9.999998807907104492e-01 6.021275567036354914e-08
6.289510130882263184e-01 3.710489571094512939e-01
9.999463558197021484e-01 5.362217416404746473e-05
9.842644631862640381e-02 9.015735387802124023e-01
9.460477232933044434e-01 5.395228415727615356e-02
4.602106288075447083e-03 9.953978657722473145e-01
9.999998807907104492e-01 1.475175395171390846e-07
9.960045218467712402e-01 3.995475824922323227e-03
6.378886103630065918e-01 3.621113300323486328e-01
5.825126077979803085e-03 9.941748976707458496e-01
1.195569522678852081e-02 9.880443215370178223e-01
9.709804654121398926e-01 2.901950664818286896e-02
8.786691725254058838e-02 9.121330976486206055e-01
9.062550663948059082e-01 9.374492615461349487e-02
2.004676032811403275e-03 9.979953765869140625e-01
1.755594275891780853e-03 9.982444047927856445e-01
9.350429773330688477e-01 6.495706737041473389e-02
3.827918786555528641e-03 9.961721301078796387e-01
9.999861717224121094e-01 1.381350648443913087e-05
8.540431261062622070e-01 1.459568738937377930e-01
2.858741208910942078e-02 9.714125990867614746e-01
5.055659413337707520e-01 4.944340586662292480e-01
9.961518645286560059e-01 3.848074236884713173e-03
9.984818100929260254e-01 1.518182689324021339e-03
2.254224270582199097e-01 7.745774984359741211e-01
8.117104698612820357e-06 9.999918937683105469e-01
3.787552705034613609e-04 9.996212720870971680e-01
9.999967813491821289e-01 3.168525608998606913e-06
6.767410039901733398e-01 3.232590556144714355e-01
5.405741333961486816e-01 4.594258666038513184e-01
6.296631097793579102e-01 3.703368902206420898e-01
4.856673777103424072e-01 5.143325924873352051e-01
8.319723010063171387e-01 1.680276840925216675e-01
3.855852875858545303e-03 9.961441755294799805e-01
8.204194307327270508e-01 1.795805543661117554e-01
4.480628296732902527e-02 9.551937580108642578e-01
9.574548006057739258e-01 4.254518449306488037e-02
9.997903704643249512e-01 2.097002579830586910e-04
5.754936933517456055e-01 4.245063364505767822e-01
2.815174520947039127e-04 9.997184872627258301e-01
6.405940055847167969e-01 3.594059646129608154e-01
1.127251237630844116e-02 9.887274503707885742e-01
9.012268483638763428e-02 9.098772406578063965e-01
9.983857870101928711e-01 1.614282839000225067e-03
5.509486794471740723e-01 4.490512907505035400e-01
1.186723262071609497e-01 8.813276886940002441e-01
1.085721477866172791e-01 8.914278745651245117e-01
7.486526737920939922e-04 9.992513060569763184e-01
9.560576081275939941e-01 4.394246265292167664e-02
9.999521970748901367e-01 4.785475175594910979e-05
9.772441387176513672e-01 2.275580540299415588e-02
6.972010135650634766e-01 3.027990162372589111e-01
4.332257807254791260e-01 5.667741894721984863e-01
9.398062229156494141e-01 6.019378826022148132e-02
8.003810644149780273e-01 1.996189504861831665e-01
2.321067731827497482e-03 9.976789355278015137e-01
5.379036068916320801e-01 4.620963931083679199e-01
9.999982118606567383e-01 1.803489681151404511e-06
1.851687431335449219e-01 8.148312568664550781e-01
9.954362511634826660e-01 4.563701804727315903e-03
1.289797073695808649e-04 9.998710155487060547e-01
9.999450445175170898e-01 5.492896161740645766e-05
2.022291482717264444e-05 9.999797344207763672e-01
9.755828976631164551e-01 2.441716007888317108e-02
1.168583767139352858e-04 9.998831748962402344e-01
7.385289669036865234e-01 2.614709734916687012e-01
6.418121457099914551e-01 3.581878840923309326e-01
9.991555213928222656e-01 8.444222621619701385e-04
9.922903180122375488e-01 7.709675468504428864e-03
9.590179920196533203e-01 4.098201915621757507e-02
9.515796899795532227e-01 4.842029884457588196e-02
6.652970314025878906e-01 3.347029685974121094e-01
4.810427129268646240e-02 9.518957734107971191e-01
1.566599676152691245e-04 9.998433589935302734e-01
9.998263716697692871e-01 1.736875128699466586e-04
2.675145864486694336e-01 7.324854731559753418e-01
9.999617338180541992e-01 3.831188951153308153e-05
1.242583245038986206e-02 9.875741600990295410e-01
9.977317452430725098e-01 2.268307143822312355e-03
2.080467529594898224e-02 9.791953563690185547e-01
3.880730830132961273e-03 9.961192607879638672e-01
1.398669090121984482e-03 9.986013770103454590e-01
9.995458722114562988e-01 4.541297385003417730e-04
1.908296719193458557e-03 9.980916380882263184e-01
7.944601774215698242e-01 2.055398821830749512e-01
9.986217021942138672e-01 1.378322485834360123e-03
2.040578797459602356e-02 9.795942306518554688e-01
2.318297177553176880e-01 7.681702375411987305e-01
7.211943864822387695e-01 2.788055837154388428e-01
3.466900903731584549e-03 9.965330362319946289e-01
