9.999792575836181641e-01 2.071784547297284007e-05
2.225336804986000061e-02 9.777466654777526855e-01
3.220899379812180996e-04 9.996778964996337891e-01
7.821537256240844727e-01 2.178463339805603027e-01
9.958837628364562988e-01 4.116244148463010788e-03
9.825030565261840820e-01 1.749698631465435028e-02
9.995879530906677246e-01 4.120756348129361868e-04
2.479364164173603058e-03 9.975206255912780762e-01
2.044323086738586426e-02 9.795567989349365234e-01
6.956447759876027703e-05 9.999303817749023438e-01
9.966381788253784180e-01 3.361836774274706841e-03
6.984567269682884216e-03 9.930154085159301758e-01
6.546694040298461914e-01 3.453306257724761963e-01
9.865238070487976074e-01 1.347616501152515411e-02
9.976190924644470215e-01 2.380874240770936012e-03
9.428182840347290039e-01 5.718170851469039917e-02
8.321400284767150879e-01 1.678599566221237183e-01
9.998211264610290527e-01 1.789238740457221866e-04
8.527483940124511719e-01 1.472515612840652466e-01
4.576447606086730957e-01 5.423551797866821289e-01
8.364341259002685547e-01 1.635658293962478638e-01
7.355634123086929321e-03 9.926443099975585938e-01
9.982524514198303223e-01 1.747528789564967155e-03
2.531736791133880615e-01 7.468263506889343262e-01
3.098378777503967285e-01 6.901621222496032715e-01
9.999718666076660156e-01 2.815583320625592023e-05
4.094188287854194641e-02 9.590581059455871582e-01
9.498692750930786133e-01 5.013069137930870056e-02
9.985893368721008301e-01 1.410647295415401459e-03
9.997753500938415527e-01 2.246486401418223977e-04
9.999986886978149414e-01 1.347775764770631213e-06
2.126708924770355225e-01 7.873290777206420898e-01
2.551764622330665588e-02 9.744823575019836426e-01
9.997592568397521973e-01 2.406871353741735220e-04
9.754340648651123047e-01 2.456593327224254608e-02
9.991366267204284668e-01 8.634033729322254658e-04
9.999870061874389648e-01 1.303610042668879032e-05
5.329115781933069229e-03 9.946709275245666504e-01
8.069425821304321289e-01 1.930574029684066772e-01
9.161132574081420898e-01 8.388680219650268555e-02
9.997943043708801270e-01 2.057102246908470988e-04
4.792136549949645996e-01 5.207863450050354004e-01
9.848965406417846680e-01 1.510342210531234741e-02
8.984320759773254395e-01 1.015679910778999329e-01
9.998262524604797363e-01 1.738185528665781021e-04
9.971728324890136719e-01 2.827147254720330238e-03
9.997320771217346191e-01 2.678888267837464809e-04
8.239224553108215332e-02 9.176077842712402344e-01
9.991555213928222656e-01 8.444222621619701385e-04
9.398062229156494141e-01 6.019378826022148132e-02
6.652970314025878906e-01 3.347029685974121094e-01
9.877007007598876953e-01 1.229937281459569931e-02
9.994730353355407715e-01 5.270344554446637630e-04
9.996927976608276367e-01 3.072297840844839811e-04
9.999870061874389648e-01 1.299577070312807336e-05
9.584933519363403320e-01 4.150662571191787720e-02
9.596727490425109863e-01 4.032724723219871521e-02
9.986017346382141113e-01 1.398321357555687428e-03
1.255870759487152100e-01 8.744129538536071777e-01
8.488144278526306152e-01 1.511855721473693848e-01
5.983021259307861328e-01 4.016978740692138672e-01
9.998304843902587891e-01 1.695240207482129335e-04
9.974644184112548828e-01 2.535556210204958916e-03
7.937978953123092651e-02 9.206202626228332520e-01
9.993538260459899902e-01 6.461188895627856255e-04
3.963040709495544434e-01 6.036958694458007812e-01
8.660209365189075470e-03 9.913397431373596191e-01
9.998791217803955078e-01 1.208658941322937608e-04
9.997318387031555176e-01 2.680942707229405642e-04
9.701355695724487305e-01 2.986442670226097107e-02
1.591514237225055695e-02 9.840848445892333984e-01
1.199948713183403015e-01 8.800050616264343262e-01
8.603121042251586914e-01 1.396879404783248901e-01
5.268378853797912598e-01 4.731621444225311279e-01
1.286692622670670971e-05 9.999871253967285156e-01
9.999377727508544922e-01 6.227314588613808155e-05
2.956784737762063742e-04 9.997043013572692871e-01
9.244657307863235474e-02 9.075534343719482422e-01
3.007164597511291504e-02 9.699283838272094727e-01
9.992707371711730957e-01 7.293100352399051189e-04
9.998767375946044922e-01 1.232828653883188963e-04
9.990008473396301270e-01 9.992055129259824753e-04
9.999634027481079102e-01 3.664079849841073155e-05
4.759975373744964600e-01 5.240024328231811523e-01
1.221682410687208176e-02 9.877831339836120605e-01
9.972013235092163086e-01 2.798639470711350441e-03
9.997455477714538574e-01 2.544682356528937817e-04
3.310313681140542030e-03 9.966896772384643555e-01
9.976721405982971191e-01 2.327877562493085861e-03
3.619810566306114197e-02 9.638019204139709473e-01
7.648758888244628906e-01 2.351241111755371094e-01
9.227421283721923828e-01 7.725788652896881104e-02
8.656608872115612030e-03 9.913433790206909180e-01
9.945585131645202637e-01 5.441504530608654022e-03
6.885600090026855469e-01 3.114399909973144531e-01
2.224326133728027344e-01 7.775673270225524902e-01
6.717187762260437012e-01 3.282812833786010742e-01
8.572494983673095703e-01 1.427505612373352051e-01
1.734652668237686157e-01 8.265346884727478027e-01
9.781044125556945801e-01 2.189558185636997223e-02
9.997567534446716309e-01 2.432975743431597948e-04
1.404953151941299438e-01 8.595046401023864746e-01
2.814471423625946045e-01 7.185528278350830078e-01
3.642453253269195557e-02 9.635754823684692383e-01
9.989622831344604492e-01 1.037747366353869438e-03
3.100535571575164795e-01 6.899464726448059082e-01
2.250573039054870605e-01 7.749427556991577148e-01
7.211943864822387695e-01 2.788055837154388428e-01
8.146669715642929077e-02 9.185332655906677246e-01
9.765110611915588379e-01 2.348888665437698364e-02
1.593061536550521851e-02 9.840694069862365723e-01
9.999998807907104492e-01 9.851915194758475991e-08
1.243504902959102765e-05 9.999876022338867188e-01
3.868582716677337885e-04 9.996132254600524902e-01
1.542718894779682159e-02 9.845728278160095215e-01
4.332257807254791260e-01 5.667741894721984863e-01
9.783381819725036621e-01 2.166184969246387482e-02
2.995589966303668916e-05 9.999700784683227539e-01
2.384418249130249023e-02 9.761558771133422852e-01
3.287064656615257263e-02 9.671293497085571289e-01
8.290336728096008301e-01 1.709663569927215576e-01
9.998822212219238281e-01 1.177771555376239121e-04
9.504431486129760742e-02 9.049556851387023926e-01
8.513995409011840820e-01 1.486004889011383057e-01
1.405823277309536934e-03 9.985941052436828613e-01
9.994076490402221680e-01 5.923276185058057308e-04
4.694746166933327913e-05 9.999530315399169922e-01
9.998155236244201660e-01 1.844940561568364501e-04
8.971367496997117996e-04 9.991029500961303711e-01
2.540709683671593666e-03 9.974593520164489746e-01
2.599048428237438202e-03 9.974009990692138672e-01
9.999938011169433594e-01 6.235433829715475440e-06
3.331519430503249168e-03 9.966685175895690918e-01
1.009698957204818726e-02 9.899029731750488281e-01
9.991610050201416016e-01 8.390160510316491127e-04
9.999886751174926758e-01 1.126932784245582297e-05
9.040453433990478516e-01 9.595464915037155151e-02
8.823946118354797363e-01 1.176054179668426514e-01
9.997969269752502441e-01 2.030521864071488380e-04
7.532786577939987183e-02 9.246721267700195312e-01
4.823154509067535400e-01 5.176845192909240723e-01
9.949964284896850586e-01 5.003585480153560638e-03
9.057399438461288810e-06 9.999909400939941406e-01
5.748366238549351692e-04 9.994251728057861328e-01
1.184665858745574951e-01 8.815333843231201172e-01
9.993461966514587402e-01 6.537881563417613506e-04
9.973083734512329102e-01 2.691642381250858307e-03
6.759734749794006348e-01 3.240264654159545898e-01
9.784632325172424316e-01 2.153674885630607605e-02
4.980137571692466736e-03 9.950197935104370117e-01
2.290005097165703773e-03 9.977099895477294922e-01
2.801558189094066620e-02 9.719844460487365723e-01
1.854974031448364258e-01 8.145025968551635742e-01
9.997203946113586426e-01 2.795430773403495550e-04
3.453437937423586845e-03 9.965465664863586426e-01
3.691823184490203857e-01 6.308176517486572266e-01
9.998818635940551758e-01 1.181199622806161642e-04
3.466376960277557373e-01 6.533622741699218750e-01
9.999718666076660156e-01 2.814278559526428580e-05
9.683446288108825684e-01 3.165538609027862549e-02
8.540403246879577637e-01 1.459596008062362671e-01
9.100065827369689941e-01 8.999346941709518433e-02
1.660220441408455372e-03 9.983397722244262695e-01
8.216016925871372223e-03 9.917839765548706055e-01
9.999845027923583984e-01 1.554733717057388276e-05
2.566799521446228027e-03 9.974332451820373535e-01
9.620994925498962402e-01 3.790049999952316284e-02
1.289392448961734772e-02 9.871060848236083984e-01
1.659666448831558228e-01 8.340333104133605957e-01
7.452764548361301422e-04 9.992547631263732910e-01
6.756117194890975952e-02 9.324388504028320312e-01
1.279335352592170238e-03 9.987205862998962402e-01
1.755594275891780853e-03 9.982444047927856445e-01
4.333571123424917459e-04 9.995666146278381348e-01
9.989964365959167480e-01 1.003521494567394257e-03
1.584561355412006378e-02 9.841543436050415039e-01
9.985380172729492188e-01 1.462009036913514137e-03
9.358861297369003296e-02 9.064114093780517578e-01
1.345186308026313782e-02 9.865481257438659668e-01
8.538805842399597168e-01 1.461194306612014771e-01
1.068390931280305267e-09 1.000000000000000000e+00
4.408748745918273926e-01 5.591251254081726074e-01
2.625103481113910675e-02 9.737489819526672363e-01
8.644360899925231934e-01 1.355638802051544189e-01
2.298300527036190033e-02 9.770169854164123535e-01
7.022503996267914772e-04 9.992977380752563477e-01
8.220650255680084229e-03 9.917793869972229004e-01
9.999582767486572266e-01 4.166895450907759368e-05
4.211711930111050606e-04 9.995787739753723145e-01
1.418781653046607971e-02 9.858121871948242188e-01
8.575486391782760620e-02 9.142451882362365723e-01
2.996716881170868874e-03 9.970032572746276855e-01
3.324523568153381348e-03 9.966754913330078125e-01
7.768195867538452148e-01 2.231804132461547852e-01
8.786622434854507446e-03 9.912133812904357910e-01
9.914184808731079102e-01 8.581447415053844452e-03
1.168583767139352858e-04 9.998831748962402344e-01
9.718795418739318848e-01 2.812044136226177216e-02
7.580113410949707031e-02 9.241988062858581543e-01
9.993554949760437012e-01 6.445081671699881554e-04
9.974142313003540039e-01 2.585699316114187241e-03
1.273203790187835693e-01 8.726795911788940430e-01
5.167113151401281357e-03 9.948328733444213867e-01
9.988501071929931641e-01 1.149855088442564011e-03
1.072753444314002991e-01 8.927246928215026855e-01
9.998934268951416016e-01 1.065646429196931422e-04
9.982506632804870605e-01 1.749345450662076473e-03
9.262596815824508667e-02 9.073740839958190918e-01
9.312058687210083008e-01 6.879406422376632690e-02
4.415258169174194336e-01 5.584741830825805664e-01
7.318256497383117676e-01 2.681743204593658447e-01
9.991182684898376465e-01 8.816955378279089928e-04
9.374796152114868164e-01 6.252041459083557129e-02
1.725734211504459381e-03 9.982742071151733398e-01
6.766544282436370850e-02 9.323345422744750977e-01
9.976275563240051270e-01 2.372452290728688240e-03
1.199951395392417908e-01 8.800048828125000000e-01
4.206839203834533691e-02 9.579315781593322754e-01
6.593119906028732657e-05 9.999340772628784180e-01
6.947935819625854492e-01 3.052063882350921631e-01
5.734453443437814713e-03 9.942654967308044434e-01
4.550962708890438080e-03 9.954490065574645996e-01
3.390385769307613373e-03 9.966096878051757812e-01
9.015737101435661316e-03 9.909842014312744141e-01
9.978525638580322266e-01 2.147491555660963058e-03
4.989030957221984863e-02 9.501097202301025391e-01
1.849849075078964233e-01 8.150150775909423828e-01
1.878557056188583374e-01 8.121442794799804688e-01
9.999991655349731445e-01 8.197535521503596101e-07
9.983791112899780273e-01 1.620840514078736305e-03
9.902599453926086426e-01 9.740031324326992035e-03
9.358596801757812500e-01 6.414032727479934692e-02
9.954622387886047363e-01 4.537768196314573288e-03
9.968794584274291992e-01 3.120506880804896355e-03
3.981710225343704224e-02 9.601829051971435547e-01
9.707096815109252930e-01 2.929036132991313934e-02
9.999998807907104492e-01 6.021275567036354914e-08
1.962822526693344116e-01 8.037177324295043945e-01
9.996780157089233398e-01 3.220150247216224670e-04
9.782920479774475098e-01 2.170798368752002716e-02
9.996995925903320312e-01 3.004590398631989956e-04
9.611893296241760254e-01 3.881070017814636230e-02
5.494721978902816772e-02 9.450528025627136230e-01
3.944051861763000488e-01 6.055948734283447266e-01
4.297491163015365601e-02 9.570250511169433594e-01
3.243167400360107422e-01 6.756832599639892578e-01
7.395665645599365234e-01 2.604333758354187012e-01
9.954362511634826660e-01 4.563701804727315903e-03
9.908344745635986328e-01 9.165494702756404877e-03
9.970813393592834473e-01 2.918599871918559074e-03
7.944601774215698242e-01 2.055398821830749512e-01
9.898325515678152442e-05 9.999010562896728516e-01
9.629576206207275391e-01 3.704239800572395325e-02
1.164602281278348528e-06 9.999988079071044922e-01
9.960567951202392578e-01 3.943250514566898346e-03
9.857898354530334473e-01 1.421019714325666428e-02
4.517598135862499475e-04 9.995482563972473145e-01
2.742235958576202393e-01 7.257764339447021484e-01
1.500634534750133753e-04 9.998499155044555664e-01
6.688001155853271484e-01 3.311999142169952393e-01
9.402472972869873047e-01 5.975270271301269531e-02
7.017807220108807087e-04 9.992982149124145508e-01
9.637203812599182129e-02 9.036279916763305664e-01
3.901851177215576172e-02 9.609814882278442383e-01
7.514029741287231445e-02 9.248597025871276855e-01
7.951787710189819336e-01 2.048212289810180664e-01
9.174323827028274536e-02 9.082567691802978516e-01
3.627284243702888489e-02 9.637271761894226074e-01
1.623955438844859600e-03 9.983760118484497070e-01
5.128580331802368164e-02 9.487141966819763184e-01
3.891976922750473022e-02 9.610801935195922852e-01
7.702226638793945312e-01 2.297773361206054688e-01
1.314977109432220459e-01 8.685022592544555664e-01
9.999725818634033203e-01 2.739015326369553804e-05
5.270387046039104462e-04 9.994730353355407715e-01
9.911722540855407715e-01 8.827782236039638519e-03
9.999903440475463867e-01 9.602290447219274938e-06
9.745362401008605957e-01 2.546377480030059814e-02
3.513104617595672607e-01 6.486895680427551270e-01
9.812534451484680176e-01 1.874657534062862396e-02
9.994870424270629883e-01 5.129908677190542221e-04
6.111482977867126465e-01 3.888517022132873535e-01
9.986477494239807129e-01 1.352233579382300377e-03
8.382609486579895020e-01 1.617391109466552734e-01
9.994687438011169434e-01 5.312440334819257259e-04
9.984818100929260254e-01 1.518182689324021339e-03
1.179182529449462891e-02 9.882082343101501465e-01
9.560183882713317871e-01 4.398166388273239136e-02
9.599583148956298828e-01 4.004172980785369873e-02
1.270868142455583438e-05 9.999872446060180664e-01
1.532602757215499878e-01 8.467397093772888184e-01
9.999701976776123047e-01 2.975074676214717329e-05
4.448756873607635498e-01 5.551243424415588379e-01
1.053191125392913818e-01 8.946809172630310059e-01
8.323957445099949837e-05 9.999167919158935547e-01
9.182249009609222412e-02 9.081775546073913574e-01
1.775843702489510179e-04 9.998224377632141113e-01
9.999738931655883789e-01 2.613821743580047041e-05
2.820029258728027344e-01 7.179970741271972656e-01
3.154754340648651123e-01 6.845245361328125000e-01
9.980429410934448242e-01 1.957066589966416359e-03
9.999483823776245117e-01 5.160154614713974297e-05
9.472935199737548828e-01 5.270649865269660950e-02
6.508573293685913086e-01 3.491426706314086914e-01
9.991745352745056152e-01 8.253919659182429314e-04
9.999176263809204102e-01 8.230864477809518576e-05
2.004676032811403275e-03 9.979953765869140625e-01
9.983857870101928711e-01 1.614282839000225067e-03
7.860733568668365479e-02 9.213927388191223145e-01
4.896298050880432129e-04 9.995104074478149414e-01
1.524577587842941284e-01 8.475422859191894531e-01
9.935607910156250000e-01 6.439218763262033463e-03
9.999978542327880859e-01 2.117629037456936203e-06
9.999836683273315430e-01 1.633082138141617179e-05
6.734432280063629150e-02 9.326556324958801270e-01
2.181470335926860571e-05 9.999781847000122070e-01
7.836144417524337769e-03 9.921637773513793945e-01
7.933350570965558290e-05 9.999206066131591797e-01
8.887201547622680664e-01 1.112799197435379028e-01
1.199766322970390320e-01 8.800233602523803711e-01
9.250550270080566406e-01 7.494501024484634399e-02
3.874675929546356201e-01 6.125323772430419922e-01
9.998244643211364746e-01 1.755489502102136612e-04
1.229472178965806961e-02 9.877053499221801758e-01
1.058602984994649887e-02 9.894139766693115234e-01
1.371247199131175876e-04 9.998629093170166016e-01
9.092305898666381836e-01 9.076941013336181641e-02
9.995150566101074219e-01 4.849024116992950439e-04
7.929349085316061974e-04 9.992070794105529785e-01
2.858741208910942078e-02 9.714125990867614746e-01
9.999912977218627930e-01 8.674309356138110161e-06
5.881080869585275650e-04 9.994119405746459961e-01
9.860667586326599121e-01 1.393320783972740173e-02
9.995858073234558105e-01 4.141453246120363474e-04
9.999915361404418945e-01 8.439578778052236885e-06
2.817404456436634064e-02 9.718258976936340332e-01
2.003819197416305542e-01 7.996181249618530273e-01
9.991077780723571777e-01 8.921448606997728348e-04
3.803207771852612495e-03 9.961968660354614258e-01
8.606547117233276367e-01 1.393453031778335571e-01
6.608363986015319824e-02 9.339163899421691895e-01
9.999785423278808594e-01 2.148802195733878762e-05
1.565659232437610626e-02 9.843434095382690430e-01
4.511516075581312180e-03 9.954884648323059082e-01
9.993985891342163086e-01 6.013671518303453922e-04
9.968495965003967285e-01 3.150403033941984177e-03
9.170390367507934570e-01 8.296098560094833374e-02
4.047274962067604065e-02 9.595271944999694824e-01
1.474334597587585449e-01 8.525664806365966797e-01
7.700777649879455566e-01 2.299222350120544434e-01
9.991474151611328125e-01 8.526215679012238979e-04
3.659268617630004883e-01 6.340731382369995117e-01
1.420843973755836487e-02 9.857915639877319336e-01
5.053783059120178223e-01 4.946216940879821777e-01
2.080467529594898224e-02 9.791953563690185547e-01
7.475870251655578613e-01 2.524129450321197510e-01
7.323101162910461426e-02 9.267690181732177734e-01
9.999265670776367188e-01 7.348565850406885147e-05
1.365980356931686401e-01 8.634019494056701660e-01
8.720253109931945801e-01 1.279746443033218384e-01
8.920708894729614258e-01 1.079291254281997681e-01
5.189184448681771755e-04 9.994811415672302246e-01
9.996007084846496582e-01 3.993604332208633423e-04
4.071562434546649456e-04 9.995928406715393066e-01
4.531336128711700439e-01 5.468664169311523438e-01
5.932267289608716965e-03 9.940677881240844727e-01
9.989393353462219238e-01 1.060713198967278004e-03
9.690836668014526367e-01 3.091634996235370636e-02
5.462661283672787249e-05 9.999454021453857422e-01
9.744005799293518066e-01 2.559936791658401489e-02
9.999904632568359375e-01 9.581435733707621694e-06
7.124537229537963867e-01 2.875462472438812256e-01
8.897404186427593231e-03 9.911025762557983398e-01
7.728196382522583008e-01 2.271803468465805054e-01
9.813833832740783691e-01 1.861658133566379547e-02
8.649344672448933125e-04 9.991350769996643066e-01
2.226360887289047241e-02 9.777364134788513184e-01
4.544900059700012207e-01 5.455099940299987793e-01
9.995499253273010254e-01 4.501010407693684101e-04
9.999107122421264648e-01 8.924144640332087874e-05
9.869934320449829102e-01 1.300655584782361984e-02
9.998376369476318359e-01 1.623271091375499964e-04
1.106435712426900864e-02 9.889356493949890137e-01
9.525527358055114746e-01 4.744722321629524231e-02
6.109423041343688965e-01 3.890576958656311035e-01
9.829806089401245117e-01 1.701936312019824982e-02
7.251817584037780762e-01 2.748182415962219238e-01
9.941469430923461914e-01 5.853062029927968979e-03
9.941032528877258301e-01 5.896711722016334534e-03
9.999967813491821289e-01 3.168525608998606913e-06
1.707166135311126709e-01 8.292834162712097168e-01
1.431108359247446060e-02 9.856889247894287109e-01
5.260455012321472168e-01 4.739544391632080078e-01
1.668395549058914185e-01 8.331604599952697754e-01
2.075313478708267212e-01 7.924686670303344727e-01
9.953232407569885254e-01 4.676752258092164993e-03
2.502014338970184326e-01 7.497985363006591797e-01
6.408841582015156746e-04 9.993590712547302246e-01
9.610148072242736816e-01 3.898517787456512451e-02
1.846628612838685513e-03 9.981533885002136230e-01
1.036469936370849609e-01 8.963529467582702637e-01
9.999343156814575195e-01 6.565562944160774350e-05
9.986205101013183594e-01 1.379518769681453705e-03
9.991361498832702637e-01 8.638974977657198906e-04
1.712785065174102783e-01 8.287214636802673340e-01
9.689527750015258789e-01 3.104717843234539032e-02
8.255537748336791992e-01 1.744462251663208008e-01
3.653140962123870850e-01 6.346858739852905273e-01
6.682106852531433105e-01 3.317892849445343018e-01
9.999152421951293945e-01 8.479413372697308660e-05
3.640290969997295178e-06 9.999963045120239258e-01
4.415974915027618408e-01 5.584024786949157715e-01
9.577359557151794434e-01 4.226411134004592896e-02
9.986968636512756348e-01 1.303177908994257450e-03
1.621602624654769897e-01 8.378397226333618164e-01
9.815782308578491211e-01 1.842179894447326660e-02
4.593699276447296143e-01 5.406300425529479980e-01
9.919269084930419922e-01 8.073049597442150116e-03
3.889262080192565918e-01 6.110737919807434082e-01
5.136986821889877319e-02 9.486300945281982422e-01
9.998816251754760742e-01 1.183201748062856495e-04
1.106284675188362598e-03 9.988937973976135254e-01
1.293045729398727417e-01 8.706954121589660645e-01
5.601363256573677063e-02 9.439863562583923340e-01
9.992554783821105957e-01 7.444708026014268398e-04
5.648000165820121765e-03 9.943519830703735352e-01
9.905321598052978516e-01 9.467863477766513824e-03
9.999434947967529297e-01 5.651048559229820967e-05
9.998444318771362305e-01 1.555317430756986141e-04
1.847928166389465332e-01 8.152071833610534668e-01
8.405294418334960938e-01 1.594706028699874878e-01
8.003810644149780273e-01 1.996189504861831665e-01
9.365861415863037109e-01 6.341386586427688599e-02
9.998218417167663574e-01 1.782305043889209628e-04
5.179293802939355373e-04 9.994820952415466309e-01
4.969780147075653076e-01 5.030220150947570801e-01
9.986525177955627441e-01 1.347478944808244705e-03
9.986956715583801270e-01 1.304370001889765263e-03
5.405630543828010559e-02 9.459437131881713867e-01
2.968286909162998199e-02 9.703171253204345703e-01
1.452626660466194153e-02 9.854737520217895508e-01
2.428730204701423645e-02 9.757127165794372559e-01
7.352064847946166992e-01 2.647935152053833008e-01
4.997328855097293854e-03 9.950026869773864746e-01
9.999743700027465820e-01 2.564093483670148998e-05
1.215566024184226990e-01 8.784433603286743164e-01
3.789269598200917244e-03 9.962106943130493164e-01
8.503289222717285156e-01 1.496710926294326782e-01
7.465133094228804111e-04 9.992534518241882324e-01
9.999952316284179688e-01 4.726767201645998284e-06
1.257854979485273361e-03 9.987421631813049316e-01
9.996759891510009766e-01 3.240751102566719055e-04
1.116011757403612137e-03 9.988840222358703613e-01
7.842022776603698730e-01 2.157976776361465454e-01
9.743416309356689453e-01 2.565839514136314392e-02
4.055478870868682861e-01 5.944520831108093262e-01
9.990416169166564941e-01 9.583561331965029240e-04
4.621832668781280518e-01 5.378167629241943359e-01
5.061405524611473083e-02 9.493859410285949707e-01
6.781293544918298721e-03 9.932187199592590332e-01
1.306219398975372314e-01 8.693780303001403809e-01
9.999129772186279297e-01 8.702842023922130466e-05
4.069522917270660400e-01 5.930477380752563477e-01
9.590549468994140625e-01 4.094503074884414673e-02
4.233074784278869629e-01 5.766925215721130371e-01
9.999989271163940430e-01 1.019467049445665907e-06
9.614025950431823730e-01 3.859738260507583618e-02
9.999760389328002930e-01 2.392743226664606482e-05
9.515908956527709961e-01 4.840906709432601929e-02
3.689813017845153809e-01 6.310186386108398438e-01
1.258714590221643448e-02 9.874128103256225586e-01
5.562051534652709961e-01 4.437949061393737793e-01
4.831903874874114990e-01 5.168095827102661133e-01
2.992867119610309601e-02 9.700712561607360840e-01
9.999985694885253906e-01 1.382934328830742743e-06
5.235916748642921448e-02 9.476408958435058594e-01
9.984055161476135254e-01 1.594444853253662586e-03
9.993316531181335449e-01 6.683735991828143597e-04
2.585588097572326660e-01 7.414411902427673340e-01
3.517251014709472656e-01 6.482748389244079590e-01
2.065015956759452820e-02 9.793497920036315918e-01
9.972780346870422363e-01 2.721981611102819443e-03
9.999673366546630859e-01 3.270083470852114260e-05
7.910724878311157227e-01 2.089274674654006958e-01
2.767424881458282471e-01 7.232574820518493652e-01
6.187770962715148926e-01 3.812228739261627197e-01
2.521714754402637482e-02 9.747828841209411621e-01
1.636096984148025513e-01 8.363902568817138672e-01
9.997691512107849121e-01 2.307956892764195800e-04
9.999569654464721680e-01 4.301129592931829393e-05
9.998049139976501465e-01 1.951591402757912874e-04
4.035908877849578857e-01 5.964091420173645020e-01
9.997561573982238770e-01 2.438888914184644818e-04
8.831403255462646484e-01 1.168596968054771423e-01
9.617699980735778809e-01 3.822994232177734375e-02
9.978267550468444824e-01 2.173164160922169685e-03
1.957816071808338165e-03 9.980421066284179688e-01
6.449109315872192383e-01 3.550890982151031494e-01
9.991945624351501465e-01 8.054217323660850525e-04
9.966983199119567871e-01 3.301610704511404037e-03
1.410300750285387039e-02 9.858970046043395996e-01
7.823258638381958008e-01 2.176741510629653931e-01
9.999233484268188477e-01 7.662810821784660220e-05
2.254224270582199097e-01 7.745774984359741211e-01
1.296369919145945460e-05 9.999870061874389648e-01
9.622694253921508789e-01 3.773054108023643494e-02
1.241785958409309387e-01 8.758214116096496582e-01
2.750003886831109412e-06 9.999972581863403320e-01
1.261901706457138062e-01 8.738097548484802246e-01
3.393649458885192871e-01 6.606350541114807129e-01
1.407712348736822605e-03 9.985923171043395996e-01
9.999620914459228516e-01 3.789698166656307876e-05
3.301545605063438416e-02 9.669845104217529297e-01
9.341784566640853882e-02 9.065821170806884766e-01
9.982883334159851074e-01 1.711668213829398155e-03
2.323704393347725272e-04 9.997676014900207520e-01
9.994798302650451660e-01 5.202063475735485554e-04
9.976844787597656250e-01 2.315527293831110001e-03
9.950927495956420898e-01 4.907235037535429001e-03
1.117709353566169739e-01 8.882291316986083984e-01
1.003272272646427155e-02 9.899672269821166992e-01
9.996889829635620117e-01 3.110742836724966764e-04
6.278460621833801270e-01 3.721539378166198730e-01
9.998495578765869141e-01 1.504270621808245778e-04
9.999884366989135742e-01 1.159585826826514676e-05
9.999430179595947266e-01 5.698545646737329662e-05
9.981309771537780762e-01 1.869087573140859604e-03
5.767949223518371582e-01 4.232050478458404541e-01
6.296631097793579102e-01 3.703368902206420898e-01
4.810427129268646240e-02 9.518957734107971191e-01
9.999761581420898438e-01 2.387450876994989812e-05
4.223105311393737793e-01 5.776894688606262207e-01
9.999799728393554688e-01 2.003048030019272119e-05
9.693249464035034180e-01 3.067500703036785126e-02
9.999582767486572266e-01 4.173182969680055976e-05
9.953778982162475586e-01 4.622104112058877945e-03
1.793606430292129517e-01 8.206393122673034668e-01
3.827918786555528641e-03 9.961721301078796387e-01
9.991363883018493652e-01 8.636250277049839497e-04
8.480251580476760864e-02 9.151974916458129883e-01
9.991298317909240723e-01 8.702289778739213943e-04
4.962937440723180771e-03 9.950370192527770996e-01
2.220847159624099731e-01 7.779152393341064453e-01
9.996458292007446289e-01 3.541527839843183756e-04
7.191697359085083008e-01 2.808302640914916992e-01
9.893491268157958984e-01 1.065086200833320618e-02
1.457126252353191376e-02 9.854287505149841309e-01
9.986535310745239258e-01 1.346462988294661045e-03
9.697908908128738403e-02 9.030208587646484375e-01
9.998692274093627930e-01 1.307509664911776781e-04
9.778230190277099609e-01 2.217697910964488983e-02
2.847627911251038313e-05 9.999715089797973633e-01
7.739235162734985352e-01 2.260764688253402710e-01
3.300310373306274414e-01 6.699689626693725586e-01
9.998171925544738770e-01 1.828251988627016544e-04
9.999188184738159180e-01 8.123050793074071407e-05
4.758913069963455200e-02 9.524108171463012695e-01
8.214027620851993561e-03 9.917859435081481934e-01
1.439604784536641091e-05 9.999855756759643555e-01
9.998518228530883789e-01 1.481213694205507636e-04
1.660180278122425079e-02 9.833981990814208984e-01
9.999555349349975586e-01 4.445144804776646197e-05
9.942139983177185059e-01 5.785970482975244522e-03
9.691112041473388672e-01 3.088884055614471436e-02
6.089149117469787598e-01 3.910850882530212402e-01
2.960017025470733643e-01 7.039982676506042480e-01
9.282424449920654297e-01 7.175748795270919800e-02
9.917547702789306641e-01 8.245205506682395935e-03
9.986469149589538574e-01 1.353151048533618450e-03
9.515796899795532227e-01 4.842029884457588196e-02
1.845673918724060059e-01 8.154326081275939941e-01
1.194741003018862102e-06 9.999988079071044922e-01
4.876304566860198975e-01 5.123695731163024902e-01
8.984320797026157379e-03 9.910156726837158203e-01
9.963467717170715332e-01 3.653269493952393532e-03
9.965798258781433105e-01 3.420193446800112724e-03
2.822451591491699219e-01 7.177549004554748535e-01
1.953966915607452393e-02 9.804603457450866699e-01
9.990944862365722656e-01 9.055258706212043762e-04
7.931742072105407715e-01 2.068257927894592285e-01
9.823563694953918457e-01 1.764367148280143738e-02
9.997267127037048340e-01 2.732210559770464897e-04
4.667581245303153992e-02 9.533241391181945801e-01
9.986080527305603027e-01 1.391916535794734955e-03
9.993298053741455078e-01 6.702112150378525257e-04
1.543288826942443848e-01 8.456710577011108398e-01
7.684801816940307617e-01 2.315198630094528198e-01
4.125901460647583008e-01 5.874099135398864746e-01
7.752593159675598145e-01 2.247406691312789917e-01
9.993268251419067383e-01 6.732110632583498955e-04
9.550378322601318359e-01 4.496216028928756714e-02
9.999933242797851562e-01 6.665041382802883163e-06
2.262134850025177002e-01 7.737864851951599121e-01
9.998174309730529785e-01 1.825400249799713492e-04
2.341307997703552246e-01 7.658692002296447754e-01
3.392963111400604248e-01 6.607037186622619629e-01
1.274932920932769775e-02 9.872506856918334961e-01
4.442736506462097168e-03 9.955572485923767090e-01
8.284141658805310726e-04 9.991716146469116211e-01
9.462460279464721680e-01 5.375394970178604126e-02
9.080458432435989380e-03 9.909195899963378906e-01
9.999861717224121094e-01 1.381350648443913087e-05
8.918563127517700195e-01 1.081436350941658020e-01
1.879691630601882935e-01 8.120307922363281250e-01
1.428575068712234497e-01 8.571424484252929688e-01
3.546865582466125488e-01 6.453134417533874512e-01
9.829906225204467773e-01 1.700935512781143188e-02
5.997865200042724609e-01 4.002134501934051514e-01
9.998220801353454590e-01 1.779269077815115452e-04
1.350754173472523689e-03 9.986492991447448730e-01
9.336096644401550293e-01 6.639033555984497070e-02
9.939405918121337891e-01 6.059419829398393631e-03
9.951293468475341797e-01 4.870654549449682236e-03
6.141477823257446289e-01 3.858521878719329834e-01
9.997814297676086426e-01 2.185646153520792723e-04
1.291776727885007858e-02 9.870822429656982422e-01
9.998825788497924805e-01 1.173674900201149285e-04
9.975147247314453125e-01 2.485297387465834618e-03
3.370595872402191162e-01 6.629404425621032715e-01
6.656389832496643066e-01 3.343610167503356934e-01
6.405940055847167969e-01 3.594059646129608154e-01
2.036990365013480186e-03 9.979630708694458008e-01
4.469647109508514404e-01 5.530353188514709473e-01
9.944623112678527832e-01 5.537639837712049484e-03
2.365331538021564484e-02 9.763467311859130859e-01
4.082075320184230804e-03 9.959179759025573730e-01
9.998041987419128418e-01 1.958768843906000257e-04
9.586071372032165527e-01 4.139287397265434265e-02
7.395028471946716309e-01 2.604971826076507568e-01
9.761659502983093262e-01 2.383408509194850922e-02
1.505486238784214947e-06 9.999984502792358398e-01
5.616728663444519043e-01 4.383271038532257080e-01
9.999349117279052734e-01 6.506029603770002723e-05
4.379201829433441162e-01 5.620797872543334961e-01
9.523382782936096191e-01 4.766168817877769470e-02
2.099149627611041069e-03 9.979008436203002930e-01
8.949652910232543945e-01 1.050347387790679932e-01
6.797393871238455176e-05 9.999320507049560547e-01
6.672188639640808105e-02 9.332781434059143066e-01
9.461640380322933197e-03 9.905383586883544922e-01
5.765797570347785950e-02 9.423420429229736328e-01
9.939869642257690430e-01 6.013073027133941650e-03
8.266435265541076660e-01 1.733564883470535278e-01
8.681312203407287598e-02 9.131869077682495117e-01
3.686838224530220032e-02 9.631316661834716797e-01
2.451861649751663208e-01 7.548138499259948730e-01
3.761392831802368164e-02 9.623860120773315430e-01
2.121331244707107544e-01 7.878668904304504395e-01
1.034734025597572327e-02 9.896526932716369629e-01
3.829099005088210106e-03 9.961709380149841309e-01
9.869540333747863770e-01 1.304599363356828690e-02
3.880730830132961273e-03 9.961192607879638672e-01
1.430920809507369995e-01 8.569079637527465820e-01
2.614510953426361084e-01 7.385489344596862793e-01
2.421022057533264160e-01 7.578977942466735840e-01
1.827608048915863037e-02 9.817239046096801758e-01
2.367086112499237061e-01 7.632913589477539062e-01
6.770631074905395508e-01 3.229368925094604492e-01
1.624766588211059570e-01 8.375233411788940430e-01
9.998446702957153320e-01 1.553509355289861560e-04
7.788908260408788919e-05 9.999221563339233398e-01
8.374393655685707927e-05 9.999161958694458008e-01
5.055659413337707520e-01 4.944340586662292480e-01
9.999727010726928711e-01 2.725629929045680910e-05
1.063666772097349167e-02 9.893633723258972168e-01
1.612007059156894684e-02 9.838799834251403809e-01
1.744851469993591309e-03 9.982551932334899902e-01
9.991907477378845215e-01 8.092919015325605869e-04
1.394165330566465855e-03 9.986059069633483887e-01
9.982653260231018066e-01 1.734654535539448261e-03
2.910250425338745117e-02 9.708974957466125488e-01
9.671466946601867676e-01 3.285328298807144165e-02
9.632182717323303223e-01 3.678173944354057312e-02
4.399119019508361816e-01 5.600880384445190430e-01
9.999988079071044922e-01 1.205953594762831926e-06
9.936775565147399902e-01 6.322396453469991684e-03
1.731097698211669922e-02 9.826890230178833008e-01
7.640259712934494019e-02 9.235973358154296875e-01
4.223105311393737793e-01 5.776894688606262207e-01
9.994065761566162109e-01 5.934404907748103142e-04
3.690722584724426270e-02 9.630927443504333496e-01
7.494697719812393188e-02 9.250530004501342773e-01
4.268301650881767273e-02 9.573169946670532227e-01
4.239985355525277555e-05 9.999575614929199219e-01
4.074845463037490845e-03 9.959251880645751953e-01
4.113445524126291275e-03 9.958865046501159668e-01
9.997071623802185059e-01 2.927707100752741098e-04
7.254969477653503418e-01 2.745029926300048828e-01
3.796883672475814819e-02 9.620311856269836426e-01
9.963973164558410645e-01 3.602683544158935547e-03
6.937062134966254234e-04 9.993063211441040039e-01
2.444935380481183529e-04 9.997555613517761230e-01
9.999547004699707031e-01 4.525565236690454185e-05
9.999313354492187500e-01 6.865869363537058234e-05
9.998415708541870117e-01 1.584561687195673585e-04
9.999889135360717773e-01 1.109031109081115574e-05
5.494721978902816772e-02 9.450528025627136230e-01
8.195158243179321289e-01 1.804842352867126465e-01
9.999084472656250000e-01 9.153997962130233645e-05
7.486526737920939922e-04 9.992513060569763184e-01
9.335752725601196289e-01 6.642474979162216187e-02
3.193867206573486328e-01 6.806132793426513672e-01
4.250010533723980188e-04 9.995749592781066895e-01
1.714150421321392059e-02 9.828585386276245117e-01
7.162068039178848267e-02 9.283792972564697266e-01
8.706789612770080566e-01 1.293210089206695557e-01
4.708937928080558777e-02 9.529106616973876953e-01
9.999936819076538086e-01 6.325622507574735209e-06
9.917327165603637695e-01 8.267261087894439697e-03
1.282773353159427643e-02 9.871723055839538574e-01
9.998008608818054199e-01 1.991664175875484943e-04
9.999510049819946289e-01 4.900308704236522317e-05
9.988429546356201172e-01 1.157060964033007622e-03
6.924256013007834554e-05 9.999307394027709961e-01
9.995719790458679199e-01 4.280325374566018581e-04
9.999406337738037109e-01 5.941765630268491805e-05
7.457709908485412598e-01 2.542290091514587402e-01
9.997313618659973145e-01 2.685762592591345310e-04
1.093575451523065567e-02 9.890642762184143066e-01
9.986853003501892090e-01 1.314646215178072453e-03
9.525722265243530273e-01 4.742782190442085266e-02
4.430017899721860886e-03 9.955700039863586426e-01
2.400923371315002441e-01 7.599076628684997559e-01
5.979862529784440994e-03 9.940202236175537109e-01
9.886998534202575684e-01 1.130021363496780396e-02
1.263160374946892262e-03 9.987367987632751465e-01
9.992021918296813965e-01 7.977873901836574078e-04
8.101111650466918945e-01 1.898888051509857178e-01
2.332605123519897461e-01 7.667395472526550293e-01
1.501704799011349678e-03 9.984983205795288086e-01
9.337581694126129150e-02 9.066241383552551270e-01
6.812475323677062988e-01 3.187524974346160889e-01
9.927378296852111816e-01 7.262117229402065277e-03
2.652657926082611084e-01 7.347341775894165039e-01
5.351643264293670654e-02 9.464835524559020996e-01
5.798064470291137695e-01 4.201935529708862305e-01
8.972887694835662842e-02 9.102711081504821777e-01
9.999669790267944336e-01 3.296622890047729015e-05
4.618186503648757935e-04 9.995381832122802734e-01
9.984508752822875977e-01 1.549157896079123020e-03
9.968816041946411133e-01 3.118464956060051918e-03
6.548163946717977524e-04 9.993451237678527832e-01
2.411324996501207352e-03 9.975886344909667969e-01
9.845191240310668945e-01 1.548089925199747086e-02
4.951699171215295792e-03 9.950482249259948730e-01
9.997465014457702637e-01 2.535392413847148418e-04
5.220487341284751892e-02 9.477951526641845703e-01
7.901859283447265625e-02 9.209814071655273438e-01
1.606813818216323853e-02 9.839318990707397461e-01
9.996229410171508789e-01 3.770255134440958500e-04
8.791457414627075195e-01 1.208542287349700928e-01
9.705499410629272461e-01 2.944999188184738159e-02
7.911765575408935547e-01 2.088233679533004761e-01
9.997854828834533691e-01 2.144969330402091146e-04
9.693807363510131836e-01 3.061924874782562256e-02
3.458428895100951195e-03 9.965415596961975098e-01
7.746564149856567383e-01 2.253435999155044556e-01
2.961498353215574753e-07 9.999997615814208984e-01
9.892739653587341309e-01 1.072596944868564606e-02
2.509773708879947662e-02 9.749022722244262695e-01
8.208574056625366211e-01 1.791426241397857666e-01
8.036910439841449261e-04 9.991963505744934082e-01
1.021462585777044296e-02 9.897853732109069824e-01
9.927133917808532715e-01 7.286607287824153900e-03
9.883189201354980469e-01 1.168101932853460312e-02
9.995402097702026367e-01 4.597647639457136393e-04
9.864285588264465332e-01 1.357144024223089218e-02
9.107734560966491699e-01 8.922652155160903931e-02
1.690717488527297974e-01 8.309282660484313965e-01
3.957901895046234131e-01 6.042097806930541992e-01
6.542075872421264648e-01 3.457923829555511475e-01
5.772455334663391113e-01 4.227544963359832764e-01
8.540431261062622070e-01 1.459568738937377930e-01
9.969695210456848145e-01 3.030458698049187660e-03
9.087802842259407043e-03 9.909121990203857422e-01
8.670453727245330811e-02 9.132954478263854980e-01
9.035134315490722656e-01 9.648656100034713745e-02
3.977648913860321045e-01 6.022350788116455078e-01
6.846092343330383301e-01 3.153907954692840576e-01
7.078184280544519424e-03 9.929218888282775879e-01
9.518139958381652832e-01 4.818595200777053833e-02
2.256946172565221786e-04 9.997742772102355957e-01
9.993026256561279297e-01 6.973537965677678585e-04
2.541910507716238499e-04 9.997457861900329590e-01
8.277693996205925941e-04 9.991722106933593750e-01
4.196150985080748796e-04 9.995804429054260254e-01
3.611130639910697937e-03 9.963889122009277344e-01
9.993560910224914551e-01 6.439469871111214161e-04
2.190011590719223022e-01 7.809988856315612793e-01
4.521769285202026367e-02 9.547823667526245117e-01
7.747841998934745789e-03 9.922521710395812988e-01
9.938858151435852051e-01 6.114160642027854919e-03
1.703736931085586548e-02 9.829626083374023438e-01
9.998857975006103516e-01 1.142434703069739044e-04
4.104040190577507019e-02 9.589595794677734375e-01
1.615276560187339783e-02 9.838472008705139160e-01
4.403956979513168335e-02 9.559603929519653320e-01
1.022782251238822937e-01 8.977218270301818848e-01
9.633369743824005127e-03 9.903665781021118164e-01
9.375499486923217773e-01 6.245010346174240112e-02
6.360991299152374268e-02 9.363901615142822266e-01
9.999257326126098633e-01 7.430518598994240165e-05
9.600348472595214844e-01 3.996515646576881409e-02
5.073956251144409180e-01 4.926044046878814697e-01
1.608955115079879761e-01 8.391044735908508301e-01
9.991880059242248535e-01 8.119943668134510517e-04
5.593774840235710144e-03 9.944062232971191406e-01
9.995291233062744141e-01 4.709413624368607998e-04
9.998686313629150391e-01 1.313343818765133619e-04
6.310761570930480957e-01 3.689238727092742920e-01
9.153611608780920506e-04 9.990845918655395508e-01
5.219168029725551605e-03 9.947808384895324707e-01
5.700894817709922791e-02 9.429910778999328613e-01
8.077705651521682739e-02 9.192229509353637695e-01
1.197070442140102386e-02 9.880293011665344238e-01
8.441853523254394531e-01 1.558146774768829346e-01
9.993507266044616699e-01 6.492562242783606052e-04
9.986101388931274414e-01 1.389790675602853298e-03
3.000495135784149170e-01 6.999504566192626953e-01
9.772248864173889160e-01 2.277513407170772552e-02
9.999800920486450195e-01 1.992111538129393011e-05
9.938375353813171387e-01 6.162444129586219788e-03
9.802317023277282715e-01 1.976832002401351929e-02
9.633036097511649132e-04 9.990366697311401367e-01
3.787552705034613609e-04 9.996212720870971680e-01
9.999884366989135742e-01 1.153246648755157366e-05
1.473656017333269119e-02 9.852634668350219727e-01
9.985969662666320801e-01 1.403062837198376656e-03
9.999765157699584961e-01 2.344299355172552168e-05
8.876918554306030273e-01 1.123081222176551819e-01
1.568213629070669413e-04 9.998431205749511719e-01
9.999617338180541992e-01 3.823133738478645682e-05
1.635350199649110436e-04 9.998364448547363281e-01
9.252905147150158882e-04 9.990746974945068359e-01
3.904155641794204712e-02 9.609584808349609375e-01
9.999266862869262695e-01 7.336516137002035975e-05
9.999654293060302734e-01 3.453504541539587080e-05
9.999967813491821289e-01 3.172138576701399870e-06
1.095550487661967054e-05 9.999890327453613281e-01
9.994977712631225586e-01 5.021638353355228901e-04
9.025245159864425659e-02 9.097476005554199219e-01
1.246267347596585751e-04 9.998753070831298828e-01
6.518303155899047852e-01 3.481696546077728271e-01
2.682681679725646973e-01 7.317318320274353027e-01
9.319403767585754395e-01 6.805962324142456055e-02
9.999825954437255859e-01 1.736884041747543961e-05
7.255548834800720215e-01 2.744451463222503662e-01
2.095586853101849556e-03 9.979044198989868164e-01
9.998000264167785645e-01 2.000466629397124052e-04
9.446847438812255859e-01 5.531523004174232483e-02
5.512182787060737610e-02 9.448782205581665039e-01
3.515315940603613853e-03 9.964846372604370117e-01
6.920849680900573730e-01 3.079150319099426270e-01
8.999499678611755371e-01 1.000500917434692383e-01
9.110559821128845215e-01 8.894405514001846313e-02
2.337098412681370974e-04 9.997662901878356934e-01
1.835404336452484131e-01 8.164595961570739746e-01
2.126844337908551097e-04 9.997872710227966309e-01
1.387979537248611450e-01 8.612021207809448242e-01
3.331507323309779167e-04 9.996668100357055664e-01
9.681114554405212402e-02 9.031888842582702637e-01
9.427398443222045898e-03 9.905726313591003418e-01
5.509486794471740723e-01 4.490512907505035400e-01
9.999967813491821289e-01 3.253048134865821339e-06
9.774096012115478516e-01 2.259036339819431305e-02
3.255869160057045519e-05 9.999674558639526367e-01
2.431547036394476891e-04 9.997568726539611816e-01
6.660069823265075684e-01 3.339930474758148193e-01
9.965682029724121094e-01 3.431734163314104080e-03
1.169859394431114197e-01 8.830140829086303711e-01
9.999809265136718750e-01 1.912306288431864232e-05
9.997544884681701660e-01 2.454614441376179457e-04
5.444282293319702148e-01 4.555717706680297852e-01
9.985877275466918945e-01 1.412279787473380566e-03
6.924136281013488770e-01 3.075863420963287354e-01
9.638999104499816895e-01 3.610008209943771362e-02
1.654616743326187134e-01 8.345382809638977051e-01
1.493583768606185913e-01 8.506416082382202148e-01
6.880544970044866204e-05 9.999312162399291992e-01
1.520927646197378635e-03 9.984790682792663574e-01
5.306282639503479004e-01 4.693717658519744873e-01
1.709769130684435368e-04 9.998289346694946289e-01
9.867833852767944336e-01 1.321663800626993179e-02
4.018557369709014893e-01 5.981442332267761230e-01
1.584813580848276615e-03 9.984152317047119141e-01
9.985797405242919922e-01 1.420235261321067810e-03
9.999674558639526367e-01 3.260081939515657723e-05
9.667546153068542480e-01 3.324544802308082581e-02
9.886384606361389160e-01 1.136155333369970322e-02
1.183777209371328354e-02 9.881622195243835449e-01
9.247200489044189453e-01 7.527991384267807007e-02
6.127370870672166348e-04 9.993872642517089844e-01
9.983437061309814453e-01 1.656254637055099010e-03
8.935552090406417847e-02 9.106444716453552246e-01
8.899183273315429688e-01 1.100816428661346436e-01
9.804721474647521973e-01 1.952786929905414581e-02
3.097441494464874268e-01 6.902558207511901855e-01
1.457231584936380386e-03 9.985427856445312500e-01
9.996829032897949219e-01 3.171705466229468584e-04
5.754936933517456055e-01 4.245063364505767822e-01
9.999960660934448242e-01 3.895083409588551149e-06
2.105930820107460022e-03 9.978941082954406738e-01
9.426771998405456543e-01 5.732284858822822571e-02
1.289797073695808649e-04 9.998710155487060547e-01
6.107644643634557724e-03 9.938924312591552734e-01
9.795110225677490234e-01 2.048897556960582733e-02
2.831091638654470444e-03 9.971689581871032715e-01
9.995123147964477539e-01 4.876713792327791452e-04
9.936268329620361328e-01 6.373138166964054108e-03
9.965194463729858398e-01 3.480606479570269585e-03
2.006954997777938843e-01 7.993044853210449219e-01
9.996616840362548828e-01 3.383537114132195711e-04
9.998615980148315430e-01 1.383364869980141521e-04
6.253426074981689453e-01 3.746574521064758301e-01
2.873997669667005539e-03 9.971260428428649902e-01
1.830063462257385254e-01 8.169936537742614746e-01
9.998794794082641602e-01 1.204767249873839319e-04
3.262190148234367371e-02 9.673781394958496094e-01
5.900491960346698761e-03 9.940994977951049805e-01
9.989492297172546387e-01 1.050848281010985374e-03
7.889291644096374512e-01 2.110708653926849365e-01
1.451863069087266922e-02 9.854814410209655762e-01
3.025883249938488007e-02 9.697411656379699707e-01
1.057119201868772507e-02 9.894288182258605957e-01
4.195739626884460449e-01 5.804260373115539551e-01
9.937900900840759277e-01 6.209935061633586884e-03
1.992762684822082520e-01 8.007236719131469727e-01
9.971671700477600098e-01 2.832798985764384270e-03
9.994192123413085938e-01 5.808175774291157722e-04
9.878450632095336914e-02 9.012154340744018555e-01
9.460477232933044434e-01 5.395228415727615356e-02
9.997799992561340332e-01 2.199722221121191978e-04
1.549210981465876102e-03 9.984507560729980469e-01
1.851687431335449219e-01 8.148312568664550781e-01
9.730984568595886230e-01 2.690155431628227234e-02
1.214619958773255348e-03 9.987854361534118652e-01
6.889040768146514893e-02 9.311095476150512695e-01
1.374988187308190390e-05 9.999862909317016602e-01
7.741112112998962402e-01 2.258887588977813721e-01
9.997903704643249512e-01 2.096598764182999730e-04
7.516112178564071655e-02 9.248389005661010742e-01
9.942844510078430176e-01 5.715551786124706268e-03
6.194668821990489960e-04 9.993804693222045898e-01
4.845361709594726562e-01 5.154638290405273438e-01
9.712853431701660156e-01 2.871463820338249207e-02
9.998801946640014648e-01 1.197582241729833186e-04
9.957591891288757324e-01 4.240753129124641418e-03
9.533519744873046875e-01 4.664800316095352173e-02
1.269426345825195312e-01 8.730574250221252441e-01
9.085888862609863281e-01 9.141110628843307495e-02
1.773836091160774231e-02 9.822616577148437500e-01
7.133927941322326660e-02 9.286606907844543457e-01
9.999893903732299805e-01 1.058465386449825019e-05
9.994848966598510742e-01 5.150194047018885612e-04
7.470225449651479721e-03 9.925298094749450684e-01
8.959632366895675659e-03 9.910404086112976074e-01
8.117104698612820357e-06 9.999918937683105469e-01
3.291932225693017244e-04 9.996708631515502930e-01
9.298095703125000000e-01 7.019048929214477539e-02
9.976014494895935059e-01 2.398530719801783562e-03
9.999954700469970703e-01 4.495969733397942036e-06
9.998540878295898438e-01 1.459005434298887849e-04
9.970225691795349121e-01 2.977429423481225967e-03
5.019568800926208496e-01 4.980431497097015381e-01
5.512532591819763184e-02 9.448747038841247559e-01
4.856673777103424072e-01 5.143325924873352051e-01
9.951823353767395020e-01 4.817666020244359970e-03
9.059344530105590820e-01 9.406555444002151489e-02
9.847314357757568359e-01 1.526851672679185867e-02
9.995143413543701172e-01 4.856471787206828594e-04
2.161247581243515015e-01 7.838752269744873047e-01
3.085582554340362549e-01 6.914417147636413574e-01
3.400567686185240746e-03 9.965994954109191895e-01
9.979273080825805664e-01 2.072658622637391090e-03
7.246478926390409470e-03 9.927534461021423340e-01
5.688321217894554138e-02 9.431167840957641602e-01
5.781112909317016602e-01 4.218887090682983398e-01
9.931849837303161621e-01 6.815047468990087509e-03
9.999417066574096680e-01 5.830717054777778685e-05
6.691593527793884277e-01 3.308406472206115723e-01
9.995886683464050293e-01 4.112899478059262037e-04
1.004316750913858414e-02 9.899567961692810059e-01
9.674143791198730469e-01 3.258555009961128235e-02
9.997910857200622559e-01 2.089611662086099386e-04
4.030547570437192917e-03 9.959694147109985352e-01
9.973208308219909668e-01 2.679206430912017822e-03
9.998836517333984375e-01 1.163177294074557722e-04
3.241350948810577393e-01 6.758648753166198730e-01
3.691887259483337402e-01 6.308112740516662598e-01
9.938879609107971191e-01 6.112046074122190475e-03
9.896211624145507812e-01 1.037876866757869720e-02
6.262301653623580933e-02 9.373769760131835938e-01
9.983984827995300293e-01 1.601566676981747150e-03
3.617052733898162842e-01 6.382947564125061035e-01
9.999184608459472656e-01 8.148240158334374428e-05
9.881206750869750977e-01 1.187928114086389542e-02
2.881243824958801270e-02 9.711875319480895996e-01
2.841825410723686218e-02 9.715817570686340332e-01
3.031511045992374420e-02 9.696848392486572266e-01
3.128704428672790527e-01 6.871295571327209473e-01
9.999781847000122070e-01 2.181664058298338205e-05
9.627798199653625488e-01 3.722019121050834656e-02
9.314370155334472656e-02 9.068563580513000488e-01
1.045898348093032837e-02 9.895409941673278809e-01
5.711925029754638672e-01 4.288074970245361328e-01
5.045199766755104065e-02 9.495480060577392578e-01
4.862638656049966812e-03 9.951373934745788574e-01
6.178584881126880646e-03 9.938213825225830078e-01
9.394375681877136230e-01 6.056242436170578003e-02
6.281641125679016113e-02 9.371836185455322266e-01
9.999972581863403320e-01 2.774531594695872627e-06
1.040729039232246578e-04 9.998959302902221680e-01
9.992758631706237793e-01 7.241222192533314228e-04
9.999704360961914062e-01 2.957750803034286946e-05
9.998313188552856445e-01 1.686493778834119439e-04
1.688970811665058136e-02 9.831103086471557617e-01
8.984161019325256348e-01 1.015839651226997375e-01
3.819704987108707428e-03 9.961802959442138672e-01
3.110505713266320527e-05 9.999688863754272461e-01
7.593300324515439570e-06 9.999923706054687500e-01
5.657041072845458984e-01 4.342958629131317139e-01
1.283102210436481982e-05 9.999871253967285156e-01
9.952940344810485840e-01 4.705959931015968323e-03
8.646776676177978516e-01 1.353223025798797607e-01
1.772864758968353271e-01 8.227135539054870605e-01
2.116442425176501274e-03 9.978834986686706543e-01
9.610077738761901855e-01 3.899221867322921753e-02
9.999856948852539062e-01 1.426003655069507658e-05
6.972010135650634766e-01 3.027990162372589111e-01
9.995405673980712891e-01 4.594125202856957912e-04
9.995305538177490234e-01 4.694727540481835604e-04
9.612079858779907227e-01 3.879205882549285889e-02
9.965544939041137695e-01 3.445537062361836433e-03
9.994132518768310547e-01 5.867871805094182491e-04
3.336732508614659309e-03 9.966632723808288574e-01
9.899354577064514160e-01 1.006459537893533707e-02
9.979973435401916504e-01 2.002613386139273643e-03
2.184833101637195796e-05 9.999781847000122070e-01
2.529585035517811775e-03 9.974703788757324219e-01
9.350429773330688477e-01 6.495706737041473389e-02
1.952660977840423584e-01 8.047338724136352539e-01
5.216317623853683472e-02 9.478368163108825684e-01
6.997434422373771667e-03 9.930025935173034668e-01
9.999231100082397461e-01 7.684939191676676273e-05
9.305465221405029297e-01 6.945342570543289185e-02
1.828285749070346355e-03 9.981716871261596680e-01
9.998799562454223633e-01 1.199981634272262454e-04
7.937420606613159180e-01 2.062579840421676636e-01
9.998568296432495117e-01 1.430991542292758822e-04
9.956842660903930664e-01 4.315720405429601669e-03
9.999973773956298828e-01 2.566568582551553845e-06
3.281828165054321289e-01 6.718171834945678711e-01
9.997984766960144043e-01 2.015420905081555247e-04
4.239869117736816406e-01 5.760130882263183594e-01
9.988937973976135254e-01 1.106181298382580280e-03
1.308582723140716553e-01 8.691416978836059570e-01
9.404031038284301758e-01 5.959689244627952576e-02
8.891100063920021057e-03 9.911088943481445312e-01
4.717353358864784241e-02 9.528264403343200684e-01
6.225374061614274979e-03 9.937746524810791016e-01
1.148438155651092529e-01 8.851561546325683594e-01
3.128020762233063579e-05 9.999687671661376953e-01
5.480496911332011223e-04 9.994519352912902832e-01
4.167539477348327637e-01 5.832461118698120117e-01
1.491640694439411163e-02 9.850835204124450684e-01
2.189812995493412018e-02 9.781019091606140137e-01
9.438909292221069336e-01 5.610907077789306641e-02
9.996316432952880859e-01 3.683606046251952648e-04
9.668521881103515625e-01 3.314774483442306519e-02
8.583113958593457937e-05 9.999141693115234375e-01
2.123406082391738892e-01 7.876594066619873047e-01
9.997729659080505371e-01 2.270041732117533684e-04
7.209409028291702271e-03 9.927905797958374023e-01
4.844340682029724121e-02 9.515566229820251465e-01
2.818202832713723183e-03 9.971817731857299805e-01
4.808310768567025661e-05 9.999519586563110352e-01
1.526355743408203125e-03 9.984735846519470215e-01
3.382791765034198761e-04 9.996616840362548828e-01
1.321000581810949370e-05 9.999867677688598633e-01
8.887755274772644043e-01 1.112245246767997742e-01
6.701096147298812866e-02 9.329890608787536621e-01
9.625248312950134277e-01 3.747514262795448303e-02
6.225465331226587296e-03 9.937745332717895508e-01
4.221906661987304688e-01 5.778093338012695312e-01
8.064072579145431519e-02 9.193592667579650879e-01
7.207545638084411621e-01 2.792454659938812256e-01
9.214081168174743652e-01 7.859189808368682861e-02
1.050518403644673526e-04 9.998949766159057617e-01
4.608774930238723755e-02 9.539122581481933594e-01
2.399503951892256737e-03 9.976004958152770996e-01
1.324527617543935776e-02 9.867547154426574707e-01
9.983762502670288086e-01 1.623784773983061314e-03
3.951782882213592529e-01 6.048217415809631348e-01
2.997689545154571533e-01 7.002310156822204590e-01
1.669510006904602051e-01 8.330490589141845703e-01
9.997907280921936035e-01 2.092576469294726849e-04
1.840560435084626079e-04 9.998160004615783691e-01
8.662819266319274902e-01 1.337180286645889282e-01
9.999746084213256836e-01 2.541094727348536253e-05
9.834370613098144531e-01 1.656289026141166687e-02
3.799412548542022705e-01 6.200587749481201172e-01
9.997717738151550293e-01 2.282090426888316870e-04
9.878894686698913574e-01 1.211059372872114182e-02
9.999489784240722656e-01 5.101076385471969843e-05
9.925008416175842285e-01 7.499165832996368408e-03
9.999974966049194336e-01 2.512719902370008640e-06
7.094362378120422363e-01 2.905637919902801514e-01
8.413419127464294434e-03 9.915865659713745117e-01
9.909178614616394043e-01 9.082134813070297241e-03
6.999332108534872532e-04 9.993000030517578125e-01
9.972176551818847656e-01 2.782303141430020332e-03
4.190923571586608887e-01 5.809075832366943359e-01
9.998577833175659180e-01 1.422019704477861524e-04
9.061067104339599609e-01 9.389334172010421753e-02
9.999939203262329102e-01 6.104260592110222206e-06
9.593842029571533203e-01 4.061573371291160583e-02
2.284517884254455566e-02 9.771547913551330566e-01
9.995458722114562988e-01 4.541297385003417730e-04
3.213170170783996582e-01 6.786829829216003418e-01
9.997108578681945801e-01 2.891515032388269901e-04
1.582712084054946899e-01 8.417288064956665039e-01
9.913186430931091309e-01 8.681286126375198364e-03
9.854007363319396973e-01 1.459921710193157196e-02
1.160500477999448776e-02 9.883949756622314453e-01
4.641537554562091827e-03 9.953584074974060059e-01
9.931513071060180664e-01 6.848647259175777435e-03
9.735255837440490723e-01 2.647438645362854004e-02
9.997575879096984863e-01 2.424393896944820881e-04
9.999103546142578125e-01 8.959829574450850487e-05
5.092210173606872559e-01 4.907789528369903564e-01
1.566599676152691245e-04 9.998433589935302734e-01
9.509065151214599609e-01 4.909349977970123291e-02
9.989579916000366211e-01 1.041973941028118134e-03
9.802588224411010742e-01 1.974122598767280579e-02
3.559991018846631050e-03 9.964399933815002441e-01
7.522169947624206543e-01 2.477830648422241211e-01
2.363164210692048073e-03 9.976367950439453125e-01
9.373633265495300293e-01 6.263667345046997070e-02
9.905539155006408691e-01 9.446015581488609314e-03
2.956375181674957275e-01 7.043625116348266602e-01
9.009522795677185059e-01 9.904772788286209106e-02
4.969307407736778259e-02 9.503068923950195312e-01
5.327669903635978699e-03 9.946723580360412598e-01
7.874860763549804688e-01 2.125139534473419189e-01
8.861860260367393494e-03 9.911381602287292480e-01
9.938550591468811035e-01 6.144893821328878403e-03
3.486615046858787537e-02 9.651339054107666016e-01
1.902934908866882324e-02 9.809706807136535645e-01
9.968519806861877441e-01 3.148037707433104515e-03
9.040479063987731934e-01 9.595208615064620972e-02
4.737167060375213623e-01 5.262833237648010254e-01
9.897742271423339844e-01 1.022577844560146332e-02
9.888895750045776367e-01 1.111039239913225174e-02
5.700236069969832897e-04 9.994300007820129395e-01
9.999947547912597656e-01 5.197250175115186721e-06
3.290871083736419678e-01 6.709128618240356445e-01
9.999322891235351562e-01 6.769293395336717367e-05
8.252639174461364746e-01 1.747360676527023315e-01
1.138820052146911621e-01 8.861179947853088379e-01
4.128844290971755981e-02 9.587115049362182617e-01
7.886111736297607422e-02 9.211388826370239258e-01
9.556973576545715332e-01 4.430262744426727295e-02
2.790637372527271509e-04 9.997208714485168457e-01
6.159935593605041504e-01 3.840064108371734619e-01
9.948945045471191406e-01 5.105480086058378220e-03
9.920229911804199219e-01 7.977048866450786591e-03
7.385289669036865234e-01 2.614709734916687012e-01
3.589847087860107422e-01 6.410152912139892578e-01
5.752745866775512695e-01 4.247253835201263428e-01
9.960999488830566406e-01 3.900026204064488411e-03
2.978492975234985352e-01 7.021507024765014648e-01
9.996609687805175781e-01 3.390867495909333229e-04
9.344998598098754883e-01 6.550011783838272095e-02
7.167682647705078125e-01 2.832317352294921875e-01
9.853949546813964844e-01 1.460500713437795639e-02
4.148033447563648224e-03 9.958519935607910156e-01
9.471380114555358887e-01 5.286200344562530518e-02
9.934984445571899414e-01 6.501515395939350128e-03
9.983597397804260254e-01 1.640223548747599125e-03
1.360104084014892578e-01 8.639895915985107422e-01
9.999822378158569336e-01 1.777627949195448309e-05
8.865202777087688446e-03 9.911347627639770508e-01
9.994174242019653320e-01 5.825955886393785477e-04
2.874618470668792725e-01 7.125381231307983398e-01
9.980115890502929688e-01 1.988350413739681244e-03
2.671751379966735840e-02 9.732825160026550293e-01
7.641338109970092773e-01 2.358661890029907227e-01
3.276557028293609619e-01 6.723443269729614258e-01
9.856960773468017578e-01 1.430388819426298141e-02
9.590179920196533203e-01 4.098201915621757507e-02
4.179051145911216736e-03 9.958208799362182617e-01
9.970036149024963379e-01 2.996383933350443840e-03
2.725051529705524445e-02 9.727494716644287109e-01
9.175348281860351562e-01 8.246520161628723145e-02
3.138515055179595947e-01 6.861485242843627930e-01
3.569641411304473877e-01 6.430358886718750000e-01
5.293616652488708496e-01 4.706383049488067627e-01
1.769308447837829590e-01 8.230691552162170410e-01
4.438973069190979004e-01 5.561026930809020996e-01
2.551715448498725891e-02 9.744828939437866211e-01
9.999784231185913086e-01 2.163017052225768566e-05
3.849902451038360596e-01 6.150097846984863281e-01
2.142391800880432129e-01 7.857608199119567871e-01
9.669885039329528809e-01 3.301144018769264221e-02
9.987922310829162598e-01 1.207832247018814087e-03
9.999976158142089844e-01 2.344642552998266183e-06
9.909492135047912598e-01 9.050763212144374847e-03
9.645962119102478027e-01 3.540379181504249573e-02
5.855406634509563446e-03 9.941446185111999512e-01
9.999743700027465820e-01 2.562810186645947397e-05
9.999563694000244141e-01 4.361325409263372421e-05
9.757970273494720459e-02 9.024203419685363770e-01
9.991691112518310547e-01 8.309701806865632534e-04
9.942134022712707520e-01 5.786546505987644196e-03
9.981467723846435547e-01 1.853299327194690704e-03
9.999521970748901367e-01 4.785475175594910979e-05
7.433971762657165527e-02 9.256603121757507324e-01
2.697123885154724121e-01 7.302876114845275879e-01
8.948861360549926758e-01 1.051139011979103088e-01
1.195516088046133518e-03 9.988044500350952148e-01
9.967364668846130371e-01 3.263504011556506157e-03
4.735352937132120132e-03 9.952646493911743164e-01
1.848284900188446045e-01 8.151714801788330078e-01
3.789831534959375858e-04 9.996210336685180664e-01
2.955995034426450729e-03 9.970440268516540527e-01
7.985538803040981293e-03 9.920144081115722656e-01
6.734766811132431030e-02 9.326523542404174805e-01
1.758524402976036072e-02 9.824147820472717285e-01
9.978138208389282227e-01 2.186211058869957924e-03
2.601245343685150146e-01 7.398754358291625977e-01
9.999189376831054688e-01 8.107155008474364877e-05
9.704067111015319824e-01 2.959327399730682373e-02
3.793752491474151611e-01 6.206247806549072266e-01
1.403193804435431957e-03 9.985968470573425293e-01
7.638070965185761452e-04 9.992362260818481445e-01
9.962154030799865723e-01 3.784607164561748505e-03
6.578960921615362167e-03 9.934210181236267090e-01
9.999878406524658203e-01 1.219874775415519252e-05
8.980404138565063477e-01 1.019595712423324585e-01
8.882766962051391602e-01 1.117233410477638245e-01
6.164095401763916016e-01 3.835904300212860107e-01
9.998911619186401367e-01 1.088423086912371218e-04
9.839159846305847168e-01 1.608399115502834320e-02
5.548475980758666992e-01 4.451523423194885254e-01
9.994798302650451660e-01 5.202221218496561050e-04
8.666853904724121094e-01 1.333145797252655029e-01
9.802993535995483398e-01 1.970059424638748169e-02
9.999159574508666992e-01 8.406623237533494830e-05
9.321423247456550598e-03 9.906784892082214355e-01
8.157342672348022461e-01 1.842657625675201416e-01
1.886519417166709900e-02 9.811347723007202148e-01
9.993239641189575195e-01 6.760167307220399380e-04
7.742342352867126465e-01 2.257658094167709351e-01
3.237840533256530762e-02 9.676216244697570801e-01
8.899800777435302734e-01 1.100198999047279358e-01
9.999387264251708984e-01 6.126672815298661590e-05
9.968851208686828613e-01 3.114884020760655403e-03
7.174666970968246460e-03 9.928253889083862305e-01
2.580846846103668213e-01 7.419153451919555664e-01
1.203033179044723511e-01 8.796966671943664551e-01
8.498977124691009521e-02 9.150102138519287109e-01
9.886311888694763184e-01 1.136880274862051010e-02
4.854552447795867920e-02 9.514545202255249023e-01
8.360631465911865234e-01 1.639368832111358643e-01
3.851761668920516968e-02 9.614824056625366211e-01
8.946124315261840820e-01 1.053875759243965149e-01
1.439856886863708496e-01 8.560143113136291504e-01
4.828865826129913330e-02 9.517112970352172852e-01
9.993497729301452637e-01 6.502045434899628162e-04
9.987346529960632324e-01 1.265376107767224312e-03
9.783971905708312988e-01 2.160286158323287964e-02
1.000000000000000000e+00 3.352367983211479441e-08
5.162139888852834702e-03 9.948378205299377441e-01
9.423081278800964355e-01 5.769188702106475830e-02
1.408986561000347137e-02 9.859100580215454102e-01
1.606978625059127808e-01 8.393021225929260254e-01
2.583024790510535240e-03 9.974169731140136719e-01
9.516527652740478516e-01 4.834723472595214844e-02
9.730378165841102600e-03 9.902696609497070312e-01
9.584679007530212402e-01 4.153212532401084900e-02
1.366878002882003784e-01 8.633122444152832031e-01
2.621866995468735695e-03 9.973781108856201172e-01
6.383798900060355663e-04 9.993615746498107910e-01
9.612742811441421509e-03 9.903872609138488770e-01
2.908672764897346497e-02 9.709132313728332520e-01
9.708798527717590332e-01 2.912016026675701141e-02
1.264532096683979034e-03 9.987354874610900879e-01
1.203652918338775635e-01 8.796346783638000488e-01
3.731446713209152222e-02 9.626855850219726562e-01
2.491095568984746933e-03 9.975088834762573242e-01
1.212580036371946335e-02 9.878742098808288574e-01
9.893655776977539062e-01 1.063444465398788452e-02
5.020892713218927383e-03 9.949790835380554199e-01
5.376088432967662811e-03 9.946238994598388672e-01
1.039912365376949310e-02 9.896008372306823730e-01
1.968979340745136142e-04 9.998031258583068848e-01
9.982345104217529297e-01 1.765412278473377228e-03
2.604935318231582642e-02 9.739506840705871582e-01
9.999889135360717773e-01 1.112656173063442111e-05
9.999626874923706055e-01 3.735062273335643113e-05
5.606275983154773712e-03 9.943937063217163086e-01
9.627645611763000488e-01 3.723547980189323425e-02
1.364787518978118896e-01 8.635212182998657227e-01
2.909825183451175690e-03 9.970901012420654297e-01
5.722411870956420898e-01 4.277588427066802979e-01
8.349012583494186401e-02 9.165099263191223145e-01
1.708401739597320557e-01 8.291597962379455566e-01
5.405218526721000671e-02 9.459478855133056641e-01
4.203764498233795166e-01 5.796235203742980957e-01
4.899522662162780762e-02 9.510048031806945801e-01
9.558180570602416992e-01 4.418193921446800232e-02
2.440762370824813843e-01 7.559237480163574219e-01
9.997779726982116699e-01 2.220645983470603824e-04
2.947476692497730255e-03 9.970525503158569336e-01
7.266427278518676758e-01 2.733572125434875488e-01
9.724053144454956055e-01 2.759469673037528992e-02
9.985573887825012207e-01 1.442558015696704388e-03
9.908775687217712402e-01 9.122377261519432068e-03
9.999828338623046875e-01 1.714031532173976302e-05
6.888760924339294434e-01 3.111238777637481689e-01
2.519463561475276947e-02 9.748054146766662598e-01
2.508328109979629517e-02 9.749167561531066895e-01
9.931493401527404785e-01 6.850642152130603790e-03
4.088862985372543335e-02 9.591113924980163574e-01
1.144150155596435070e-03 9.988558292388916016e-01
1.139018405228853226e-02 9.886097908020019531e-01
5.717773437500000000e-01 4.282227158546447754e-01
1.675851084291934967e-02 9.832414388656616211e-01
9.968909621238708496e-01 3.109000856056809425e-03
8.319723010063171387e-01 1.680276840925216675e-01
7.331479340791702271e-02 9.266851544380187988e-01
4.271179903298616409e-03 9.957287907600402832e-01
9.999969005584716797e-01 3.099995637967367657e-06
9.912447333335876465e-01 8.755248039960861206e-03
9.997903704643249512e-01 2.096732787322252989e-04
4.843994975090026855e-02 9.515600800514221191e-01
1.164688915014266968e-01 8.835310935974121094e-01
8.216238021850585938e-02 9.178376197814941406e-01
3.837317926809191704e-04 9.996162652969360352e-01
9.993013143539428711e-01 6.986969965510070324e-04
9.999427795410156250e-01 5.717870226362720132e-05
7.477090358734130859e-01 2.522909939289093018e-01
9.814101457595825195e-01 1.858986914157867432e-02
2.249591285362839699e-03 9.977504611015319824e-01
1.187843605875968933e-01 8.812156319618225098e-01
3.783046007156372070e-01 6.216953992843627930e-01
9.994582533836364746e-01 5.417765933088958263e-04
9.999320507049560547e-01 6.793052307330071926e-05
2.775234729051589966e-02 9.722476601600646973e-01
1.651831087656319141e-03 9.983482360839843750e-01
7.721290737390518188e-02 9.227870702743530273e-01
9.998668432235717773e-01 1.330950908595696092e-04
2.727585979300783947e-06 9.999972581863403320e-01
9.999742507934570312e-01 2.580490036052651703e-05
8.880327939987182617e-01 1.119672283530235291e-01
9.999771118164062500e-01 2.289715666847769171e-05
3.539787838235497475e-03 9.964602589607238770e-01
3.012743080034852028e-03 9.969872832298278809e-01
1.355515414616093040e-04 9.998644590377807617e-01
4.102714359760284424e-03 9.958972930908203125e-01
2.324782311916351318e-01 7.675217986106872559e-01
3.762213280424475670e-03 9.962377548217773438e-01
1.399901788681745529e-02 9.860009551048278809e-01
8.715529441833496094e-01 1.284470707178115845e-01
9.997146725654602051e-01 2.852504549082368612e-04
2.039416134357452393e-01 7.960584163665771484e-01
9.999867677688598633e-01 1.318401609751163051e-05
9.005687832832336426e-01 9.943121671676635742e-02
9.548569321632385254e-01 4.514311626553535461e-02
1.770247071981430054e-01 8.229753375053405762e-01
9.893731474876403809e-01 1.062688231468200684e-02
2.318297177553176880e-01 7.681702375411987305e-01
1.256045652553439140e-05 9.999874830245971680e-01
8.582811951637268066e-01 1.417187452316284180e-01
9.999645948410034180e-01 3.545829531503841281e-05
1.667510271072387695e-01 8.332489728927612305e-01
9.995494484901428223e-01 4.505225515458732843e-04
6.521589159965515137e-01 3.478411138057708740e-01
9.993364214897155762e-01 6.635461468249559402e-04
1.547481417655944824e-01 8.452518582344055176e-01
9.988788962364196777e-01 1.121071283705532551e-03
9.634436964988708496e-01 3.655630350112915039e-02
8.621115088462829590e-01 1.378884762525558472e-01
8.669658750295639038e-02 9.133034348487854004e-01
9.999541044235229492e-01 4.587921648635528982e-05
9.997182488441467285e-01 2.817196364048868418e-04
6.289510130882263184e-01 3.710489571094512939e-01
2.170966006815433502e-02 9.782903790473937988e-01
6.826781464042142034e-05 9.999316930770874023e-01
9.993597865104675293e-01 6.401921273209154606e-04
3.337810267112217844e-05 9.999666213989257812e-01
6.255114823579788208e-02 9.374487996101379395e-01
9.980401396751403809e-01 1.959941815584897995e-03
9.999980926513671875e-01 1.926702680066227913e-06
3.460666909813880920e-02 9.653933644294738770e-01
8.860188126564025879e-01 1.139812469482421875e-01
1.117357260227436200e-05 9.999887943267822266e-01
3.545841202139854431e-02 9.645416140556335449e-01
9.875275492668151855e-01 1.247240789234638214e-02
3.814342319965362549e-01 6.185657978057861328e-01
9.989954829216003418e-01 1.004513003863394260e-03
9.974842071533203125e-01 2.515807049348950386e-03
1.350369602441787720e-01 8.649630546569824219e-01
5.806155968457460403e-03 9.941938519477844238e-01
1.606284640729427338e-02 9.839370846748352051e-01
9.952221512794494629e-01 4.777822177857160568e-03
9.640759229660034180e-01 3.592402115464210510e-02
4.591436663758940995e-05 9.999541044235229492e-01
3.710886230692267418e-03 9.962891340255737305e-01
1.936119347810745239e-01 8.063880205154418945e-01
9.996802806854248047e-01 3.196908510290086269e-04
6.164343358250334859e-05 9.999383687973022461e-01
9.766554832458496094e-01 2.334452793002128601e-02
9.047006460605189204e-05 9.999095201492309570e-01
7.991192340850830078e-01 2.008807361125946045e-01
9.998793601989746094e-01 1.206367596751078963e-04
9.999797344207763672e-01 2.030175710387993604e-05
3.505131695419549942e-03 9.964948296546936035e-01
9.845978021621704102e-01 1.540222205221652985e-02
9.988783001899719238e-01 1.121685490943491459e-03
9.999918937683105469e-01 8.059022547968197614e-06
4.934122040867805481e-02 9.506587386131286621e-01
1.390794962644577026e-01 8.609204888343811035e-01
7.164946198463439941e-01 2.835054099559783936e-01
9.995915293693542480e-01 4.085357068106532097e-04
8.204430937767028809e-01 1.795569062232971191e-01
9.811159372329711914e-01 1.888405159115791321e-02
5.510171651840209961e-01 4.489828050136566162e-01
2.047254331409931183e-02 9.795274138450622559e-01
9.999463558197021484e-01 5.362217416404746473e-05
8.405615091323852539e-01 1.594385206699371338e-01
9.975982308387756348e-01 2.401767298579216003e-03
3.935214877128601074e-02 9.606478810310363770e-01
3.668578341603279114e-03 9.963313937187194824e-01
9.961518645286560059e-01 3.848074236884713173e-03
9.986796975135803223e-01 1.320260693319141865e-03
9.979500174522399902e-01 2.049959031865000725e-03
5.889700725674629211e-03 9.941102862358093262e-01
9.996503591537475586e-01 3.496502176858484745e-04
9.176279418170452118e-03 9.908237457275390625e-01
1.677172333002090454e-01 8.322827816009521484e-01
9.999849796295166016e-01 1.504199644841719419e-05
9.998257756233215332e-01 1.742245658533647656e-04
9.998859167098999023e-01 1.141245666076429188e-04
2.413777634501457214e-03 9.975862503051757812e-01
9.765640497207641602e-01 2.343600429594516754e-02
9.932249188423156738e-01 6.775084882974624634e-03
7.185214161872863770e-01 2.814786434173583984e-01
