2.163833960366901010e-05 9.999783039093017578e-01
7.681935676373541355e-05 9.999232292175292969e-01
6.861408948898315430e-01 3.138591349124908447e-01
1.805632114410400391e-01 8.194367885589599609e-01
3.866541737806983292e-05 9.999613761901855469e-01
5.591099139223842940e-08 1.000000000000000000e+00
1.027816208079457283e-03 9.989721775054931641e-01
3.451851000590977492e-07 9.999996423721313477e-01
1.214855443686246872e-02 9.878514409065246582e-01
3.609249135479331017e-03 9.963907599449157715e-01
3.282137447968125343e-03 9.967178702354431152e-01
7.010012632235884666e-04 9.992989301681518555e-01
5.145349502563476562e-01 4.854650497436523438e-01
6.573625802993774414e-01 3.426374197006225586e-01
4.792595573235303164e-04 9.995207786560058594e-01
1.018445254885591567e-04 9.998981952667236328e-01
9.447402590012643486e-06 9.999905824661254883e-01
1.924169482663273811e-04 9.998076558113098145e-01
8.845933734846767038e-06 9.999911785125732422e-01
1.190523654222488403e-01 8.809476494789123535e-01
2.047149973805062473e-05 9.999794960021972656e-01
1.485655736178159714e-02 9.851434826850891113e-01
3.857940901070833206e-04 9.996141195297241211e-01
6.052938755601644516e-03 9.939470291137695312e-01
2.625982463359832764e-01 7.374017834663391113e-01
1.021665753796696663e-03 9.989783763885498047e-01
7.932289736345410347e-04 9.992068409919738770e-01
3.255993760831188411e-06 9.999967813491821289e-01
9.614861756563186646e-02 9.038514494895935059e-01
1.897820184240117669e-04 9.998102784156799316e-01
4.976694285869598389e-01 5.023305416107177734e-01
2.464470453560352325e-04 9.997535347938537598e-01
4.550876561552286148e-03 9.954491257667541504e-01
3.340497642057016492e-06 9.999966621398925781e-01
2.471071411491720937e-06 9.999974966049194336e-01
1.895052380859851837e-02 9.810494780540466309e-01
1.621499832253903151e-04 9.998378753662109375e-01
3.060964672840782441e-06 9.999969005584716797e-01
2.825643718242645264e-01 7.174356579780578613e-01
5.914575420320034027e-03 9.940854310989379883e-01
6.550937087013153359e-06 9.999934434890747070e-01
1.231980249285697937e-01 8.768019676208496094e-01
7.193952798843383789e-02 9.280604720115661621e-01
1.083099050447344780e-07 9.999998807907104492e-01
4.679930043494096026e-07 9.999995231628417969e-01
5.746684502810239792e-03 9.942533373832702637e-01
1.150445605162531137e-04 9.998849630355834961e-01
1.484431140852393582e-05 9.999850988388061523e-01
2.246565222740173340e-01 7.753434181213378906e-01
2.369343928876332939e-05 9.999762773513793945e-01
2.040003528236411512e-05 9.999796152114868164e-01
7.886721938848495483e-02 9.211328029632568359e-01
2.518194014555774629e-05 9.999748468399047852e-01
4.682738333940505981e-03 9.953173398971557617e-01
6.501310417661443353e-05 9.999350309371948242e-01
4.006694325653370470e-06 9.999959468841552734e-01
4.292791783809661865e-01 5.707207918167114258e-01
9.565741493133828044e-05 9.999042749404907227e-01
1.587987542152404785e-01 8.412012457847595215e-01
7.895509600639343262e-01 2.104490548372268677e-01
2.608390786917880177e-05 9.999738931655883789e-01
1.609417040526750498e-06 9.999983310699462891e-01
2.484022115822881460e-05 9.999752044677734375e-01
2.631828829180449247e-04 9.997368454933166504e-01
5.650384351611137390e-03 9.943496584892272949e-01
5.742837488651275635e-02 9.425715804100036621e-01
5.155796679900959134e-05 9.999483823776245117e-01
6.421737634809687734e-05 9.999357461929321289e-01
3.703369293361902237e-03 9.962965846061706543e-01
1.373833976686000824e-03 9.986262321472167969e-01
8.110339045524597168e-01 1.889661252498626709e-01
3.985776129411533475e-05 9.999601840972900391e-01
6.157505558803677559e-04 9.993842840194702148e-01
4.209524377074558288e-06 9.999958276748657227e-01
3.162236534990370274e-04 9.996837377548217773e-01
2.564141368566197343e-06 9.999973773956298828e-01
1.200717451865784824e-05 9.999879598617553711e-01
2.716148628678638488e-05 9.999728202819824219e-01
8.929196046665310860e-04 9.991070628166198730e-01
9.805481433868408203e-01 1.945186778903007507e-02
1.315244007855653763e-04 9.998685121536254883e-01
3.307558596134185791e-02 9.669244289398193359e-01
2.196056209504604340e-02 9.780394434928894043e-01
9.951684474945068359e-01 4.831564612686634064e-03
2.161404381695319898e-06 9.999978542327880859e-01
9.962863922119140625e-01 3.713563317432999611e-03
5.660244278260506690e-05 9.999433755874633789e-01
1.782611608505249023e-01 8.217387795448303223e-01
6.305781193077564240e-03 9.936942458152770996e-01
3.081548400223255157e-02 9.691845178604125977e-01
4.441722296178340912e-03 9.955582618713378906e-01
1.461163337808102369e-04 9.998538494110107422e-01
6.356703042984008789e-01 3.643296957015991211e-01
9.437924018129706383e-05 9.999055862426757812e-01
2.088258497678907588e-06 9.999978542327880859e-01
2.996868826448917389e-02 9.700313210487365723e-01
3.652130439877510071e-02 9.634786844253540039e-01
4.638344049453735352e-03 9.953616261482238770e-01
1.108798460336402059e-05 9.999889135360717773e-01
1.298385359405074269e-05 9.999870061874389648e-01
3.781103491783142090e-01 6.218895912170410156e-01
8.222538977861404419e-03 9.917774200439453125e-01
1.715262681245803833e-01 8.284737467765808105e-01
5.807664245367050171e-02 9.419233202934265137e-01
8.702700957655906677e-03 9.912973642349243164e-01
7.215072400867938995e-05 9.999278783798217773e-01
7.268444751389324665e-04 9.992731213569641113e-01
3.233861571061424911e-05 9.999676942825317383e-01
8.894938218872994184e-06 9.999910593032836914e-01
1.705175418464932591e-05 9.999829530715942383e-01
1.326354872435331345e-02 9.867364764213562012e-01
8.983027338981628418e-01 1.016972288489341736e-01
4.456188995391130447e-03 9.955437779426574707e-01
2.443691156804561615e-02 9.755630493164062500e-01
1.041140481829643250e-01 8.958858847618103027e-01
6.898960418766364455e-05 9.999309778213500977e-01
4.904260113835334778e-02 9.509573578834533691e-01
1.595836430788040161e-01 8.404164314270019531e-01
2.758797490969300270e-03 9.972412586212158203e-01
1.907353180286008865e-06 9.999980926513671875e-01
7.253656983375549316e-01 2.746342420578002930e-01
4.705507672042585909e-05 9.999529123306274414e-01
8.973991498351097107e-06 9.999910593032836914e-01
5.589289590716362000e-02 9.441071152687072754e-01
3.051292384043335915e-03 9.969487786293029785e-01
1.756272045895457268e-03 9.982436895370483398e-01
1.248862370848655701e-01 8.751137852668762207e-01
4.481329597183503211e-06 9.999954700469970703e-01
1.957567781209945679e-02 9.804243445396423340e-01
7.479788269847631454e-03 9.925202131271362305e-01
8.976236917078495026e-03 9.910237789154052734e-01
2.636785723098000744e-07 9.999997615814208984e-01
6.876190582261187956e-06 9.999930858612060547e-01
1.939875632524490356e-02 9.806011915206909180e-01
4.987943451851606369e-03 9.950120449066162109e-01
4.998977601644583046e-06 9.999949932098388672e-01
9.641871787607669830e-03 9.903581738471984863e-01
5.863808989524841309e-01 4.136191010475158691e-01
5.171300726942718029e-04 9.994828701019287109e-01
6.095846891403198242e-01 3.904152810573577881e-01
1.864550682739718468e-07 9.999997615814208984e-01
3.574010625015944242e-04 9.996426105499267578e-01
7.194000500021502376e-05 9.999279975891113281e-01
1.864028745330870152e-04 9.998136162757873535e-01
4.065384473506128415e-06 9.999959468841552734e-01
3.252637013792991638e-02 9.674736261367797852e-01
1.514980795036535710e-05 9.999848604202270508e-01
6.282129138708114624e-02 9.371787309646606445e-01
1.135935820639133453e-02 9.886406660079956055e-01
3.517985641956329346e-01 6.482014060020446777e-01
6.920888040440331679e-07 9.999992847442626953e-01
8.060252293944358826e-03 9.919397234916687012e-01
9.992370605468750000e-01 7.630072068423032761e-04
1.406260480507626198e-06 9.999985694885253906e-01
1.758125290507450700e-05 9.999824762344360352e-01
1.081729587167501450e-02 9.891827702522277832e-01
4.519015550613403320e-02 9.548098444938659668e-01
3.465929767116904259e-04 9.996534585952758789e-01
9.990859031677246094e-01 9.140647016465663910e-04
2.716911770403385162e-02 9.728308916091918945e-01
3.430290576034167316e-07 9.999996423721313477e-01
9.556979872286319733e-03 9.904430508613586426e-01
5.542942089959979057e-04 9.994457364082336426e-01
7.663974761962890625e-01 2.336025238037109375e-01
4.527451267222204478e-07 9.999995231628417969e-01
4.090623464435338974e-03 9.959093332290649414e-01
1.442368957214057446e-04 9.998557567596435547e-01
6.188553757965564728e-03 9.938114285469055176e-01
4.847578238695859909e-03 9.951523542404174805e-01
1.374032290186733007e-04 9.998625516891479492e-01
3.117812354958005017e-07 9.999996423721313477e-01
3.818884864449501038e-02 9.618111252784729004e-01
3.045984208583831787e-01 6.954016089439392090e-01
2.353492425754666328e-03 9.976465106010437012e-01
9.762790796230547130e-06 9.999902248382568359e-01
5.791860446333885193e-02 9.420813322067260742e-01
2.257371786981821060e-03 9.977426528930664062e-01
1.768066734075546265e-02 9.823192954063415527e-01
9.954196959733963013e-02 9.004580974578857422e-01
1.022159849526360631e-04 9.998977184295654297e-01
6.687880377285182476e-04 9.993312358856201172e-01
1.140942003985401243e-05 9.999885559082031250e-01
4.651075601577758789e-01 5.348924398422241211e-01
6.506652994175965432e-07 9.999994039535522461e-01
6.858412027359008789e-01 3.141588270664215088e-01
2.579496428370475769e-02 9.742050766944885254e-01
3.760168692679144442e-05 9.999624490737915039e-01
2.839875814970582724e-04 9.997159838676452637e-01
2.411035893601365387e-05 9.999759197235107422e-01
3.995172737631946802e-04 9.996004700660705566e-01
9.371180832386016846e-02 9.062882065773010254e-01
7.325931073864921927e-05 9.999266862869262695e-01
5.482224878505803645e-07 9.999994039535522461e-01
1.055818703025579453e-02 9.894417524337768555e-01
8.331959843635559082e-01 1.668040603399276733e-01
3.163867890834808350e-01 6.836131811141967773e-01
9.996339082717895508e-01 3.660964139271527529e-04
2.284740048708044924e-06 9.999977350234985352e-01
2.829035565810045227e-06 9.999971389770507812e-01
1.192567015095846727e-05 9.999880790710449219e-01
1.783585175871849060e-04 9.998217225074768066e-01
1.574547923155478202e-07 9.999998807907104492e-01
2.067831903696060181e-01 7.932168245315551758e-01
4.706185683608055115e-02 9.529381990432739258e-01
9.966997504234313965e-01 3.300203708931803703e-03
4.065358545631170273e-03 9.959346055984497070e-01
7.301031728275120258e-04 9.992699027061462402e-01
2.108503598719835281e-03 9.978914856910705566e-01
4.776739701628684998e-02 9.522325396537780762e-01
1.798529028892517090e-01 8.201470971107482910e-01
1.920503018482122570e-05 9.999808073043823242e-01
5.074365180917084217e-04 9.994925260543823242e-01
1.114440849050879478e-03 9.988855719566345215e-01
7.153099431889131665e-06 9.999928474426269531e-01
8.361419290304183960e-02 9.163858294486999512e-01
9.670451817100911285e-08 9.999998807907104492e-01
2.796489000320434570e-02 9.720351696014404297e-01
6.071407483432267327e-07 9.999994039535522461e-01
5.947647423454327509e-06 9.999940395355224609e-01
1.942580044269561768e-01 8.057419657707214355e-01
1.546563180454540998e-05 9.999845027923583984e-01
9.999964237213134766e-01 3.547225560396327637e-06
4.256896500010043383e-05 9.999574422836303711e-01
4.039876330352853984e-06 9.999959468841552734e-01
5.950587987899780273e-01 4.049412012100219727e-01
4.826557778869755566e-05 9.999517202377319336e-01
3.260827554640854942e-07 9.999996423721313477e-01
1.851996603363659233e-05 9.999815225601196289e-01
9.235480427742004395e-01 7.645194232463836670e-02
1.159629039466381073e-02 9.884037375450134277e-01
6.422030925750732422e-01 3.577969670295715332e-01
8.537580288248136640e-05 9.999146461486816406e-01
1.612505167722702026e-01 8.387494683265686035e-01
1.691710203886032104e-02 9.830828905105590820e-01
7.935530506074428558e-03 9.920644164085388184e-01
2.549237012863159180e-02 9.745075702667236328e-01
4.003009796142578125e-01 5.996990203857421875e-01
1.501523256301879883e-01 8.498476147651672363e-01
2.658764086663722992e-02 9.734123945236206055e-01
2.345001485082320869e-05 9.999765157699584961e-01
1.723640412092208862e-01 8.276360034942626953e-01
5.111272912472486496e-04 9.994888305664062500e-01
2.274399390444159508e-03 9.977255463600158691e-01
2.086134736600797623e-05 9.999791383743286133e-01
2.152021625079214573e-05 9.999784231185913086e-01
6.204626336693763733e-02 9.379537105560302734e-01
1.136846914887428284e-01 8.863152861595153809e-01
4.226502478122711182e-01 5.773497819900512695e-01
5.935050845146179199e-01 4.064948856830596924e-01
1.231693197041749954e-03 9.987682700157165527e-01
2.885398641228675842e-02 9.711460471153259277e-01
8.814866095781326294e-02 9.118512868881225586e-01
8.277509186882525682e-05 9.999172687530517578e-01
4.661460407078266144e-03 9.953385591506958008e-01
1.854829633884946816e-06 9.999980926513671875e-01
5.747588147642090917e-05 9.999425411224365234e-01
3.775431215763092041e-02 9.622457027435302734e-01
4.578385055065155029e-01 5.421615242958068848e-01
8.840610971674323082e-04 9.991158843040466309e-01
7.132963219191879034e-06 9.999928474426269531e-01
1.383771450491622090e-04 9.998615980148315430e-01
2.414470827716286294e-07 9.999997615814208984e-01
1.385692257827031426e-06 9.999985694885253906e-01
6.791537743993103504e-04 9.993208646774291992e-01
4.489357471466064453e-01 5.510642528533935547e-01
2.636796853039413691e-04 9.997363686561584473e-01
2.393303875578567386e-04 9.997606873512268066e-01
9.989248064812272787e-05 9.999001026153564453e-01
1.194310461869463325e-04 9.998805522918701172e-01
5.469610186992213130e-06 9.999945163726806641e-01
2.628721176733961329e-06 9.999973773956298828e-01
2.795099513605237007e-03 9.972048401832580566e-01
9.905829429626464844e-01 9.417018853127956390e-03
3.446431037446018308e-06 9.999965429306030273e-01
2.980189456138759851e-04 9.997019171714782715e-01
3.696960266097448766e-05 9.999630451202392578e-01
1.080275401473045349e-01 8.919724225997924805e-01
9.082984179258346558e-04 9.990917444229125977e-01
1.436367142559902277e-06 9.999985694885253906e-01
2.646038126385974465e-07 9.999997615814208984e-01
3.683496458961599274e-07 9.999996423721313477e-01
1.619227623450569808e-05 9.999837875366210938e-01
1.129748056882817764e-06 9.999989271163940430e-01
1.097563435905613005e-04 9.998902082443237305e-01
3.805193584412336349e-03 9.961948394775390625e-01
1.341052819043397903e-02 9.865894317626953125e-01
1.356136868707835674e-03 9.986438155174255371e-01
1.003243378363549709e-03 9.989967942237854004e-01
2.354642152786254883e-01 7.645357847213745117e-01
2.422970533370971680e-02 9.757702350616455078e-01
3.584640920162200928e-01 6.415358781814575195e-01
1.410454956385365222e-06 9.999985694885253906e-01
8.159379376593278721e-07 9.999991655349731445e-01
8.267922997474670410e-01 1.732076704502105713e-01
1.059275493025779724e-01 8.940724730491638184e-01
5.838203520625029341e-08 1.000000000000000000e+00
6.953532695770263672e-01 3.046467900276184082e-01
5.840357765555381775e-02 9.415963888168334961e-01
4.058289900422096252e-02 9.594171047210693359e-01
7.576530799269676208e-03 9.924234151840209961e-01
4.120794585560361156e-07 9.999996423721313477e-01
6.741852499544620514e-03 9.932581186294555664e-01
2.780743216135306284e-06 9.999972581863403320e-01
4.844880550081143156e-07 9.999995231628417969e-01
4.948466539644869044e-06 9.999949932098388672e-01
8.854846782924141735e-06 9.999911785125732422e-01
4.958524755238613579e-07 9.999995231628417969e-01
9.154783765552565455e-05 9.999084472656250000e-01
4.732079833047464490e-05 9.999526739120483398e-01
5.463255103677511215e-03 9.945367574691772461e-01
9.503154615231323987e-06 9.999904632568359375e-01
9.999785423278808594e-01 2.146352562704123557e-05
9.385430812835693359e-01 6.145694106817245483e-02
5.046799033880233765e-02 9.495319724082946777e-01
5.075147151947021484e-01 4.924852550029754639e-01
1.063490984961390495e-03 9.989364743232727051e-01
3.117217868566513062e-02 9.688277840614318848e-01
7.900317758321762085e-02 9.209967851638793945e-01
1.104064285755157471e-04 9.998896121978759766e-01
1.763885520631447434e-04 9.998236298561096191e-01
3.569752152543514967e-04 9.996429681777954102e-01
2.588038444519042969e-01 7.411961555480957031e-01
6.284614093601703644e-03 9.937153458595275879e-01
5.056040734052658081e-02 9.494395852088928223e-01
5.204270564718171954e-05 9.999479055404663086e-01
1.626028051759931259e-06 9.999983310699462891e-01
7.099549839040264487e-05 9.999289512634277344e-01
8.050795372582797427e-07 9.999991655349731445e-01
9.590550661087036133e-01 4.094490408897399902e-02
6.316081271506845951e-04 9.993683695793151855e-01
5.515414290130138397e-03 9.944846034049987793e-01
7.482057809829711914e-01 2.517941892147064209e-01
1.720866560935974121e-01 8.279132843017578125e-01
4.979713633656501770e-02 9.502029418945312500e-01
1.521324747955077328e-06 9.999984502792358398e-01
1.107413917779922485e-01 8.892586231231689453e-01
1.526618325442541391e-05 9.999847412109375000e-01
6.064682602882385254e-01 3.935317397117614746e-01
7.199541869340464473e-06 9.999928474426269531e-01
2.757417261600494385e-01 7.242583036422729492e-01
2.024736106395721436e-01 7.975263595581054688e-01
4.751993110403418541e-04 9.995248317718505859e-01
1.515791658312082291e-02 9.848420619964599609e-01
2.114488233928568661e-05 9.999788999557495117e-01
2.315614558756351471e-02 9.768438935279846191e-01
4.312533419579267502e-03 9.956874251365661621e-01
1.138954088091850281e-01 8.861046433448791504e-01
2.316121943295001984e-02 9.768387675285339355e-01
2.739256806671619415e-02 9.726074337959289551e-01
1.983567140996456146e-02 9.801643490791320801e-01
3.546740859746932983e-03 9.964532852172851562e-01
1.813843101263046265e-02 9.818615913391113281e-01
1.206931642627750989e-06 9.999988079071044922e-01
1.696074381470680237e-03 9.983038902282714844e-01
1.670220494270324707e-01 8.329779505729675293e-01
4.891082644462585449e-02 9.510891437530517578e-01
7.293744385242462158e-02 9.270625710487365723e-01
2.973757318613934331e-06 9.999970197677612305e-01
8.903980487957596779e-04 9.991095662117004395e-01
9.917291998863220215e-01 8.270843885838985443e-03
7.073394060134887695e-01 2.926605939865112305e-01
1.058160614775260910e-05 9.999893903732299805e-01
5.370435974327847362e-05 9.999462366104125977e-01
8.128938674926757812e-01 1.871061325073242188e-01
1.084781996905803680e-02 9.891521930694580078e-01
5.321523985912790522e-06 9.999946355819702148e-01
1.456893607974052429e-02 9.854310750961303711e-01
8.457635343074798584e-02 9.154236316680908203e-01
4.236770910210907459e-04 9.995762705802917480e-01
1.061787497746990994e-05 9.999893903732299805e-01
1.478312420658767223e-03 9.985217452049255371e-01
9.976518750190734863e-01 2.348195062950253487e-03
1.308688614517450333e-02 9.869131445884704590e-01
1.178321981569752097e-04 9.998821020126342773e-01
7.420215843012556434e-05 9.999258518218994141e-01
8.150925277732312679e-04 9.991849064826965332e-01
1.769307687027321663e-07 9.999998807907104492e-01
1.041867653839290142e-03 9.989581108093261719e-01
4.855133374803699553e-05 9.999514818191528320e-01
1.711491640890017152e-04 9.998288154602050781e-01
1.674729173828382045e-05 9.999833106994628906e-01
5.040433024987578392e-04 9.994959831237792969e-01
3.884931504726409912e-01 6.115068197250366211e-01
2.511162869632244110e-02 9.748883247375488281e-01
6.191832198965130374e-06 9.999938011169433594e-01
8.706563115119934082e-01 1.293437182903289795e-01
1.816395638343237806e-06 9.999982118606567383e-01
2.043577842414379120e-04 9.997956156730651855e-01
3.213256713934242725e-04 9.996787309646606445e-01
1.818288183130789548e-06 9.999982118606567383e-01
1.183358300477266312e-02 9.881664514541625977e-01
2.537092996135470457e-06 9.999974966049194336e-01
4.395434558391571045e-01 5.604565143585205078e-01
7.168654203414916992e-01 2.831345796585083008e-01
7.286115760507527739e-06 9.999927282333374023e-01
4.135406911373138428e-01 5.864593386650085449e-01
2.644861638545989990e-01 7.355138063430786133e-01
1.302178855985403061e-02 9.869781732559204102e-01
7.041347622871398926e-01 2.958652377128601074e-01
3.168962939525954425e-05 9.999682903289794922e-01
1.418738858774304390e-03 9.985812902450561523e-01
7.439790368080139160e-01 2.560209333896636963e-01
7.433057427406311035e-01 2.566943168640136719e-01
1.750423398334532976e-04 9.998249411582946777e-01
2.346142232418060303e-01 7.653857469558715820e-01
9.242805390385910869e-06 9.999907016754150391e-01
4.527045405211538309e-07 9.999995231628417969e-01
9.846221804618835449e-01 1.537784188985824585e-02
7.869141700211912394e-05 9.999213218688964844e-01
2.306928625330328941e-03 9.976930022239685059e-01
9.271706342697143555e-01 7.282934337854385376e-02
7.300385914277285337e-05 9.999270439147949219e-01
4.718460515141487122e-02 9.528154134750366211e-01
2.169764684367692098e-06 9.999978542327880859e-01
7.417297363281250000e-02 9.258270859718322754e-01
4.023496785521274433e-06 9.999959468841552734e-01
2.625330723822116852e-02 9.737467169761657715e-01
8.698794245719909668e-02 9.130120873451232910e-01
1.793235354125499725e-02 9.820677042007446289e-01
2.183804099331609905e-06 9.999978542327880859e-01
1.521647209301590919e-05 9.999847412109375000e-01
1.261492725461721420e-03 9.987384676933288574e-01
2.438257485628128052e-01 7.561742663383483887e-01
1.235895827412605286e-01 8.764104247093200684e-01
4.290260258130729198e-04 9.995710253715515137e-01
3.247806489525828511e-06 9.999967813491821289e-01
6.139603257179260254e-02 9.386039972305297852e-01
6.301652789115905762e-01 3.698346614837646484e-01
2.017854825453468948e-07 9.999997615814208984e-01
8.940553069114685059e-01 1.059446707367897034e-01
2.206135075539350510e-03 9.977939128875732422e-01
1.200772002339363098e-01 8.799227476119995117e-01
3.909408121671731351e-07 9.999996423721313477e-01
5.791552364826202393e-03 9.942084550857543945e-01
1.925579458475112915e-02 9.807441830635070801e-01
1.554600316922005732e-06 9.999984502792358398e-01
8.765441634750459343e-06 9.999911785125732422e-01
1.079532667063176632e-04 9.998919963836669922e-01
9.794545263730469742e-08 9.999998807907104492e-01
3.516101116929348791e-07 9.999996423721313477e-01
4.387541707728814799e-07 9.999995231628417969e-01
7.286660671234130859e-01 2.713338732719421387e-01
1.326450274063972756e-05 9.999867677688598633e-01
4.527345026872353628e-06 9.999954700469970703e-01
1.794124182197265327e-05 9.999819993972778320e-01
8.261981565738096833e-05 9.999173879623413086e-01
4.353115343747049337e-07 9.999995231628417969e-01
8.381512761116027832e-02 9.161849021911621094e-01
1.235346030443906784e-02 9.876464605331420898e-01
3.363445103168487549e-01 6.636554598808288574e-01
2.267406135797500610e-01 7.732594013214111328e-01
1.127667246691999026e-06 9.999989271163940430e-01
1.846707891672849655e-04 9.998154044151306152e-01
4.869467829848872498e-06 9.999951124191284180e-01
2.979366667568683624e-02 9.702063798904418945e-01
3.225349587410164531e-07 9.999996423721313477e-01
1.681387424468994141e-03 9.983186721801757812e-01
3.257584199309349060e-02 9.674240946769714355e-01
2.415351103991270065e-03 9.975847005844116211e-01
2.154813074639605475e-07 9.999997615814208984e-01
2.486674338579177856e-01 7.513325810432434082e-01
2.947013417724519968e-04 9.997052550315856934e-01
3.846999956294894218e-03 9.961529374122619629e-01
5.518029411177849397e-07 9.999994039535522461e-01
1.131278550019487739e-04 9.998868703842163086e-01
2.288176801812369376e-06 9.999977350234985352e-01
6.627695256611332297e-05 9.999337196350097656e-01
8.848352730274200439e-02 9.115164875984191895e-01
3.177362680435180664e-01 6.822637319564819336e-01
9.999946355819702148e-01 5.358210273698205128e-06
5.840252852067351341e-04 9.994159936904907227e-01
7.079152390360832214e-03 9.929208159446716309e-01
1.658539549680426717e-04 9.998340606689453125e-01
8.859397470951080322e-02 9.114059805870056152e-01
1.333052068948745728e-01 8.666948080062866211e-01
2.380166843067854643e-04 9.997619986534118652e-01
3.676770138554275036e-04 9.996323585510253906e-01
1.482004821300506592e-01 8.517995476722717285e-01
2.402316283678374020e-07 9.999997615814208984e-01
2.392256719758734107e-04 9.997608065605163574e-01
1.283837377741292585e-06 9.999986886978149414e-01
9.683279131422750652e-06 9.999903440475463867e-01
5.673846462741494179e-04 9.994326233863830566e-01
2.943902836705092341e-05 9.999705553054809570e-01
4.785003397955733817e-07 9.999995231628417969e-01
1.741204061545431614e-03 9.982587695121765137e-01
1.108126070903381333e-06 9.999989271163940430e-01
9.999581575393676758e-01 4.185937723377719522e-05
7.590617053210735321e-03 9.924093484878540039e-01
7.761763117741793394e-05 9.999223947525024414e-01
5.422064077720278874e-06 9.999946355819702148e-01
4.076976911164820194e-04 9.995923638343811035e-01
9.094128608703613281e-01 9.058716893196105957e-02
8.658809661865234375e-01 1.341190636157989502e-01
4.054195713251829147e-03 9.959458708763122559e-01
2.151111699640750885e-02 9.784889221191406250e-01
8.469792192045133561e-06 9.999915361404418945e-01
4.301790595054626465e-01 5.698208808898925781e-01
8.098237216472625732e-03 9.919016957283020020e-01
5.337765323929488659e-04 9.994662404060363770e-01
1.982742454856634140e-03 9.980173110961914062e-01
3.103343942711944692e-06 9.999969005584716797e-01
6.852045771665871143e-04 9.993147850036621094e-01
2.116356417536735535e-02 9.788364768028259277e-01
1.193051684822421521e-05 9.999880790710449219e-01
7.256253063678741455e-02 9.274374842643737793e-01
8.945631561800837517e-04 9.991053938865661621e-01
3.277211217209696770e-04 9.996722936630249023e-01
7.338264549616724253e-05 9.999265670776367188e-01
4.509684856657258933e-07 9.999995231628417969e-01
2.463738471269607544e-01 7.536261081695556641e-01
2.223603241145610809e-02 9.777640104293823242e-01
1.285391207784414291e-02 9.871461391448974609e-01
3.699197550304234028e-04 9.996300935745239258e-01
8.371823281049728394e-02 9.162817597389221191e-01
1.893058652058243752e-06 9.999980926513671875e-01
3.776434750761836767e-04 9.996223449707031250e-01
6.390693597495555878e-03 9.936093091964721680e-01
6.284706294536590576e-02 9.371529817581176758e-01
1.351979972241679206e-05 9.999865293502807617e-01
1.697697094641625881e-03 9.983022212982177734e-01
8.369492570636793971e-05 9.999163150787353516e-01
1.031638309359550476e-02 9.896836280822753906e-01
1.481537520885467529e-02 9.851846694946289062e-01
3.598743351176381111e-04 9.996401071548461914e-01
7.726514339447021484e-02 9.227347970008850098e-01
7.581303179904352874e-06 9.999923706054687500e-01
4.743375939142424613e-06 9.999952316284179688e-01
2.320194542407989502e-01 7.679805755615234375e-01
1.799966953694820404e-02 9.820002913475036621e-01
1.921341009438037872e-02 9.807866215705871582e-01
3.989686665590852499e-04 9.996010661125183105e-01
8.650405704975128174e-02 9.134959578514099121e-01
5.842750397277995944e-05 9.999415874481201172e-01
3.669608850032091141e-03 9.963304400444030762e-01
9.505989728495478630e-04 9.990493655204772949e-01
9.250014424324035645e-01 7.499849796295166016e-02
3.268983618909260258e-06 9.999967813491821289e-01
5.096743507237988524e-07 9.999995231628417969e-01
7.094548345776274800e-05 9.999290704727172852e-01
1.338529121130704880e-02 9.866147637367248535e-01
8.302760720252990723e-01 1.697239130735397339e-01
3.138954285532236099e-03 9.968611001968383789e-01
8.667167425155639648e-01 1.332833170890808105e-01
3.196334931999444962e-03 9.968036413192749023e-01
1.524253655225038528e-02 9.847574234008789062e-01
1.045184581016656011e-05 9.999895095825195312e-01
1.444112240278627723e-05 9.999855756759643555e-01
4.899962339550256729e-03 9.951000809669494629e-01
6.237757042981684208e-05 9.999376535415649414e-01
4.378942772746086121e-02 9.562106132507324219e-01
8.379763312404975295e-05 9.999161958694458008e-01
2.117158286273479462e-02 9.788283705711364746e-01
6.979755708016455173e-04 9.993020296096801758e-01
9.407901670783758163e-04 9.990592598915100098e-01
3.260177550146181602e-07 9.999996423721313477e-01
8.089785978881991468e-07 9.999991655349731445e-01
7.943309610709547997e-04 9.992056488990783691e-01
3.736157907496817643e-07 9.999996423721313477e-01
9.042651799973100424e-05 9.999095201492309570e-01
1.368729863315820694e-04 9.998631477355957031e-01
6.994171068072319031e-03 9.930058121681213379e-01
2.447908557951450348e-02 9.755209684371948242e-01
1.050757759912812617e-06 9.999989271163940430e-01
8.047156780958175659e-02 9.195284843444824219e-01
5.223212763667106628e-02 9.477678537368774414e-01
1.849970067269168794e-05 9.999815225601196289e-01
5.661298055201768875e-03 9.943386912345886230e-01
6.205057161423610523e-07 9.999994039535522461e-01
1.950709411175921559e-04 9.998049139976501465e-01
1.287877921640756540e-06 9.999986886978149414e-01
9.997811913490295410e-01 2.188279904657974839e-04
9.280560612678527832e-01 7.194393128156661987e-02
2.783678355626761913e-04 9.997215867042541504e-01
1.753496917444863357e-06 9.999982118606567383e-01
4.436251893639564514e-02 9.556375145912170410e-01
3.077393630519509315e-03 9.969225525856018066e-01
1.519422279670834541e-03 9.984806180000305176e-01
1.289278119802474976e-01 8.710721731185913086e-01
1.453174650669097900e-01 8.546825051307678223e-01
2.762632720987312496e-05 9.999723434448242188e-01
3.408580273389816284e-02 9.659141302108764648e-01
3.912007855433330406e-07 9.999996423721313477e-01
8.063663262873888016e-04 9.991936087608337402e-01
1.890951608629620750e-07 9.999997615814208984e-01
9.990074038505554199e-01 9.925728663802146912e-04
1.464276574552059174e-02 9.853572249412536621e-01
8.934831619262695312e-02 9.106516838073730469e-01
4.363780899439007044e-04 9.995636343955993652e-01
7.967572808265686035e-01 2.032427042722702026e-01
2.758221328258514404e-02 9.724178314208984375e-01
7.734309881925582886e-02 9.226568937301635742e-01
7.065004855394363403e-02 9.293499588966369629e-01
1.590465903282165527e-01 8.409534096717834473e-01
2.062833518721163273e-04 9.997937083244323730e-01
1.458804126741597429e-05 9.999854564666748047e-01
1.773422700352966785e-03 9.982265830039978027e-01
2.372509539127349854e-01 7.627490758895874023e-01
5.080130904389079660e-06 9.999948740005493164e-01
4.556250572204589844e-02 9.544374346733093262e-01
7.113059400580823421e-04 9.992886781692504883e-01
1.961284942808561027e-05 9.999803304672241211e-01
1.259338110685348511e-01 8.740661740303039551e-01
3.932408390028285794e-07 9.999996423721313477e-01
8.174575896191527136e-07 9.999991655349731445e-01
7.491353154182434082e-02 9.250864386558532715e-01
9.993479847908020020e-01 6.520532770082354546e-04
2.206187462434172630e-03 9.977937936782836914e-01
1.454359386116266251e-02 9.854564070701599121e-01
6.434038368752226233e-07 9.999994039535522461e-01
1.249717752216383815e-05 9.999874830245971680e-01
2.563458983786404133e-04 9.997436404228210449e-01
3.586639463901519775e-02 9.641335606575012207e-01
6.607722607441246510e-04 9.993391633033752441e-01
3.285694494843482971e-02 9.671430587768554688e-01
9.999247789382934570e-01 7.524612010456621647e-05
3.721998655237257481e-05 9.999628067016601562e-01
1.537719392217695713e-03 9.984623193740844727e-01
7.890038541518151760e-04 9.992109537124633789e-01
2.099018543958663940e-03 9.979009628295898438e-01
5.260560556052951142e-06 9.999947547912597656e-01
4.933901436743326485e-06 9.999951124191284180e-01
4.147454092162661254e-05 9.999585151672363281e-01
9.999628067016601562e-01 3.724469934240914881e-05
2.570257856859825552e-05 9.999742507934570312e-01
2.984541095793247223e-02 9.701546430587768555e-01
1.081640124320983887e-01 8.918359279632568359e-01
6.005428804201073945e-05 9.999399185180664062e-01
2.091878559440374374e-03 9.979081153869628906e-01
6.116322707384824753e-03 9.938836693763732910e-01
3.047288628295063972e-03 9.969526529312133789e-01
3.978121653199195862e-02 9.602188467979431152e-01
1.346249246125807986e-05 9.999865293502807617e-01
1.027035061269998550e-02 9.897296428680419922e-01
1.146324537694454193e-02 9.885367155075073242e-01
1.458949845982715487e-04 9.998540878295898438e-01
3.524765139445662498e-03 9.964752793312072754e-01
1.227869186550378799e-03 9.987720847129821777e-01
9.997162222862243652e-01 2.837932261172682047e-04
5.713685595765127800e-07 9.999994039535522461e-01
1.250310560862999409e-06 9.999988079071044922e-01
4.267267941031605005e-04 9.995732903480529785e-01
1.105965056922286749e-04 9.998893737792968750e-01
4.518096261563186999e-07 9.999995231628417969e-01
2.358975325478240848e-05 9.999763965606689453e-01
8.713059287401847541e-07 9.999991655349731445e-01
1.593349268659949303e-03 9.984067082405090332e-01
8.195722103118896484e-02 9.180428385734558105e-01
1.090493100264211535e-07 9.999998807907104492e-01
9.999933242797851562e-01 6.708660293952561915e-06
4.643648935598321259e-06 9.999953508377075195e-01
5.471019744873046875e-01 4.528980255126953125e-01
9.541549682617187500e-01 4.584503546357154846e-02
2.018880471587181091e-02 9.798111319541931152e-01
4.939857125282287598e-02 9.506014585494995117e-01
8.190863098889167304e-08 9.999998807907104492e-01
1.119675487279891968e-01 8.880323767662048340e-01
8.904559217626228929e-05 9.999109506607055664e-01
1.490691211074590683e-04 9.998508691787719727e-01
3.188589471392333508e-04 9.996811151504516602e-01
2.912086667492985725e-03 9.970878958702087402e-01
2.124460646882653236e-03 9.978755712509155273e-01
1.415815651416778564e-01 8.584184050559997559e-01
6.642272928729653358e-04 9.993357062339782715e-01
1.124418122344650328e-04 9.998875856399536133e-01
1.232497015735134482e-04 9.998767375946044922e-01
2.058377256616950035e-03 9.979415535926818848e-01
5.027948413044214249e-03 9.949719905853271484e-01
