9.997811913490295410e-01 2.188279904657974839e-04
3.765756962820887566e-03 9.962342381477355957e-01
4.353115343747049337e-07 9.999995231628417969e-01
7.168654203414916992e-01 2.831345796585083008e-01
2.904633581638336182e-01 7.095366120338439941e-01
2.625330723822116852e-02 9.737467169761657715e-01
1.706554181873798370e-02 9.829344153404235840e-01
8.326982424478046596e-06 9.999916553497314453e-01
4.076976911164820194e-04 9.995923638343811035e-01
9.402389405295252800e-04 9.990597367286682129e-01
2.569736167788505554e-02 9.743025898933410645e-01
3.163867890834808350e-01 6.836131811141967773e-01
1.478312420658767223e-03 9.985217452049255371e-01
6.282129138708114624e-02 9.371787309646606445e-01
5.646900390274822712e-04 9.994352459907531738e-01
2.080490346997976303e-03 9.979194998741149902e-01
4.706185683608055115e-02 9.529381990432739258e-01
4.758436205065663671e-07 9.999995231628417969e-01
7.677018176764249802e-03 9.923229217529296875e-01
2.223603241145610809e-02 9.777640104293823242e-01
1.380602916469797492e-04 9.998619556427001953e-01
7.491353154182434082e-02 9.250864386558532715e-01
9.407901670783758163e-04 9.990592598915100098e-01
4.664006070242976421e-08 1.000000000000000000e+00
9.999933242797851562e-01 6.708660293952561915e-06
1.769307687027321663e-07 9.999998807907104492e-01
9.058326482772827148e-01 9.416741132736206055e-02
5.650384351611137390e-03 9.943496584892272949e-01
6.493277847766876221e-02 9.350672364234924316e-01
3.896395675837993622e-03 9.961036443710327148e-01
4.312533419579267502e-03 9.956874251365661621e-01
1.120563014410436153e-03 9.988793730735778809e-01
6.139603257179260254e-02 9.386039972305297852e-01
5.096925050020217896e-02 9.490307569503784180e-01
6.247896552085876465e-01 3.752103745937347412e-01
3.080822825431823730e-01 6.919176578521728516e-01
5.770544987171888351e-03 9.942294359207153320e-01
3.047288628295063972e-03 9.969526529312133789e-01
2.533104270696640015e-04 9.997467398643493652e-01
2.769822068512439728e-02 9.723018407821655273e-01
9.565741493133828044e-05 9.999042749404907227e-01
9.809398761717602611e-06 9.999902248382568359e-01
4.518096261563186999e-07 9.999995231628417969e-01
2.074640244245529175e-02 9.792536497116088867e-01
3.260911107063293457e-01 6.739088892936706543e-01
7.338264549616724253e-05 9.999265670776367188e-01
5.898357267142273486e-05 9.999409914016723633e-01
5.033255438320338726e-04 9.994966983795166016e-01
6.780026555061340332e-01 3.219973742961883545e-01
1.720866560935974121e-01 8.279132843017578125e-01
9.794545263730469742e-08 9.999998807907104492e-01
1.681387424468994141e-03 9.983186721801757812e-01
2.885398641228675842e-02 9.711460471153259277e-01
6.123826652765274048e-02 9.387617707252502441e-01
4.039876330352853984e-06 9.999959468841552734e-01
2.086134736600797623e-05 9.999791383743286133e-01
2.022240757942199707e-01 7.977759838104248047e-01
8.506815433502197266e-01 1.493184417486190796e-01
1.923722098581492901e-03 9.980763196945190430e-01
3.465929767116904259e-04 9.996534585952758789e-01
3.294429188827052712e-05 9.999670982360839844e-01
1.040773931890726089e-03 9.989591836929321289e-01
7.286115760507527739e-06 9.999927282333374023e-01
9.997254014015197754e-01 2.745748206507414579e-04
1.746540516614913940e-02 9.825345873832702637e-01
3.589224206734797917e-06 9.999964237213134766e-01
2.346142232418060303e-01 7.653857469558715820e-01
6.095846891403198242e-01 3.904152810573577881e-01
3.430290576034167316e-07 9.999996423721313477e-01
9.080389514565467834e-03 9.909195899963378906e-01
7.256253063678741455e-02 9.274374842643737793e-01
3.363445103168487549e-01 6.636554598808288574e-01
6.861408948898315430e-01 3.138591349124908447e-01
1.287877921640756540e-06 9.999986886978149414e-01
6.920888040440331679e-07 9.999992847442626953e-01
7.267641922226175666e-05 9.999272823333740234e-01
2.486674338579177856e-01 7.513325810432434082e-01
7.687422446906566620e-03 9.923126101493835449e-01
5.269478261470794678e-02 9.473051428794860840e-01
7.232236266136169434e-01 2.767764031887054443e-01
7.774167507886886597e-02 9.222583174705505371e-01
9.450525790452957153e-02 9.054946899414062500e-01
2.443691156804561615e-02 9.755630493164062500e-01
7.427166565321385860e-04 9.992572665214538574e-01
8.650405704975128174e-02 9.134959578514099121e-01
4.578385055065155029e-01 5.421615242958068848e-01
7.626066799275577068e-04 9.992374181747436523e-01
3.293100893497467041e-01 6.706899404525756836e-01
9.219654602929949760e-04 9.990780353546142578e-01
8.261981565738096833e-05 9.999173879623413086e-01
7.208373546600341797e-01 2.791626155376434326e-01
1.204875949770212173e-02 9.879512190818786621e-01
9.999946355819702148e-01 5.358210273698205128e-06
2.846089500962989405e-06 9.999971389770507812e-01
3.252637013792991638e-02 9.674736261367797852e-01
2.320194542407989502e-01 7.679805755615234375e-01
9.698080830276012421e-03 9.903019070625305176e-01
9.513837099075317383e-01 4.861631616950035095e-02
9.726762771606445312e-01 2.732377685606479645e-02
8.221930329455062747e-06 9.999917745590209961e-01
7.268444751389324665e-04 9.992731213569641113e-01
1.090493100264211535e-07 9.999998807907104492e-01
5.046799033880233765e-02 9.495319724082946777e-01
1.923656091094017029e-03 9.980763196945190430e-01
6.503803306259214878e-04 9.993496537208557129e-01
8.934831619262695312e-02 9.106516838073730469e-01
3.586639463901519775e-02 9.641335606575012207e-01
6.204626336693763733e-02 9.379537105560302734e-01
5.469610186992213130e-06 9.999945163726806641e-01
3.188589471392333508e-04 9.996811151504516602e-01
1.289278119802474976e-01 8.710721731185913086e-01
5.842750397277995944e-05 9.999415874481201172e-01
2.176471520215272903e-03 9.978235960006713867e-01
2.058377256616950035e-03 9.979415535926818848e-01
1.436583115719258785e-03 9.985634684562683105e-01
1.192567015095846727e-05 9.999880790710449219e-01
3.221040964126586914e-02 9.677896499633789062e-01
1.674729173828382045e-05 9.999833106994628906e-01
3.995906561613082886e-02 9.600409269332885742e-01
8.973991498351097107e-06 9.999910593032836914e-01
9.943401440978050232e-03 9.900565743446350098e-01
3.518566927596111782e-06 9.999964237213134766e-01
8.120804704958572984e-05 9.999188184738159180e-01
1.373053644783794880e-03 9.986269474029541016e-01
4.091632068157196045e-01 5.908367633819580078e-01
8.371823281049728394e-02 9.162817597389221191e-01
1.283837377741292585e-06 9.999986886978149414e-01
4.409538973959570285e-07 9.999995231628417969e-01
1.193051684822421521e-05 9.999880790710449219e-01
9.970001578330993652e-01 2.999807242304086685e-03
1.135716307908296585e-02 9.886428713798522949e-01
9.271706342697143555e-01 7.282934337854385376e-02
1.167595382867148146e-05 9.999883174896240234e-01
4.256896500010043383e-05 9.999574422836303711e-01
9.917291998863220215e-01 8.270843885838985443e-03
1.906585566757712513e-06 9.999980926513671875e-01
1.587987542152404785e-01 8.412012457847595215e-01
8.606349001638591290e-05 9.999139308929443359e-01
6.981953629292547703e-04 9.993017911911010742e-01
7.797748595476150513e-02 9.220225214958190918e-01
3.598743351176381111e-04 9.996401071548461914e-01
6.979755708016455173e-04 9.993020296096801758e-01
7.734309881925582886e-02 9.226568937301635742e-01
4.090623464435338974e-03 9.959093332290649414e-01
3.045984208583831787e-01 6.954016089439392090e-01
1.820588558912277222e-01 8.179411292076110840e-01
1.246998906135559082e-01 8.753000497817993164e-01
3.177362680435180664e-01 6.822637319564819336e-01
1.246641129255294800e-01 8.753358721733093262e-01
1.236182972788810730e-01 8.763816952705383301e-01
4.550876561552286148e-03 9.954491257667541504e-01
1.206572619594226126e-06 9.999988079071044922e-01
9.905829429626464844e-01 9.417018853127956390e-03
4.454004168510437012e-01 5.545995831489562988e-01
5.074901580810546875e-01 4.925098419189453125e-01
3.652484714984893799e-02 9.634751081466674805e-01
5.974731539026834071e-05 9.999402761459350586e-01
3.795265229200595059e-06 9.999961853027343750e-01
2.658098470419645309e-03 9.973419308662414551e-01
1.200717451865784824e-05 9.999879598617553711e-01
3.699197550304234028e-04 9.996300935745239258e-01
6.698890938423573971e-04 9.993301630020141602e-01
1.055933069437742233e-03 9.989441037178039551e-01
2.605370283126831055e-01 7.394629120826721191e-01
2.284740048708044924e-06 9.999977350234985352e-01
8.932497439673170447e-05 9.999107122421264648e-01
3.909408121671731351e-07 9.999996423721313477e-01
2.622220563353039324e-05 9.999737739562988281e-01
1.119675487279891968e-01 8.880323767662048340e-01
2.588038444519042969e-01 7.411961555480957031e-01
6.607722607441246510e-04 9.993391633033752441e-01
3.837558627128601074e-02 9.616243839263916016e-01
1.031638309359550476e-02 9.896836280822753906e-01
3.995172737631946802e-04 9.996004700660705566e-01
3.805193584412336349e-03 9.961948394775390625e-01
2.715880982577800751e-02 9.728411436080932617e-01
5.436210893094539642e-03 9.945637583732604980e-01
2.208772348240017891e-04 9.997791647911071777e-01
4.527451267222204478e-07 9.999995231628417969e-01
3.285694494843482971e-02 9.671430587768554688e-01
1.194050759077072144e-01 8.805949091911315918e-01
6.052938755601644516e-03 9.939470291137695312e-01
2.570257856859825552e-05 9.999742507934570312e-01
2.658764086663722992e-02 9.734123945236206055e-01
1.135359704494476318e-02 9.886463880538940430e-01
2.447908557951450348e-02 9.755209684371948242e-01
7.761763117741793394e-05 9.999223947525024414e-01
1.458804126741597429e-05 9.999854564666748047e-01
5.589289590716362000e-02 9.441071152687072754e-01
9.999965429306030273e-01 3.415246510485303588e-06
3.517985641956329346e-01 6.482014060020446777e-01
4.998977601644583046e-06 9.999949932098388672e-01
9.999461174011230469e-01 5.385477925301529467e-05
4.718460515141487122e-02 9.528154134750366211e-01
1.197348581627011299e-03 9.988026618957519531e-01
8.502933269483037293e-06 9.999915361404418945e-01
5.145349502563476562e-01 4.854650497436523438e-01
1.846707891672849655e-04 9.998154044151306152e-01
3.676770138554275036e-04 9.996323585510253906e-01
9.966009855270385742e-02 9.003399014472961426e-01
1.464276574552059174e-02 9.853572249412536621e-01
2.043577842414379120e-04 9.997956156730651855e-01
5.746684502810239792e-03 9.942533373832702637e-01
1.654006638318605837e-07 9.999998807907104492e-01
1.113894086302025244e-06 9.999989271163940430e-01
7.439790368080139160e-01 2.560209333896636963e-01
3.804925829172134399e-03 9.961950778961181641e-01
5.996241234242916107e-03 9.940037131309509277e-01
1.315244007855653763e-04 9.998685121536254883e-01
5.486411737365415320e-06 9.999945163726806641e-01
9.999247789382934570e-01 7.524612010456621647e-05
6.284706294536590576e-02 9.371529817581176758e-01
1.263459216716000810e-05 9.999873638153076172e-01
1.537719392217695713e-03 9.984623193740844727e-01
7.041347622871398926e-01 2.958652377128601074e-01
6.169880634843138978e-06 9.999938011169433594e-01
2.091878559440374374e-03 9.979081153869628906e-01
6.532450206577777863e-04 9.993467926979064941e-01
8.331959843635559082e-01 1.668040603399276733e-01
2.336830948479473591e-04 9.997662901878356934e-01
2.353492425754666328e-03 9.976465106010437012e-01
8.445353596471250057e-04 9.991555213928222656e-01
3.551962086930871010e-03 9.964480400085449219e-01
1.893503649625927210e-04 9.998106360435485840e-01
1.375724059471394867e-05 9.999862909317016602e-01
2.407013671472668648e-04 9.997592568397521973e-01
4.295995381653483491e-08 1.000000000000000000e+00
1.204365398734807968e-02 9.879563450813293457e-01
2.300767619090038352e-06 9.999977350234985352e-01
4.135406911373138428e-01 5.864593386650085449e-01
4.743375939142424613e-06 9.999952316284179688e-01
6.457169074565172195e-04 9.993543028831481934e-01
1.206931642627750989e-06 9.999988079071044922e-01
1.409772958140820265e-04 9.998589754104614258e-01
8.537580288248136640e-05 9.999146461486816406e-01
3.213316202163696289e-01 6.786683797836303711e-01
3.168962939525954425e-05 9.999682903289794922e-01
1.136426697485148907e-03 9.988635778427124023e-01
7.286660671234130859e-01 2.713338732719421387e-01
7.207937414932530373e-06 9.999928474426269531e-01
5.706865340471267700e-04 9.994292855262756348e-01
3.770868061110377312e-04 9.996229410171508789e-01
6.791537743993103504e-04 9.993208646774291992e-01
2.163833960366901010e-05 9.999783039093017578e-01
2.166535519063472748e-02 9.783346056938171387e-01
1.885525998659431934e-04 9.998114705085754395e-01
3.669608850032091141e-03 9.963304400444030762e-01
1.522470120107755065e-04 9.998477697372436523e-01
1.961284942808561027e-05 9.999803304672241211e-01
2.206135075539350510e-03 9.977939128875732422e-01
1.102702208299888298e-05 9.999889135360717773e-01
7.813873142004013062e-02 9.218613505363464355e-01
1.458949845982715487e-04 9.998540878295898438e-01
1.259338110685348511e-01 8.740661740303039551e-01
2.716911770403385162e-02 9.728308916091918945e-01
1.970165897091646912e-07 9.999997615814208984e-01
5.111272912472486496e-04 9.994888305664062500e-01
8.222538977861404419e-03 9.917774200439453125e-01
6.301652789115905762e-01 3.698346614837646484e-01
2.112571382895112038e-05 9.999788999557495117e-01
5.116161704063415527e-01 4.883837997913360596e-01
1.041867653839290142e-03 9.989581108093261719e-01
1.084752753376960754e-01 8.915247917175292969e-01
7.232047617435455322e-02 9.276795387268066406e-01
1.876653072940825950e-07 9.999997615814208984e-01
1.136846914887428284e-01 8.863152861595153809e-01
2.315614558756351471e-02 9.768438935279846191e-01
1.193431764841079712e-01 8.806568384170532227e-01
1.818288183130789548e-06 9.999982118606567383e-01
8.195722103118896484e-02 9.180428385734558105e-01
2.943902836705092341e-05 9.999705553054809570e-01
4.122073296457529068e-03 9.958778619766235352e-01
4.378942772746086121e-02 9.562106132507324219e-01
4.427175596356391907e-02 9.557281732559204102e-01
1.948009412444662303e-05 9.999805688858032227e-01
5.158061976544559002e-04 9.994841814041137695e-01
1.149974530562758446e-03 9.988499879837036133e-01
2.581871580332517624e-03 9.974181652069091797e-01
5.676877917721867561e-04 9.994322657585144043e-01
4.137163981795310974e-02 9.586283564567565918e-01
1.393572837114334106e-01 8.606427311897277832e-01
9.892702102661132812e-01 1.072974503040313721e-02
2.511162869632244110e-02 9.748883247375488281e-01
8.903980487957596779e-04 9.991095662117004395e-01
7.079152390360832214e-03 9.929208159446716309e-01
8.698794245719909668e-02 9.130120873451232910e-01
5.370435974327847362e-05 9.999462366104125977e-01
1.753496917444863357e-06 9.999982118606567383e-01
5.591099139223842940e-08 1.000000000000000000e+00
1.782611608505249023e-01 8.217387795448303223e-01
9.990859031677246094e-01 9.140647016465663910e-04
6.994171068072319031e-03 9.930058121681213379e-01
3.081548400223255157e-02 9.691845178604125977e-01
9.999785423278808594e-01 2.146352562704123557e-05
4.023496785521274433e-06 9.999959468841552734e-01
3.117812354958005017e-07 9.999996423721313477e-01
1.867125369608402252e-02 9.813287258148193359e-01
4.738696734420955181e-04 9.995261430740356445e-01
4.939857125282287598e-02 9.506014585494995117e-01
2.099018543958663940e-03 9.979009628295898438e-01
8.765441634750459343e-06 9.999911785125732422e-01
1.199949547299183905e-04 9.998799562454223633e-01
8.067891001701354980e-01 1.932109147310256958e-01
3.556833253242075443e-04 9.996442794799804688e-01
2.820012741722166538e-04 9.997180104255676270e-01
1.347540505230426788e-02 9.865245819091796875e-01
3.857940901070833206e-04 9.996141195297241211e-01
3.166409151162952185e-04 9.996833801269531250e-01
2.783678355626761913e-04 9.997215867042541504e-01
2.350326394662261009e-03 9.976497292518615723e-01
9.376028776168823242e-01 6.239712238311767578e-02
3.225349587410164531e-07 9.999996423721313477e-01
4.679930043494096026e-07 9.999995231628417969e-01
3.341826668474823236e-04 9.996658563613891602e-01
1.918318867683410645e-01 8.081681132316589355e-01
1.097563435905613005e-04 9.998902082443237305e-01
8.222762346267700195e-01 1.777238100767135620e-01
1.356136868707835674e-03 9.986438155174255371e-01
1.589741259813308716e-01 8.410258293151855469e-01
2.062833518721163273e-04 9.997937083244323730e-01
4.436251893639564514e-02 9.556375145912170410e-01
9.997162222862243652e-01 2.837932261172682047e-04
2.316121943295001984e-02 9.768387675285339355e-01
1.090189144015312195e-01 8.909810781478881836e-01
2.843797672539949417e-03 9.971561431884765625e-01
3.753415148821659386e-05 9.999624490737915039e-01
5.204270564718171954e-05 9.999479055404663086e-01
3.524765139445662498e-03 9.964752793312072754e-01
8.469792192045133561e-06 9.999915361404418945e-01
4.430511908140033484e-04 9.995569586753845215e-01
8.539659380912780762e-01 1.460340470075607300e-01
5.098759010434150696e-02 9.490123987197875977e-01
5.482224878505803645e-07 9.999994039535522461e-01
9.846221804618835449e-01 1.537784188985824585e-02
2.068077446892857552e-03 9.979319572448730469e-01
4.209524377074558288e-06 9.999958276748657227e-01
3.716999897733330727e-03 9.962829947471618652e-01
1.080275401473045349e-01 8.919724225997924805e-01
7.886721938848495483e-02 9.211328029632568359e-01
1.957567781209945679e-02 9.804243445396423340e-01
7.900317758321762085e-02 9.209967851638793945e-01
2.980189456138759851e-04 9.997019171714782715e-01
3.197888145223259926e-05 9.999680519104003906e-01
9.262689948081970215e-01 7.373096793889999390e-02
1.460523549212666694e-06 9.999985694885253906e-01
1.565066340845078230e-04 9.998434782028198242e-01
4.619553685188293457e-01 5.380446314811706543e-01
1.521647209301590919e-05 9.999847412109375000e-01
4.058289900422096252e-02 9.594171047210693359e-01
7.862321638185676420e-08 9.999998807907104492e-01
1.385692257827031426e-06 9.999985694885253906e-01
8.842734387144446373e-04 9.991157650947570801e-01
4.643648935598321259e-06 9.999953508377075195e-01
9.648014307022094727e-01 3.519859910011291504e-02
1.192783201986458153e-05 9.999880790710449219e-01
1.084781996905803680e-02 9.891521930694580078e-01
1.374032290186733007e-04 9.998625516891479492e-01
3.789167385548353195e-05 9.999620914459228516e-01
