3.260177550146181602e-07 9.999996423721313477e-01
5.408074855804443359e-01 4.591924548149108887e-01
2.206135075539350510e-03 9.977939128875732422e-01
3.383108833077130839e-06 9.999966621398925781e-01
3.547383844852447510e-01 6.452615857124328613e-01
1.082748203771188855e-04 9.998917579650878906e-01
1.457070582546293736e-03 9.985429048538208008e-01
3.063114775159192504e-07 9.999996423721313477e-01
2.046480585704557598e-05 9.999794960021972656e-01
5.636279183818260208e-06 9.999943971633911133e-01
3.876358277921099216e-06 9.999960660934448242e-01
1.193051684822421521e-05 9.999880790710449219e-01
1.136846914887428284e-01 8.863152861595153809e-01
3.377429209649562836e-03 9.966225624084472656e-01
2.116356417536735535e-02 9.788364768028259277e-01
2.007925882935523987e-03 9.979920387268066406e-01
5.921138381381751969e-06 9.999940395355224609e-01
1.020532567054033279e-02 9.897946715354919434e-01
1.285602484131231904e-04 9.998713731765747070e-01
7.303192745894193649e-03 9.926968216896057129e-01
8.371823281049728394e-02 9.162817597389221191e-01
4.680869824369437993e-05 9.999531507492065430e-01
2.146709011867642403e-03 9.978532195091247559e-01
3.927661236957646906e-05 9.999607801437377930e-01
3.857433694065548480e-05 9.999613761901855469e-01
2.570186625234782696e-04 9.997429251670837402e-01
1.611544378101825714e-02 9.838846325874328613e-01
1.108126070903381333e-06 9.999989271163940430e-01
1.240340322256088257e-01 8.759659528732299805e-01
4.839186658500693738e-06 9.999951124191284180e-01
6.071407483432267327e-07 9.999994039535522461e-01
1.383212977088987827e-03 9.986168146133422852e-01
6.854447178739064839e-07 9.999992847442626953e-01
5.947647423454327509e-06 9.999940395355224609e-01
1.720688119530677795e-02 9.827930927276611328e-01
1.580083626322448254e-04 9.998419284820556641e-01
4.928098860546015203e-05 9.999507665634155273e-01
7.268444751389324665e-04 9.992731213569641113e-01
9.999247789382934570e-01 7.524612010456621647e-05
7.304563769139349461e-05 9.999269247055053711e-01
1.924942247569561005e-02 9.807506203651428223e-01
5.927023012191057205e-04 9.994072914123535156e-01
5.742837488651275635e-02 9.425715804100036621e-01
3.550522923469543457e-01 6.449477076530456543e-01
2.086134736600797623e-05 9.999791383743286133e-01
2.526543175918050110e-05 9.999747276306152344e-01
6.153838634490966797e-01 3.846161365509033203e-01
2.151111699640750885e-02 9.784889221191406250e-01
4.209524377074558288e-06 9.999958276748657227e-01
9.997162222862243652e-01 2.837932261172682047e-04
1.957567781209945679e-02 9.804243445396423340e-01
3.638627706095576286e-03 9.963614344596862793e-01
4.160279408097267151e-02 9.583971500396728516e-01
3.867095708847045898e-01 6.132903695106506348e-01
3.277211217209696770e-04 9.996722936630249023e-01
3.884931504726409912e-01 6.115068197250366211e-01
2.673321068868972361e-05 9.999732971191406250e-01
3.557008504867553711e-01 6.442992091178894043e-01
5.668292287737131119e-03 9.943317174911499023e-01
1.050372514873743057e-02 9.894962906837463379e-01
7.775754332542419434e-01 2.224246263504028320e-01
5.115894079208374023e-01 4.884106516838073730e-01
4.816646277904510498e-01 5.183353424072265625e-01
9.372346539748832583e-05 9.999063014984130859e-01
4.671996975957881659e-07 9.999995231628417969e-01
4.718460515141487122e-02 9.528154134750366211e-01
6.454800604842603207e-04 9.993545413017272949e-01
8.964734077453613281e-01 1.035265848040580750e-01
6.883714813739061356e-03 9.931163191795349121e-01
4.383039777167141438e-05 9.999561309814453125e-01
2.290109358727931976e-02 9.770988821983337402e-01
1.461604824726236984e-06 9.999985694885253906e-01
9.184559807181358337e-03 9.908154010772705078e-01
7.103838026523590088e-02 9.289616346359252930e-01
4.297603936720406637e-06 9.999957084655761719e-01
9.218156337738037109e-01 7.818439602851867676e-02
2.716452290769666433e-04 9.997283816337585449e-01
7.678438909351825714e-03 9.923215508460998535e-01
1.046977415680885315e-01 8.953022956848144531e-01
9.999923706054687500e-01 7.662458301638253033e-06
1.442108396440744400e-02 9.855788946151733398e-01
4.518096261563186999e-07 9.999995231628417969e-01
1.179917603731155396e-01 8.820083141326904297e-01
1.814981624193023890e-05 9.999818801879882812e-01
7.384053897112607956e-03 9.926159381866455078e-01
1.114274142310023308e-03 9.988856911659240723e-01
9.998846054077148438e-01 1.153239718405529857e-04
1.896859321277588606e-04 9.998102784156799316e-01
2.142771333456039429e-02 9.785722494125366211e-01
9.999953508377075195e-01 4.642387011699611321e-06
6.547434329986572266e-01 3.452566266059875488e-01
9.998170733451843262e-01 1.829601678764447570e-04
1.726226173559552990e-06 9.999983310699462891e-01
1.942580044269561768e-01 8.057419657707214355e-01
1.788837253116071224e-03 9.982111454010009766e-01
9.752420737640932202e-05 9.999024868011474609e-01
9.752836823463439941e-01 2.471636794507503510e-02
6.917039863765239716e-04 9.993083477020263672e-01
1.330583989620208740e-01 8.669415712356567383e-01
1.505974410065391567e-06 9.999984502792358398e-01
9.271706342697143555e-01 7.282934337854385376e-02
1.255632657557725906e-02 9.874437451362609863e-01
9.999715089797973633e-01 2.850271630450151861e-05
6.282129138708114624e-02 9.371787309646606445e-01
2.449088357388973236e-02 9.755091667175292969e-01
5.195895209908485413e-05 9.999480247497558594e-01
2.447908557951450348e-02 9.755209684371948242e-01
1.374032290186733007e-04 9.998625516891479492e-01
1.195451393723487854e-01 8.804548978805541992e-01
1.526618325442541391e-05 9.999847412109375000e-01
6.006545663694851100e-05 9.999399185180664062e-01
6.920888040440331679e-07 9.999992847442626953e-01
3.820176061708480120e-06 9.999961853027343750e-01
1.203860083478502929e-04 9.998795986175537109e-01
1.045791796059347689e-04 9.998954534530639648e-01
4.436251893639564514e-02 9.556375145912170410e-01
2.210907042026519775e-01 7.789093255996704102e-01
9.116684509535843972e-07 9.999990463256835938e-01
1.307367533445358276e-02 9.869263172149658203e-01
1.138954088091850281e-01 8.861046433448791504e-01
1.660262793302536011e-02 9.833974242210388184e-01
6.580744957318529487e-05 9.999341964721679688e-01
6.981249316595494747e-04 9.993019104003906250e-01
3.078672161791473627e-04 9.996922016143798828e-01
5.435646744444966316e-04 9.994564652442932129e-01
1.192567015095846727e-05 9.999880790710449219e-01
9.423484698345419019e-06 9.999905824661254883e-01
2.658764086663722992e-02 9.734123945236206055e-01
9.627516269683837891e-01 3.724833577871322632e-02
4.371422401163727045e-04 9.995627999305725098e-01
1.963005197467282414e-04 9.998037219047546387e-01
1.709834337234497070e-01 8.290165662765502930e-01
3.586639463901519775e-02 9.641335606575012207e-01
5.697544547729194164e-04 9.994302392005920410e-01
2.124460646882653236e-03 9.978755712509155273e-01
1.444112240278627723e-05 9.999855756759643555e-01
2.124095801264047623e-03 9.978759288787841797e-01
2.680668148968834430e-05 9.999731779098510742e-01
9.154783765552565455e-05 9.999084472656250000e-01
2.762632720987312496e-05 9.999723434448242188e-01
2.400161325931549072e-02 9.759984612464904785e-01
2.458228264003992081e-04 9.997541308403015137e-01
1.925579458475112915e-02 9.807441830635070801e-01
5.736406310461461544e-04 9.994263648986816406e-01
2.223525079898536205e-04 9.997776150703430176e-01
1.240572373717441224e-06 9.999988079071044922e-01
6.809832453727722168e-01 3.190166950225830078e-01
1.781409519026055932e-04 9.998218417167663574e-01
1.628052443265914917e-02 9.837194681167602539e-01
7.983553223311901093e-05 9.999201297760009766e-01
2.940469980239868164e-02 9.705953598022460938e-01
2.320194542407989502e-01 7.679805755615234375e-01
3.741346066817641258e-03 9.962586164474487305e-01
3.501639235764741898e-03 9.964983463287353516e-01
7.807610630989074707e-01 2.192388921976089478e-01
2.182659227401018143e-03 9.978172779083251953e-01
3.535885736346244812e-02 9.646411538124084473e-01
8.650405704975128174e-02 9.134959578514099121e-01
9.550245404243469238e-01 4.497542977333068848e-02
2.148438245058059692e-03 9.978516101837158203e-01
2.586085498332977295e-01 7.413914203643798828e-01
5.031434074044227600e-02 9.496856927871704102e-01
4.444085061550140381e-05 9.999555349349975586e-01
1.598469316959381104e-01 8.401530385017395020e-01
5.785134155303239822e-03 9.942148327827453613e-01
4.741143435239791870e-03 9.952588677406311035e-01
2.154813074639605475e-07 9.999997615814208984e-01
5.765155656263232231e-04 9.994235038757324219e-01
3.904107958078384399e-02 9.609588980674743652e-01
7.168654203414916992e-01 2.831345796585083008e-01
9.731369614601135254e-01 2.686302177608013153e-02
3.994944971054792404e-03 9.960051178932189941e-01
8.903980487957596779e-04 9.991095662117004395e-01
7.612750632688403130e-04 9.992387294769287109e-01
1.110639914259081706e-06 9.999989271163940430e-01
1.481537520885467529e-02 9.851846694946289062e-01
1.201326540467562154e-06 9.999988079071044922e-01
2.135598845779895782e-02 9.786440730094909668e-01
5.469610186992213130e-06 9.999945163726806641e-01
2.493754029273986816e-02 9.750624895095825195e-01
4.871929995715618134e-03 9.951280355453491211e-01
2.024736106395721436e-01 7.975263595581054688e-01
3.279637667219503783e-06 9.999966621398925781e-01
3.337335074320435524e-03 9.966626763343811035e-01
6.616157479584217072e-04 9.993383288383483887e-01
9.040278200700413436e-06 9.999909400939941406e-01
1.463201770093291998e-04 9.998536109924316406e-01
2.795099513605237007e-03 9.972048401832580566e-01
3.760168692679144442e-05 9.999624490737915039e-01
8.840610971674323082e-04 9.991158843040466309e-01
6.684949994087219238e-01 3.315049707889556885e-01
5.877729505300521851e-03 9.941223263740539551e-01
3.421478345990180969e-02 9.657852649688720703e-01
4.612057455233298242e-05 9.999538660049438477e-01
2.153729554265737534e-03 9.978462457656860352e-01
3.184894919395446777e-01 6.815105080604553223e-01
5.482224878505803645e-07 9.999994039535522461e-01
5.660858005285263062e-04 9.994339346885681152e-01
9.042651799973100424e-05 9.999095201492309570e-01
6.343643235595664009e-06 9.999936819076538086e-01
1.279541629628511146e-05 9.999872446060180664e-01
7.757056038826704025e-03 9.922428727149963379e-01
1.458949845982715487e-04 9.998540878295898438e-01
5.575286195380613208e-06 9.999943971633911133e-01
2.979366667568683624e-02 9.702063798904418945e-01
9.590550661087036133e-01 4.094490408897399902e-02
9.538608193397521973e-01 4.613916575908660889e-02
2.338060550391674042e-02 9.766194224357604980e-01
3.408580273389816284e-02 9.659141302108764648e-01
6.894560647197067738e-04 9.993104934692382812e-01
2.537587285041809082e-01 7.462412714958190918e-01
1.240015194525767583e-06 9.999988079071044922e-01
1.612505167722702026e-01 8.387494683265686035e-01
3.254689363529905677e-05 9.999674558639526367e-01
4.263770580291748047e-02 9.573623538017272949e-01
3.610298335843253881e-07 9.999996423721313477e-01
2.136541297659277916e-03 9.978634715080261230e-01
9.437924018129706383e-05 9.999055862426757812e-01
5.315077487466624007e-06 9.999946355819702148e-01
5.567937478190287948e-06 9.999943971633911133e-01
7.743898313492536545e-03 9.922560453414916992e-01
2.302725240588188171e-02 9.769726991653442383e-01
9.384332895278930664e-01 6.156673282384872437e-02
4.488006234169006348e-02 9.551199078559875488e-01
1.890591920528095216e-05 9.999810457229614258e-01
2.377333430558792315e-06 9.999976158142089844e-01
8.607128635048866272e-03 9.913928508758544922e-01
2.570257856859825552e-05 9.999742507934570312e-01
8.479911230097059160e-06 9.999915361404418945e-01
7.666309247724711895e-04 9.992333650588989258e-01
1.393867307342588902e-03 9.986061453819274902e-01
8.296070098876953125e-01 1.703929305076599121e-01
3.241409140173345804e-04 9.996758699417114258e-01
8.964989781379699707e-01 1.035010814666748047e-01
5.145349502563476562e-01 4.854650497436523438e-01
8.928611278533935547e-01 1.071389168500900269e-01
1.818288183130789548e-06 9.999982118606567383e-01
7.638984243385493755e-04 9.992361068725585938e-01
1.928056031465530396e-01 8.071944117546081543e-01
8.544009923934936523e-02 9.145599603652954102e-01
1.159655046649277210e-03 9.988403916358947754e-01
4.292791783809661865e-01 5.707207918167114258e-01
1.316761015914380550e-03 9.986832737922668457e-01
9.874902367591857910e-01 1.250978279858827591e-02
1.937127090059220791e-04 9.998063445091247559e-01
9.609510898590087891e-01 3.904888778924942017e-02
1.209806185215711594e-03 9.987902045249938965e-01
3.524765139445662498e-03 9.964752793312072754e-01
6.654709111899137497e-03 9.933452606201171875e-01
3.533376455307006836e-01 6.466623544692993164e-01
4.643648935598321259e-06 9.999953508377075195e-01
5.851886817254126072e-04 9.994148015975952148e-01
3.857095180137548596e-06 9.999961853027343750e-01
8.012887701625004411e-05 9.999198913574218750e-01
3.668309450149536133e-01 6.331690549850463867e-01
3.837108379229903221e-03 9.961628913879394531e-01
8.365082740783691406e-01 1.634917259216308594e-01
4.357059951871633530e-03 9.956429004669189453e-01
1.199961900711059570e-01 8.800038099288940430e-01
5.496595501899719238e-01 4.503405094146728516e-01
6.323640234768390656e-03 9.936763644218444824e-01
7.199541869340464473e-06 9.999928474426269531e-01
2.839875814970582724e-04 9.997159838676452637e-01
7.159392535686492920e-02 9.284061193466186523e-01
2.589861750602722168e-01 7.410137653350830078e-01
1.083099050447344780e-07 9.999998807907104492e-01
4.521689414978027344e-01 5.478310585021972656e-01
7.301031728275120258e-04 9.992699027061462402e-01
8.150925277732312679e-04 9.991849064826965332e-01
3.187656402587890625e-04 9.996812343597412109e-01
8.747705072164535522e-02 9.125229120254516602e-01
7.443827344104647636e-04 9.992555975914001465e-01
1.107413917779922485e-01 8.892586231231689453e-01
2.091878559440374374e-03 9.979081153869628906e-01
4.076976911164820194e-04 9.995923638343811035e-01
3.978105727583169937e-03 9.960219264030456543e-01
1.093356385827064514e-01 8.906643390655517578e-01
3.430290576034167316e-07 9.999996423721313477e-01
6.371381459757685661e-06 9.999936819076538086e-01
7.694172263145446777e-01 2.305828481912612915e-01
2.813584208488464355e-01 7.186415791511535645e-01
7.229632139205932617e-02 9.277036190032958984e-01
8.910636097425594926e-06 9.999910593032836914e-01
1.242367915210706997e-07 9.999998807907104492e-01
9.999938011169433594e-01 6.181624939927132800e-06
6.994171068072319031e-03 9.930058121681213379e-01
1.213411997014191002e-05 9.999878406524658203e-01
1.315338304266333580e-03 9.986847043037414551e-01
9.434644877910614014e-02 9.056535363197326660e-01
3.432722905927221291e-06 9.999965429306030273e-01
2.048268215730786324e-03 9.979518055915832520e-01
6.546306610107421875e-01 3.453693389892578125e-01
5.961940884590148926e-01 4.038058817386627197e-01
8.701727390289306641e-01 1.298272758722305298e-01
7.716207182966172695e-04 9.992283582687377930e-01
4.426416417118161917e-04 9.995573163032531738e-01
2.051314731943421066e-05 9.999794960021972656e-01
4.734240472316741943e-03 9.952657222747802734e-01
2.556584206558909500e-07 9.999997615814208984e-01
1.720866560935974121e-01 8.279132843017578125e-01
2.485187724232673645e-05 9.999752044677734375e-01
1.081729587167501450e-02 9.891827702522277832e-01
4.475606601772597060e-06 9.999954700469970703e-01
9.729833602905273438e-01 2.701667137444019318e-02
7.113059400580823421e-04 9.992886781692504883e-01
8.457635343074798584e-02 9.154236316680908203e-01
2.511162869632244110e-02 9.748883247375488281e-01
3.225349587410164531e-07 9.999996423721313477e-01
4.065384473506128415e-06 9.999959468841552734e-01
5.584737209574086592e-06 9.999943971633911133e-01
9.283260107040405273e-01 7.167401164770126343e-02
3.706691088154911995e-03 9.962932467460632324e-01
8.929196046665310860e-04 9.991070628166198730e-01
1.812406990211457014e-04 9.998187422752380371e-01
1.478312420658767223e-03 9.985217452049255371e-01
3.033456232515163720e-05 9.999697208404541016e-01
1.851996603363659233e-05 9.999815225601196289e-01
9.643537168813054450e-07 9.999990463256835938e-01
9.998201727867126465e-01 1.799080491764470935e-04
7.071672677993774414e-01 2.928327322006225586e-01
6.319186091423034668e-01 3.680813610553741455e-01
3.795508295297622681e-02 9.620448946952819824e-01
1.596118137240409851e-02 9.840387701988220215e-01
3.735048085218295455e-05 9.999626874923706055e-01
3.366574219398899004e-07 9.999996423721313477e-01
8.649721741676330566e-01 1.350278407335281372e-01
2.784217000007629395e-01 7.215782999992370605e-01
1.616894304752349854e-01 8.383105397224426270e-01
3.846999956294894218e-03 9.961529374122619629e-01
5.591099139223842940e-08 1.000000000000000000e+00
2.254846913274377584e-04 9.997745156288146973e-01
7.380710940196877345e-06 9.999926090240478516e-01
9.316238164901733398e-01 6.837617605924606323e-02
6.659067003056406975e-05 9.999333620071411133e-01
3.086344406710850308e-07 9.999996423721313477e-01
2.257371786981821060e-03 9.977426528930664062e-01
3.285694494843482971e-02 9.671430587768554688e-01
4.848516618949361145e-05 9.999514818191528320e-01
4.471881547942757607e-04 9.995527863502502441e-01
1.220570597797632217e-02 9.877942800521850586e-01
4.021478816866874695e-02 9.597851634025573730e-01
7.199009880423545837e-03 9.928009510040283203e-01
1.627711753826588392e-05 9.999836683273315430e-01
9.997411370277404785e-01 2.588342758826911449e-04
2.510130434529855847e-05 9.999748468399047852e-01
1.618036441504955292e-02 9.838196635246276855e-01
1.737617130856961012e-04 9.998262524604797363e-01
6.741852499544620514e-03 9.932581186294555664e-01
9.614861756563186646e-02 9.038514494895935059e-01
1.282866597175598145e-01 8.717133402824401855e-01
1.054029553415603004e-06 9.999989271163940430e-01
5.411254460341297090e-05 9.999458789825439453e-01
1.090158093575155362e-05 9.999891519546508789e-01
4.237772431224584579e-03 9.957622885704040527e-01
1.521647209301590919e-05 9.999847412109375000e-01
2.350713163614273071e-01 7.649286985397338867e-01
5.444800108671188354e-02 9.455519914627075195e-01
1.708032214082777500e-04 9.998291730880737305e-01
5.891263950616121292e-03 9.941087961196899414e-01
6.346500944346189499e-03 9.936535358428955078e-01
2.842741960193961859e-04 9.997157454490661621e-01
6.270707584917545319e-03 9.937293529510498047e-01
5.899820942431688309e-03 9.941001534461975098e-01
1.571072061778977513e-05 9.999842643737792969e-01
1.924169482663273811e-04 9.998076558113098145e-01
3.029456129297614098e-03 9.969705343246459961e-01
2.073919495160225779e-05 9.999792575836181641e-01
4.074008611496537924e-04 9.995926022529602051e-01
1.182732262350327801e-06 9.999988079071044922e-01
1.464276574552059174e-02 9.853572249412536621e-01
3.185098171234130859e-01 6.814901828765869141e-01
1.738201826810836792e-01 8.261798620223999023e-01
6.850199133623391390e-05 9.999314546585083008e-01
4.324243491282686591e-05 9.999567270278930664e-01
9.310768291470594704e-06 9.999907016754150391e-01
2.041262177954195067e-06 9.999979734420776367e-01
2.874352794606238604e-04 9.997125267982482910e-01
1.352902359030849766e-06 9.999986886978149414e-01
9.738774299621582031e-01 2.612255327403545380e-02
4.353115343747049337e-07 9.999995231628417969e-01
8.720988631248474121e-01 1.279011517763137817e-01
3.080379683524370193e-03 9.969196319580078125e-01
7.663974761962890625e-01 2.336025238037109375e-01
3.891319781541824341e-02 9.610868096351623535e-01
6.054593250155448914e-04 9.993945360183715820e-01
1.160611354862339795e-04 9.998838901519775391e-01
1.255232375115156174e-02 9.874476790428161621e-01
5.471002310514450073e-03 9.945289492607116699e-01
7.576530799269676208e-03 9.924234151840209961e-01
3.117812354958005017e-07 9.999996423721313477e-01
4.869467829848872498e-06 9.999951124191284180e-01
4.575996172206941992e-06 9.999954700469970703e-01
4.211114719510078430e-03 9.957888722419738770e-01
6.441778540611267090e-01 3.558221757411956787e-01
1.905680168420076370e-03 9.980942606925964355e-01
1.987886753340717405e-05 9.999800920486450195e-01
1.289278119802474976e-01 8.710721731185913086e-01
1.149935298599302769e-03 9.988501071929931641e-01
2.267406135797500610e-01 7.732594013214111328e-01
9.956322312355041504e-01 4.367720801383256912e-03
1.649161822570022196e-05 9.999835491180419922e-01
6.389543414115905762e-02 9.361045360565185547e-01
2.677436172962188721e-01 7.322564125061035156e-01
6.649265289306640625e-01 3.350734710693359375e-01
1.333957043243572116e-04 9.998666048049926758e-01
2.614926302157982718e-07 9.999997615814208984e-01
9.307195544242858887e-01 6.928046792745590210e-02
9.264038205146789551e-01 7.359620183706283569e-02
1.131278550019487739e-04 9.998868703842163086e-01
9.085124731063842773e-01 9.148754924535751343e-02
1.117567194341972936e-06 9.999989271163940430e-01
1.447121961973607540e-03 9.985528588294982910e-01
2.745753526687622070e-01 7.254246473312377930e-01
9.962583862943574786e-05 9.999003410339355469e-01
7.737969099252950400e-06 9.999922513961791992e-01
1.874685101211071014e-02 9.812532067298889160e-01
4.006694325653370470e-06 9.999959468841552734e-01
5.515987595572369173e-07 9.999994039535522461e-01
7.922103577584493905e-06 9.999921321868896484e-01
1.741204061545431614e-03 9.982587695121765137e-01
2.414470827716286294e-07 9.999997615814208984e-01
4.383239429444074631e-03 9.956167936325073242e-01
3.446431037446018308e-06 9.999965429306030273e-01
9.999043941497802734e-01 9.564593347022309899e-05
3.769415989518165588e-02 9.623059034347534180e-01
1.692296122200787067e-03 9.983077049255371094e-01
1.604394492460414767e-05 9.999839067459106445e-01
1.619227623450569808e-05 9.999837875366210938e-01
2.754313754849135876e-07 9.999997615814208984e-01
6.979755708016455173e-04 9.993020296096801758e-01
8.094147592782974243e-02 9.190585017204284668e-01
2.316121943295001984e-02 9.768387675285339355e-01
7.174087954808783252e-07 9.999992847442626953e-01
8.814186912786681205e-06 9.999911785125732422e-01
5.259128287434577942e-03 9.947408437728881836e-01
1.211761741615191568e-06 9.999988079071044922e-01
7.227569818496704102e-02 9.277242422103881836e-01
3.713072743266820908e-03 9.962868690490722656e-01
1.232914110005367547e-05 9.999877214431762695e-01
9.477458000183105469e-01 5.225424468517303467e-02
1.040974706411361694e-01 8.959025740623474121e-01
1.421595783313023276e-07 9.999998807907104492e-01
5.002523958683013916e-02 9.499747753143310547e-01
1.105748888221569359e-04 9.998893737792968750e-01
1.645530611276626587e-01 8.354468941688537598e-01
6.345900474116206169e-04 9.993653893470764160e-01
3.257584199309349060e-02 9.674240946769714355e-01
5.234430078417062759e-03 9.947655200958251953e-01
5.022709046897944063e-06 9.999949932098388672e-01
4.566895961761474609e-01 5.433104038238525391e-01
5.731919259233109187e-07 9.999994039535522461e-01
4.333325196057558060e-04 9.995666146278381348e-01
2.518343080737395212e-07 9.999997615814208984e-01
3.578856558306142688e-05 9.999642372131347656e-01
2.032116412920004223e-07 9.999997615814208984e-01
3.936030268669128418e-01 6.063969731330871582e-01
2.271099388599395752e-02 9.772890210151672363e-01
9.999558925628662109e-01 4.414299110067076981e-05
2.241879934445023537e-03 9.977580904960632324e-01
9.993268251419067383e-01 6.732206675224006176e-04
4.903383796772686765e-07 9.999995231628417969e-01
4.783043265342712402e-01 5.216956138610839844e-01
6.918630562722682953e-03 9.930813908576965332e-01
4.448475837707519531e-01 5.551524162292480469e-01
1.806486584246158600e-02 9.819351434707641602e-01
1.961287523499777308e-07 9.999997615814208984e-01
4.165331688454898540e-07 9.999996423721313477e-01
2.374369651079177856e-03 9.976256489753723145e-01
1.424997608410194516e-04 9.998574256896972656e-01
2.272850451845442876e-06 9.999977350234985352e-01
1.841393560171127319e-01 8.158606290817260742e-01
7.041347622871398926e-01 2.958652377128601074e-01
2.223603241145610809e-02 9.777640104293823242e-01
1.287930473381493357e-07 9.999998807907104492e-01
3.887237608432769775e-01 6.112762093544006348e-01
4.720347988040884957e-06 9.999952316284179688e-01
9.995424747467041016e-01 4.575097118504345417e-04
1.076866828952915967e-05 9.999892711639404297e-01
1.161823820439167321e-04 9.998837709426879883e-01
6.981631158851087093e-04 9.993017911911010742e-01
4.016880877315998077e-03 9.959831237792968750e-01
6.294765739767171908e-07 9.999994039535522461e-01
6.356703042984008789e-01 3.643296957015991211e-01
2.269440563395619392e-03 9.977305531501770020e-01
8.331959843635559082e-01 1.668040603399276733e-01
5.651792883872985840e-01 4.348207414150238037e-01
1.200772002339363098e-01 8.799227476119995117e-01
4.554216265678405762e-01 5.445783734321594238e-01
2.321918606758117676e-01 7.678081393241882324e-01
6.861408948898315430e-01 3.138591349124908447e-01
1.027035061269998550e-02 9.897296428680419922e-01
9.223216772079467773e-02 9.077678322792053223e-01
1.159655675292015076e-01 8.840344548225402832e-01
1.449329720344394445e-04 9.998550415039062500e-01
5.713685595765127800e-07 9.999994039535522461e-01
3.795089898630976677e-03 9.962049126625061035e-01
9.999933242797851562e-01 6.708660293952561915e-06
2.608058601617813110e-02 9.739193320274353027e-01
1.045734994113445282e-02 9.895426034927368164e-01
8.444055318832397461e-01 1.555945128202438354e-01
8.310357108712196350e-03 9.916895627975463867e-01
3.837621770799160004e-04 9.996162652969360352e-01
1.520879101008176804e-02 9.847912192344665527e-01
3.081548400223255157e-02 9.691845178604125977e-01
3.954026851715752855e-06 9.999960660934448242e-01
4.731276421807706356e-04 9.995268583297729492e-01
6.475502596003934741e-05 9.999352693557739258e-01
1.698369123914744705e-05 9.999830722808837891e-01
1.375401893710659351e-06 9.999985694885253906e-01
6.306726572802290320e-05 9.999369382858276367e-01
5.844854968017898500e-06 9.999941587448120117e-01
8.106901077553629875e-04 9.991893172264099121e-01
1.895637797133531421e-05 9.999810457229614258e-01
1.816556230187416077e-02 9.818344712257385254e-01
5.969314277172088623e-02 9.403068423271179199e-01
3.736157907496817643e-07 9.999996423721313477e-01
1.138969018938951194e-04 9.998860359191894531e-01
1.843645125627517700e-01 8.156355023384094238e-01
2.404289807600434870e-05 9.999759197235107422e-01
6.390693597495555878e-03 9.936093091964721680e-01
4.882587790489196777e-01 5.117412805557250977e-01
9.872162938117980957e-01 1.278369408100843430e-02
7.864512801170349121e-01 2.135487347841262817e-01
1.221357961185276508e-04 9.998778104782104492e-01
7.761763117741793394e-05 9.999223947525024414e-01
5.685789119524997659e-07 9.999994039535522461e-01
1.486105471849441528e-01 8.513895273208618164e-01
9.998942613601684570e-01 1.057274785125628114e-04
4.939857125282287598e-02 9.506014585494995117e-01
7.900317758321762085e-02 9.209967851638793945e-01
6.095846891403198242e-01 3.904152810573577881e-01
2.946908771991729736e-02 9.705308675765991211e-01
1.429671538062393665e-04 9.998570680618286133e-01
9.407901670783758163e-04 9.990592598915100098e-01
6.533402938657673076e-07 9.999994039535522461e-01
3.774258792400360107e-01 6.225741505622863770e-01
2.196437679231166840e-03 9.978035092353820801e-01
8.698794245719909668e-02 9.130120873451232910e-01
1.029117382131516933e-03 9.989708662033081055e-01
2.174033969640731812e-02 9.782596826553344727e-01
5.531102069653570652e-04 9.994469285011291504e-01
3.263443068135529757e-04 9.996737241744995117e-01
1.715035614324733615e-05 9.999828338623046875e-01
9.999628067016601562e-01 3.724469934240914881e-05
1.921341009438037872e-02 9.807866215705871582e-01
3.145727168885059655e-05 9.999685287475585938e-01
2.277017338201403618e-03 9.977229237556457520e-01
7.433057427406311035e-01 2.566943168640136719e-01
8.261981565738096833e-05 9.999173879623413086e-01
7.859505712985992432e-03 9.921404719352722168e-01
3.426526440307497978e-03 9.965734481811523438e-01
4.978957690582319628e-07 9.999995231628417969e-01
9.917291998863220215e-01 8.270843885838985443e-03
1.751797640281438362e-07 9.999998807907104492e-01
2.960434556007385254e-01 7.039565443992614746e-01
1.240293158843996935e-06 9.999988079071044922e-01
3.546740859746932983e-03 9.964532852172851562e-01
1.194310461869463325e-04 9.998805522918701172e-01
2.377125201746821404e-05 9.999762773513793945e-01
5.765276146121323109e-04 9.994235038757324219e-01
5.694140418199822307e-05 9.999430179595947266e-01
1.979299588128924370e-03 9.980207681655883789e-01
7.013425783952698112e-05 9.999299049377441406e-01
6.005428804201073945e-05 9.999399185180664062e-01
6.253185123205184937e-02 9.374681115150451660e-01
5.810770988464355469e-01 4.189229011535644531e-01
6.191832198965130374e-06 9.999938011169433594e-01
1.080600559362210333e-04 9.998918771743774414e-01
1.087404438294470310e-03 9.989125728607177734e-01
7.886721938848495483e-02 9.211328029632568359e-01
1.037746760994195938e-02 9.896225929260253906e-01
1.930525749921798706e-01 8.069474697113037109e-01
6.213660817593336105e-04 9.993785619735717773e-01
4.028358310461044312e-02 9.597164392471313477e-01
9.695166349411010742e-01 3.048340603709220886e-02
5.111272912472486496e-04 9.994888305664062500e-01
8.374035358428955078e-03 9.916259050369262695e-01
2.339716851711273193e-01 7.660282850265502930e-01
2.059451071545481682e-03 9.979404807090759277e-01
1.727414637571200728e-04 9.998273253440856934e-01
2.698215544223785400e-01 7.301784157752990723e-01
6.042668819427490234e-01 3.957330882549285889e-01
7.177438237704336643e-04 9.992823004722595215e-01
6.840714922873303294e-05 9.999315738677978516e-01
1.524875096947653219e-05 9.999847412109375000e-01
7.286115760507527739e-06 9.999927282333374023e-01
1.865678578615188599e-01 8.134320974349975586e-01
3.291853964328765869e-01 6.708145737648010254e-01
9.040614713740069419e-06 9.999909400939941406e-01
2.757417261600494385e-01 7.242583036422729492e-01
9.999861717224121094e-01 1.381786751153413206e-05
8.060252293944358826e-03 9.919397234916687012e-01
1.297902635997161269e-04 9.998701810836791992e-01
5.936203524470329285e-05 9.999406337738037109e-01
7.276828289031982422e-01 2.723172307014465332e-01
1.220696412929100916e-05 9.999878406524658203e-01
1.823115511797368526e-03 9.981769323348999023e-01
9.534090757369995117e-02 9.046590924263000488e-01
1.281651293538743630e-06 9.999986886978149414e-01
1.912012812681496143e-04 9.998088479042053223e-01
3.265975117683410645e-01 6.734024286270141602e-01
5.370435974327847362e-05 9.999462366104125977e-01
3.315549861326871905e-07 9.999996423721313477e-01
1.193320131278596818e-04 9.998806715011596680e-01
4.519015550613403320e-02 9.548098444938659668e-01
1.781600862741470337e-01 8.218399286270141602e-01
2.509716523491078988e-07 9.999997615814208984e-01
8.365302346646785736e-03 9.916347265243530273e-01
6.862110458314418793e-03 9.931378960609436035e-01
2.400077210040763021e-05 9.999760389328002930e-01
4.151775647187605500e-05 9.999585151672363281e-01
3.243107348680496216e-03 9.967568516731262207e-01
2.536238980610505678e-06 9.999974966049194336e-01
5.552983880043029785e-01 4.447016417980194092e-01
2.777839452028274536e-02 9.722216129302978516e-01
4.913301672786474228e-04 9.995086193084716797e-01
3.539987839758396149e-03 9.964600205421447754e-01
4.610284577211132273e-06 9.999953508377075195e-01
1.419805776095017791e-04 9.998580217361450195e-01
9.505989728495478630e-04 9.990493655204772949e-01
2.783678355626761913e-04 9.997215867042541504e-01
6.434901151806116104e-03 9.935651421546936035e-01
9.155971929430961609e-03 9.908439517021179199e-01
4.509684856657258933e-07 9.999995231628417969e-01
7.869141700211912394e-05 9.999213218688964844e-01
2.108699845848605037e-04 9.997891783714294434e-01
1.394650191068649292e-01 8.605350255966186523e-01
1.250706017017364502e-01 8.749294281005859375e-01
9.999964237213134766e-01 3.522293582136626355e-06
6.504776683868840337e-05 9.999349117279052734e-01
4.615343641489744186e-04 9.995385408401489258e-01
2.197711616754531860e-01 7.802287936210632324e-01
5.411935489973984659e-05 9.999458789825439453e-01
8.667167425155639648e-01 1.332833170890808105e-01
2.187095116823911667e-03 9.978128671646118164e-01
1.164166349917650223e-02 9.883583188056945801e-01
4.312533419579267502e-03 9.956874251365661621e-01
4.325011104810982943e-04 9.995674490928649902e-01
1.386949634252232499e-06 9.999985694885253906e-01
7.734309881925582886e-02 9.226568937301635742e-01
9.830685853958129883e-01 1.693134941160678864e-02
9.329617023468017578e-04 9.990670084953308105e-01
1.464808747186907567e-06 9.999985694885253906e-01
3.813874209299683571e-03 9.961860775947570801e-01
2.284740048708044924e-06 9.999977350234985352e-01
5.842750397277995944e-05 9.999415874481201172e-01
1.567075378261506557e-03 9.984329342842102051e-01
3.363445103168487549e-01 6.636554598808288574e-01
9.962383508682250977e-01 3.761655651032924652e-03
1.072818463399016764e-06 9.999989271163940430e-01
6.096418364904820919e-04 9.993903636932373047e-01
4.058289900422096252e-02 9.594171047210693359e-01
5.355106666684150696e-02 9.464489817619323730e-01
6.052938755601644516e-03 9.939470291137695312e-01
9.999946355819702148e-01 5.358210273698205128e-06
2.200564369559288025e-03 9.977994561195373535e-01
1.143845613114535809e-03 9.988561868667602539e-01
9.999675750732421875e-01 3.237465352867729962e-05
1.837742887437343597e-02 9.816225767135620117e-01
9.579932666383683681e-04 9.990419745445251465e-01
2.465398665663087741e-06 9.999974966049194336e-01
6.387902051210403442e-02 9.361209869384765625e-01
1.782611608505249023e-01 8.217387795448303223e-01
1.623934986128006130e-05 9.999837875366210938e-01
1.037691021338105202e-03 9.989622831344604492e-01
5.838203520625029341e-08 1.000000000000000000e+00
4.170020474703051150e-05 9.999582767486572266e-01
4.891082644462585449e-02 9.510891437530517578e-01
1.663396978983655572e-04 9.998335838317871094e-01
7.516329674217558932e-07 9.999992847442626953e-01
3.168962939525954425e-05 9.999682903289794922e-01
2.394875195932399947e-07 9.999997615814208984e-01
7.927021011710166931e-03 9.920729994773864746e-01
2.196056209504604340e-02 9.780394434928894043e-01
6.400781273841857910e-01 3.599218130111694336e-01
2.043577842414379120e-04 9.997956156730651855e-01
4.527451267222204478e-07 9.999995231628417969e-01
7.736611180007457733e-03 9.922634363174438477e-01
2.946908771991729736e-02 9.705308675765991211e-01
1.793235354125499725e-02 9.820677042007446289e-01
2.334808668820187449e-04 9.997665286064147949e-01
4.204695287626236677e-04 9.995794892311096191e-01
5.315874218940734863e-01 4.684126079082489014e-01
3.004986137966625392e-05 9.999699592590332031e-01
4.557868523988872766e-04 9.995442032814025879e-01
8.985153399407863617e-03 9.910148978233337402e-01
4.206756353378295898e-01 5.793244242668151855e-01
1.598635339178144932e-03 9.984013438224792480e-01
5.124543793499469757e-03 9.948754906654357910e-01
2.896675467491149902e-01 7.103323936462402344e-01
1.773422700352966785e-03 9.982265830039978027e-01
2.420051998797134729e-07 9.999997615814208984e-01
9.507386857876554132e-05 9.999048709869384766e-01
8.379763312404975295e-05 9.999161958694458008e-01
5.747588147642090917e-05 9.999425411224365234e-01
4.159741001785732806e-05 9.999583959579467773e-01
1.316761015914380550e-03 9.986832737922668457e-01
2.354642152786254883e-01 7.645357847213745117e-01
9.494085311889648438e-01 5.059152469038963318e-02
1.097563435905613005e-04 9.998902082443237305e-01
9.990432858467102051e-01 9.566611261107027531e-04
4.118657484650611877e-02 9.588134288787841797e-01
1.590238418430089951e-03 9.984097480773925781e-01
2.536407858133316040e-02 9.746359586715698242e-01
3.353647654876112938e-03 9.966463446617126465e-01
2.471947222948074341e-01 7.528052926063537598e-01
4.346383363008499146e-02 9.565361738204956055e-01
4.430291056632995605e-02 9.556970596313476562e-01
6.927936192369088531e-05 9.999307394027709961e-01
6.960163591429591179e-05 9.999303817749023438e-01
2.042232551957567921e-07 9.999997615814208984e-01
1.561668701469898224e-02 9.843832850456237793e-01
7.738261774647980928e-05 9.999226331710815430e-01
3.683496458961599274e-07 9.999996423721313477e-01
5.051119951531291008e-04 9.994949102401733398e-01
7.139573991298675537e-02 9.286042451858520508e-01
7.781257852911949158e-03 9.922187328338623047e-01
2.773502783384174109e-04 9.997226595878601074e-01
3.851479050354100764e-05 9.999614953994750977e-01
1.361297618132084608e-04 9.998638629913330078e-01
1.574487090110778809e-01 8.425512313842773438e-01
2.415404841303825378e-02 9.758459329605102539e-01
2.826502313837409019e-04 9.997172951698303223e-01
2.732307984842918813e-05 9.999727010726928711e-01
2.502572238445281982e-01 7.497427463531494141e-01
2.580537274479866028e-02 9.741946458816528320e-01
3.247806489525828511e-06 9.999967813491821289e-01
1.339658349752426147e-01 8.660342097282409668e-01
4.727525636553764343e-03 9.952724575996398926e-01
2.970449253916740417e-02 9.702954888343811035e-01
1.589320532957572141e-07 9.999998807907104492e-01
1.237544231116771698e-03 9.987624883651733398e-01
4.090623464435338974e-03 9.959093332290649414e-01
1.674065180122852325e-02 9.832593202590942383e-01
9.094128608703613281e-01 9.058716893196105957e-02
6.116322707384824753e-03 9.938836693763732910e-01
2.894529607146978378e-04 9.997105002403259277e-01
2.194303553551435471e-03 9.978056550025939941e-01
1.769307687027321663e-07 9.999998807907104492e-01
1.458804126741597429e-05 9.999854564666748047e-01
1.162814199924468994e-01 8.837185502052307129e-01
2.203051553806290030e-04 9.997797608375549316e-01
1.578966657689306885e-05 9.999842643737792969e-01
6.745949983596801758e-01 3.254050612449645996e-01
3.103343942711944692e-06 9.999969005584716797e-01
1.761678731782012619e-07 9.999998807907104492e-01
2.476803399622440338e-02 9.752319455146789551e-01
2.610503509640693665e-02 9.738949537277221680e-01
8.969066664576530457e-03 9.910309314727783203e-01
5.589289590716362000e-02 9.441071152687072754e-01
9.757013320922851562e-01 2.429863438010215759e-02
6.550507387146353722e-04 9.993448853492736816e-01
5.840357765555381775e-02 9.415963888168334961e-01
4.365789209259673953e-06 9.999955892562866211e-01
7.888254003773909062e-06 9.999921321868896484e-01
1.652477541938424110e-03 9.983475208282470703e-01
6.480792760848999023e-01 3.519207239151000977e-01
1.475337240844964981e-02 9.852466583251953125e-01
4.483853001147508621e-03 9.955161213874816895e-01
2.121319703292101622e-04 9.997878670692443848e-01
4.929784685373306274e-03 9.950702190399169922e-01
9.070094674825668335e-04 9.990930557250976562e-01
2.073232084512710571e-02 9.792677164077758789e-01
2.533503109589219093e-03 9.974664449691772461e-01
1.322109483226086013e-06 9.999986886978149414e-01
3.036350756883621216e-02 9.696364402770996094e-01
6.738995352861820720e-07 9.999992847442626953e-01
4.279306722310138866e-06 9.999957084655761719e-01
3.047288628295063972e-03 9.969526529312133789e-01
2.938573743449524045e-06 9.999970197677612305e-01
4.335900768637657166e-03 9.956640601158142090e-01
9.408237934112548828e-01 5.917616933584213257e-02
1.753496917444863357e-06 9.999982118606567383e-01
4.141287263337289914e-06 9.999958276748657227e-01
9.346472024917602539e-01 6.535279005765914917e-02
2.979991259053349495e-03 9.970199465751647949e-01
1.210934948176145554e-02 9.878906011581420898e-01
2.321132868528366089e-01 7.678866982460021973e-01
1.392167469020932913e-04 9.998607635498046875e-01
3.045984208583831787e-01 6.954016089439392090e-01
1.305543631315231323e-01 8.694456219673156738e-01
2.353492425754666328e-03 9.976465106010437012e-01
2.620231825858354568e-03 9.973797202110290527e-01
8.502599783241748810e-03 9.914973378181457520e-01
4.638271033763885498e-02 9.536172747611999512e-01
2.201432835136074573e-05 9.999779462814331055e-01
9.092026948928833008e-01 9.079724550247192383e-02
7.293744385242462158e-02 9.270625710487365723e-01
6.607722607441246510e-04 9.993391633033752441e-01
8.537580288248136640e-05 9.999146461486816406e-01
9.646356701850891113e-01 3.536434844136238098e-02
9.673952125012874603e-03 9.903259873390197754e-01
1.024924963712692261e-02 9.897508025169372559e-01
4.681492669078579638e-07 9.999995231628417969e-01
3.786103043239563704e-04 9.996213912963867188e-01
3.364538028836250305e-02 9.663545489311218262e-01
6.204626336693763733e-02 9.379537105560302734e-01
1.813843101263046265e-02 9.818615913391113281e-01
2.190919258282519877e-05 9.999780654907226562e-01
1.177329337224364281e-03 9.988226294517517090e-01
9.779265383258461952e-06 9.999902248382568359e-01
7.673310488462448120e-02 9.232668876647949219e-01
2.150293994418461807e-06 9.999978542327880859e-01
1.298212155234068632e-04 9.998701810836791992e-01
4.131474327095929766e-07 9.999996423721313477e-01
1.083577275276184082e-01 8.916422724723815918e-01
9.113771852753416169e-07 9.999990463256835938e-01
2.215163658547680825e-05 9.999778270721435547e-01
3.551687041181139648e-05 9.999644756317138672e-01
2.229741960763931274e-02 9.777025580406188965e-01
2.644861638545989990e-01 7.355138063430786133e-01
1.113290525972843170e-02 9.888671040534973145e-01
1.400718247168697417e-05 9.999859333038330078e-01
9.819110035896301270e-01 1.808905787765979767e-02
1.003043144010007381e-03 9.989969134330749512e-01
9.588165208697319031e-03 9.904118180274963379e-01
7.366458177566528320e-01 2.633541822433471680e-01
2.579496428370475769e-02 9.742050766944885254e-01
4.270501136779785156e-01 5.729499459266662598e-01
2.750690467655658722e-02 9.724931120872497559e-01
8.462794357910752296e-04 9.991537332534790039e-01
9.596600197255611420e-03 9.904034137725830078e-01
5.405250191688537598e-02 9.459475278854370117e-01
9.586640317138517275e-07 9.999990463256835938e-01
4.023496785521274433e-06 9.999959468841552734e-01
8.222538977861404419e-03 9.917774200439453125e-01
1.914508466143161058e-04 9.998086094856262207e-01
4.286080366000533104e-04 9.995713829994201660e-01
1.299648880958557129e-01 8.700351119041442871e-01
3.909408121671731351e-07 9.999996423721313477e-01
2.928379672084702179e-06 9.999970197677612305e-01
4.026100555165612604e-07 9.999996423721313477e-01
9.794545263730469742e-08 9.999998807907104492e-01
2.391757789155235514e-06 9.999976158142089844e-01
8.706563115119934082e-01 1.293437182903289795e-01
1.592114813320222311e-06 9.999984502792358398e-01
1.352203184978861827e-06 9.999986886978149414e-01
6.509889960289001465e-01 3.490109443664550781e-01
6.550937087013153359e-06 9.999934434890747070e-01
1.185130793601274490e-03 9.988149404525756836e-01
1.278793066740036011e-02 9.872121214866638184e-01
7.043911609798669815e-04 9.992955923080444336e-01
2.046103872999083251e-05 9.999794960021972656e-01
1.283837377741292585e-06 9.999986886978149414e-01
2.171654067933559418e-02 9.782834053039550781e-01
2.840653223756817169e-07 9.999997615814208984e-01
3.422044974286109209e-04 9.996577501296997070e-01
1.287398044951260090e-03 9.987126588821411133e-01
3.302978584542870522e-04 9.996696710586547852e-01
7.848473265767097473e-03 9.921514987945556641e-01
2.161404381695319898e-06 9.999978542327880859e-01
1.045184581016656011e-05 9.999895095825195312e-01
3.614670958995702676e-06 9.999964237213134766e-01
1.404579847985587548e-06 9.999985694885253906e-01
1.496824622154235840e-02 9.850317239761352539e-01
2.636785723098000744e-07 9.999997615814208984e-01
1.894904016808141023e-05 9.999810457229614258e-01
1.649159821681678295e-04 9.998350143432617188e-01
1.850372427725233138e-05 9.999815225601196289e-01
2.224952622782438993e-04 9.997774958610534668e-01
8.716054260730743408e-02 9.128395318984985352e-01
2.464470453560352325e-04 9.997535347938537598e-01
4.679930043494096026e-07 9.999995231628417969e-01
7.902465462684631348e-01 2.097533792257308960e-01
8.397341966629028320e-01 1.602657586336135864e-01
6.083175074309110641e-03 9.939168095588684082e-01
1.090493100264211535e-07 9.999998807907104492e-01
3.398033976554870605e-02 9.660196900367736816e-01
1.680254191160202026e-02 9.831974506378173828e-01
4.682738333940505981e-03 9.953173398971557617e-01
4.449447260412853211e-06 9.999955892562866211e-01
8.607093244791030884e-02 9.139291048049926758e-01
3.113443031907081604e-02 9.688656330108642578e-01
3.818305730819702148e-01 6.181694269180297852e-01
5.807664245367050171e-02 9.419233202934265137e-01
1.681387424468994141e-03 9.983186721801757812e-01
4.164995849132537842e-01 5.835004448890686035e-01
8.747662417590618134e-03 9.912523627281188965e-01
5.775401950813829899e-04 9.994224309921264648e-01
4.046105314046144485e-04 9.995954632759094238e-01
4.633809924125671387e-01 5.366190075874328613e-01
2.536050509661436081e-03 9.974639415740966797e-01
9.395221248269081116e-03 9.906048178672790527e-01
6.100927013903856277e-03 9.938991069793701172e-01
2.823219119818531908e-06 9.999971389770507812e-01
1.805632114410400391e-01 8.194367885589599609e-01
1.048492919653654099e-02 9.895150661468505859e-01
1.962517946958541870e-02 9.803748726844787598e-01
9.452578524360433221e-07 9.999990463256835938e-01
1.048838836140930653e-03 9.989510774612426758e-01
1.472240686416625977e-02 9.852775931358337402e-01
3.114872743026353419e-05 9.999688863754272461e-01
6.129718967713415623e-04 9.993870258331298828e-01
7.474672202079091221e-06 9.999924898147583008e-01
9.250014424324035645e-01 7.499849796295166016e-02
1.231133210239931941e-04 9.998768568038940430e-01
9.729118086397647858e-03 9.902708530426025391e-01
1.154093723744153976e-02 9.884590506553649902e-01
8.857945203781127930e-01 1.142055019736289978e-01
3.857940901070833206e-04 9.996141195297241211e-01
3.064528073082328774e-06 9.999969005584716797e-01
1.315244007855653763e-04 9.998685121536254883e-01
5.398303983383812010e-06 9.999946355819702148e-01
8.469792192045133561e-06 9.999915361404418945e-01
2.472809574101120234e-04 9.997527003288269043e-01
5.748271346092224121e-01 4.251728653907775879e-01
3.579587908461689949e-03 9.964203834533691406e-01
8.447437721770256758e-05 9.999154806137084961e-01
1.862538605928421021e-01 8.137461543083190918e-01
2.196665853261947632e-02 9.780333638191223145e-01
9.308123480877839029e-06 9.999907016754150391e-01
9.932378530502319336e-01 6.762173026800155640e-03
4.341736257629236206e-06 9.999957084655761719e-01
6.450012006098404527e-05 9.999355077743530273e-01
9.399702207701920997e-07 9.999990463256835938e-01
4.793544765561819077e-03 9.952064156532287598e-01
8.972419425845146179e-03 9.910275340080261230e-01
8.444002014584839344e-04 9.991556406021118164e-01
1.777818979462608695e-04 9.998221993446350098e-01
1.154902279376983643e-01 8.845098018646240234e-01
1.938739418983459473e-02 9.806125760078430176e-01
6.139603257179260254e-02 9.386039972305297852e-01
8.939138799905776978e-02 9.106086492538452148e-01
1.135935820639133453e-02 9.886406660079956055e-01
1.014960110187530518e-01 8.985040187835693359e-01
1.048940569162368774e-01 8.951059579849243164e-01
4.256896500010043383e-05 9.999574422836303711e-01
9.107155203819274902e-01 8.928447216749191284e-02
4.861023171542910859e-06 9.999951124191284180e-01
9.246785938739776611e-02 9.075320959091186523e-01
4.378942772746086121e-02 9.562106132507324219e-01
7.015474606305360794e-03 9.929845333099365234e-01
2.787621878087520599e-02 9.721238017082214355e-01
5.204270564718171954e-05 9.999479055404663086e-01
6.691974401473999023e-01 3.308025598526000977e-01
5.997745320200920105e-03 9.940022826194763184e-01
4.256266653537750244e-01 5.743733644485473633e-01
3.736945700438809581e-06 9.999963045120239258e-01
1.225930824875831604e-01 8.774068355560302734e-01
8.302760720252990723e-01 1.697239130735397339e-01
1.047406476573087275e-04 9.998952150344848633e-01
7.954974989843321964e-07 9.999991655349731445e-01
1.443841680884361267e-02 9.855615496635437012e-01
6.394129013642668724e-04 9.993606209754943848e-01
3.728279145434498787e-03 9.962717294692993164e-01
6.353942155838012695e-01 3.646057248115539551e-01
3.134941266580426600e-07 9.999996423721313477e-01
3.984129428863525391e-02 9.601587057113647461e-01
5.208506195231166203e-07 9.999995231628417969e-01
2.040003528236411512e-05 9.999796152114868164e-01
1.287877921640756540e-06 9.999986886978149414e-01
1.807078515412285924e-04 9.998193383216857910e-01
4.533488663582829759e-06 9.999954700469970703e-01
3.352145722601562738e-05 9.999665021896362305e-01
4.422282700033974834e-07 9.999995231628417969e-01
8.700983016751706600e-05 9.999129772186279297e-01
9.999785423278808594e-01 2.146352562704123557e-05
1.289720684289932251e-01 8.710279464721679688e-01
1.110470475396141410e-05 9.999889135360717773e-01
7.368805408477783203e-01 2.631194889545440674e-01
6.795179388063843362e-07 9.999992847442626953e-01
2.283805588376708329e-05 9.999771118164062500e-01
9.407071024179458618e-02 9.059292674064636230e-01
4.765415191650390625e-01 5.234584808349609375e-01
6.669585704803466797e-01 3.330414295196533203e-01
2.099018543958663940e-03 9.979009628295898438e-01
1.053422968834638596e-02 9.894658327102661133e-01
2.479760150890797377e-04 9.997519850730895996e-01
5.876242994418134913e-06 9.999941587448120117e-01
1.315392410106142052e-06 9.999986886978149414e-01
4.718393683433532715e-01 5.281606316566467285e-01
6.950586453058349434e-07 9.999992847442626953e-01
2.735569328069686890e-02 9.726443290710449219e-01
2.486674338579177856e-01 7.513325810432434082e-01
4.494945704936981201e-02 9.550505280494689941e-01
1.697697094641625881e-03 9.983022212982177734e-01
1.345352851785719395e-03 9.986546039581298828e-01
5.650384351611137390e-03 9.943496584892272949e-01
7.406899333000183105e-01 2.593100965023040771e-01
1.634117364883422852e-01 8.365882635116577148e-01
1.041867653839290142e-03 9.989581108093261719e-01
3.784725777222774923e-06 9.999961853027343750e-01
1.200717451865784824e-05 9.999879598617553711e-01
4.105067551136016846e-01 5.894932746887207031e-01
3.894842848239932209e-07 9.999996423721313477e-01
4.715539887547492981e-02 9.528446793556213379e-01
2.454841881990432739e-02 9.754516482353210449e-01
7.465147227048873901e-02 9.253485202789306641e-01
1.589542478322982788e-01 8.410457372665405273e-01
1.460686291920865187e-07 9.999998807907104492e-01
2.058377256616950035e-03 9.979415535926818848e-01
2.706642746925354004e-01 7.293357253074645996e-01
2.613636255264282227e-01 7.386364340782165527e-01
1.411612145602703094e-03 9.985883831977844238e-01
8.387135267257690430e-01 1.612865030765533447e-01
1.563446130603551865e-03 9.984365105628967285e-01
3.662961717054713517e-06 9.999963045120239258e-01
4.387541707728814799e-07 9.999995231628417969e-01
4.226502478122711182e-01 5.773497819900512695e-01
9.999321699142456055e-01 6.786007725168019533e-05
2.056477069854736328e-01 7.943522930145263672e-01
1.220142657984979451e-04 9.998779296875000000e-01
1.119675487279891968e-01 8.880323767662048340e-01
5.282626487314701080e-03 9.947174191474914551e-01
9.767079949378967285e-01 2.329201065003871918e-02
2.885398641228675842e-02 9.711460471153259277e-01
4.648050235118716955e-04 9.995352029800415039e-01
9.840643405914306641e-01 1.593567803502082825e-02
1.287020277231931686e-02 9.871297478675842285e-01
2.465840131044387817e-01 7.534160614013671875e-01
9.412105679512023926e-01 5.878937616944313049e-02
8.859869837760925293e-01 1.140129715204238892e-01
5.893107503652572632e-03 9.941068887710571289e-01
3.512767079882905819e-06 9.999965429306030273e-01
8.250298909842967987e-03 9.917497038841247559e-01
7.423757314682006836e-01 2.576242685317993164e-01
2.625330723822116852e-02 9.737467169761657715e-01
9.138382971286773682e-03 9.908616542816162109e-01
2.988559026562143117e-05 9.999700784683227539e-01
9.862047591013833880e-06 9.999901056289672852e-01
1.674729173828382045e-05 9.999833106994628906e-01
3.738756504390039481e-06 9.999963045120239258e-01
9.620537161827087402e-01 3.794631734490394592e-02
2.839058078825473785e-02 9.716094732284545898e-01
1.393900066614151001e-02 9.860609769821166992e-01
1.137046201620250940e-04 9.998862743377685547e-01
1.692772057140246034e-04 9.998307228088378906e-01
6.705136895179748535e-01 3.294863104820251465e-01
2.062833518721163273e-04 9.997937083244323730e-01
1.255585462786257267e-03 9.987443685531616211e-01
3.669608850032091141e-03 9.963304400444030762e-01
2.403125290584284812e-05 9.999759197235107422e-01
5.689950558007694781e-05 9.999431371688842773e-01
3.307884617242962122e-05 9.999669790267944336e-01
1.242010155692696571e-03 9.987579584121704102e-01
4.149892181158065796e-02 9.585011005401611328e-01
5.155796679900959134e-05 9.999483823776245117e-01
9.997811913490295410e-01 2.188279904657974839e-04
9.032013963405916002e-07 9.999990463256835938e-01
7.079152390360832214e-03 9.929208159446716309e-01
4.357567057013511658e-02 9.564242959022521973e-01
7.471221152854923275e-08 9.999998807907104492e-01
2.982573278131894767e-06 9.999970197677612305e-01
2.801346480846405029e-01 7.198653221130371094e-01
7.388422545773210004e-06 9.999926090240478516e-01
9.562213381286710501e-05 9.999043941497802734e-01
6.919673085212707520e-01 3.080326914787292480e-01
3.779996404773555696e-05 9.999622106552124023e-01
1.857744455337524414e-01 8.142254948616027832e-01
1.214855443686246872e-02 9.878514409065246582e-01
1.190153511743119452e-06 9.999988079071044922e-01
8.702700957655906677e-03 9.912973642349243164e-01
9.999951124191284180e-01 4.857644853473175317e-06
3.407354932278394699e-03 9.965925812721252441e-01
1.711491640890017152e-04 9.998288154602050781e-01
8.543422222137451172e-01 1.456577628850936890e-01
1.982742454856634140e-03 9.980173110961914062e-01
8.735415758565068245e-04 9.991264939308166504e-01
6.483536481027840637e-07 9.999994039535522461e-01
5.902879312634468079e-02 9.409712553024291992e-01
4.998977601644583046e-06 9.999949932098388672e-01
9.952731728553771973e-01 4.726795945316553116e-03
2.751846564933657646e-03 9.972481131553649902e-01
2.039232663810253143e-02 9.796077013015747070e-01
9.723342061042785645e-01 2.766583673655986786e-02
1.049048267304897308e-03 9.989509582519531250e-01
3.163867890834808350e-01 6.836131811141967773e-01
2.002193359658122063e-03 9.979978203773498535e-01
3.036062233150005341e-03 9.969639182090759277e-01
4.470202606171369553e-03 9.955298304557800293e-01
3.676770138554275036e-04 9.996323585510253906e-01
7.528406058554537594e-06 9.999924898147583008e-01
9.905829429626464844e-01 9.417018853127956390e-03
6.791537743993103504e-04 9.993208646774291992e-01
8.728151321411132812e-01 1.271848380565643311e-01
2.472566440701484680e-03 9.975274205207824707e-01
5.849239460076205432e-05 9.999414682388305664e-01
4.835864529013633728e-04 9.995163679122924805e-01
3.851791007036808878e-06 9.999961853027343750e-01
8.754957525525242090e-05 9.999125003814697266e-01
3.989686665590852499e-04 9.996010661125183105e-01
8.973991498351097107e-06 9.999910593032836914e-01
1.259338110685348511e-01 8.740661740303039551e-01
3.590759262442588806e-02 9.640924334526062012e-01
3.156275488436222076e-03 9.968436956405639648e-01
1.326354872435331345e-02 9.867364764213562012e-01
4.039876330352853984e-06 9.999959468841552734e-01
4.135406911373138428e-01 5.864593386650085449e-01
8.801734657026827335e-05 9.999120235443115234e-01
4.948466539644869044e-06 9.999949932098388672e-01
1.530200708657503128e-03 9.984697699546813965e-01
3.167156279087066650e-01 6.832843422889709473e-01
6.381409615278244019e-02 9.361859560012817383e-01
3.882037475705146790e-02 9.611796736717224121e-01
1.494709636062907521e-06 9.999984502792358398e-01
1.485655736178159714e-02 9.851434826850891113e-01
1.709372554614674300e-07 9.999998807907104492e-01
3.517985641956329346e-01 6.482014060020446777e-01
7.075092980812769383e-06 9.999929666519165039e-01
3.858921700157225132e-04 9.996141195297241211e-01
9.999902248382568359e-01 9.746101568453013897e-06
6.438465118408203125e-01 3.561535179615020752e-01
1.875209854915738106e-04 9.998125433921813965e-01
7.248160839080810547e-01 2.751839160919189453e-01
4.957162309437990189e-03 9.950428009033203125e-01
8.615200519561767578e-01 1.384799182415008545e-01
9.565741493133828044e-05 9.999042749404907227e-01
5.046799033880233765e-02 9.495319724082946777e-01
5.862089395523071289e-01 4.137910902500152588e-01
8.658809661865234375e-01 1.341190636157989502e-01
2.983608737849863246e-06 9.999970197677612305e-01
2.415448543615639210e-04 9.997584223747253418e-01
2.938764282589545473e-06 9.999970197677612305e-01
4.197105681669199839e-06 9.999958276748657227e-01
9.297247976064682007e-02 9.070275425910949707e-01
1.351808314211666584e-04 9.998648166656494141e-01
9.999086856842041016e-01 9.128831879934296012e-05
1.385692257827031426e-06 9.999985694885253906e-01
2.588038444519042969e-01 7.411961555480957031e-01
7.335245013236999512e-01 2.664754688739776611e-01
1.054762210696935654e-02 9.894523620605468750e-01
1.059275493025779724e-01 8.940724730491638184e-01
5.530406724574277177e-06 9.999945163726806641e-01
6.301652789115905762e-01 3.698346614837646484e-01
1.140588778980600182e-06 9.999988079071044922e-01
5.248005390167236328e-01 4.751994609832763672e-01
3.177362680435180664e-01 6.822637319564819336e-01
2.102799564599990845e-01 7.897200584411621094e-01
4.812804460525512695e-01 5.187195539474487305e-01
5.075147151947021484e-01 4.924852550029754639e-01
2.980189456138759851e-04 9.997019171714782715e-01
9.670631885528564453e-01 3.293677791953086853e-02
6.679868698120117188e-01 3.320131003856658936e-01
1.598135568201541901e-02 9.840186238288879395e-01
8.285021758638322353e-04 9.991714954376220703e-01
9.740033745765686035e-01 2.599658630788326263e-02
8.517636451870203018e-04 9.991482496261596680e-01
7.479788269847631454e-03 9.925202131271362305e-01
7.590617053210735321e-03 9.924093484878540039e-01
9.770627021789550781e-01 2.293732576072216034e-02
2.586629670986440033e-05 9.999741315841674805e-01
8.879543282091617584e-03 9.911205172538757324e-01
9.641871787607669830e-03 9.903581738471984863e-01
3.305843099951744080e-02 9.669415950775146484e-01
1.369117409922182560e-03 9.986308217048645020e-01
7.584622653666883707e-05 9.999241828918457031e-01
7.444188743829727173e-02 9.255580902099609375e-01
3.564032725989818573e-03 9.964359998703002930e-01
3.009005077183246613e-02 9.699099659919738770e-01
1.876606494188308716e-01 8.123393654823303223e-01
6.794224464101716876e-05 9.999320507049560547e-01
4.077628545928746462e-07 9.999996423721313477e-01
8.697154521942138672e-01 1.302845329046249390e-01
3.498398427836946212e-06 9.999965429306030273e-01
1.397195854224264622e-03 9.986028075218200684e-01
9.977051615715026855e-01 2.294901059940457344e-03
9.576826095581054688e-01 4.231742024421691895e-02
8.767759054899215698e-02 9.123223423957824707e-01
3.143671563066163799e-07 9.999996423721313477e-01
4.202135460218414664e-05 9.999579191207885742e-01
1.052377093583345413e-02 9.894762039184570312e-01
2.169764684367692098e-06 9.999978542327880859e-01
1.139754578471183777e-01 8.860244750976562500e-01
1.524253655225038528e-02 9.847574234008789062e-01
9.183933138847351074e-01 8.160669356584548950e-02
1.239377353340387344e-02 9.876062273979187012e-01
9.846221804618835449e-01 1.537784188985824585e-02
2.292032688856124878e-01 7.707966566085815430e-01
1.059029530733823776e-02 9.894096851348876953e-01
1.798388780116511043e-06 9.999982118606567383e-01
1.295936107635498047e-01 8.704063892364501953e-01
1.719837928249035031e-05 9.999828338623046875e-01
6.017117411829531193e-04 9.993982315063476562e-01
7.286660671234130859e-01 2.713338732719421387e-01
5.914575420320034027e-03 9.940854310989379883e-01
1.655521988868713379e-01 8.344478011131286621e-01
3.229881450533866882e-02 9.677011966705322266e-01
7.180663669714704156e-05 9.999282360076904297e-01
4.287373940314864740e-06 9.999957084655761719e-01
4.701141715049743652e-01 5.298858284950256348e-01
2.630254924297332764e-01 7.369745373725891113e-01
7.923943400382995605e-01 2.076056301593780518e-01
4.686447679996490479e-01 5.313552021980285645e-01
1.023028194904327393e-01 8.976971507072448730e-01
9.428521990776062012e-01 5.714780092239379883e-02
1.031638309359550476e-02 9.896836280822753906e-01
1.142403809353709221e-03 9.988576173782348633e-01
1.346249246125807986e-05 9.999865293502807617e-01
1.005657296627759933e-02 9.899433851242065430e-01
1.080275401473045349e-01 8.919724225997924805e-01
4.845305681228637695e-01 5.154694318771362305e-01
1.206931642627750989e-06 9.999988079071044922e-01
8.976236917078495026e-03 9.910237789154052734e-01
1.429398916661739349e-02 9.857060909271240234e-01
1.536339428275823593e-02 9.846366643905639648e-01
1.056263595819473267e-01 8.943736553192138672e-01
1.067916047759354115e-03 9.989320635795593262e-01
1.753646433353424072e-01 8.246353268623352051e-01
9.277945355279371142e-05 9.999072551727294922e-01
1.446156054735183716e-01 8.553844094276428223e-01
4.127986812818562612e-06 9.999958276748657227e-01
3.934807330369949341e-02 9.606519937515258789e-01
2.427081018686294556e-02 9.757291674613952637e-01
1.030876501317834482e-05 9.999897480010986328e-01
5.027184961363673210e-04 9.994972944259643555e-01
2.707417879719287157e-04 9.997292160987854004e-01
1.205939948558807373e-01 8.794059753417968750e-01
2.393666945863515139e-04 9.997606873512268066e-01
5.904801582801155746e-05 9.999409914016723633e-01
2.687668711587321013e-06 9.999972581863403320e-01
2.206187462434172630e-03 9.977937936782836914e-01
1.438815729670750443e-06 9.999985694885253906e-01
7.108121365308761597e-02 9.289187192916870117e-01
6.374557614326477051e-01 3.625442087650299072e-01
4.268140037311241031e-05 9.999573230743408203e-01
1.356136868707835674e-03 9.986438155174255371e-01
3.168939054012298584e-02 9.683105349540710449e-01
4.578385055065155029e-01 5.421615242958068848e-01
2.328506707272026688e-05 9.999767541885375977e-01
2.349789974687155336e-05 9.999765157699584961e-01
2.201537790824659169e-05 9.999779462814331055e-01
4.780708331963978708e-05 9.999521970748901367e-01
1.811948120594024658e-01 8.188051581382751465e-01
7.773807737976312637e-05 9.999222755432128906e-01
2.891976386308670044e-02 9.710803031921386719e-01
8.627382896975177573e-08 9.999998807907104492e-01
5.792066454887390137e-03 9.942079782485961914e-01
9.578131139278411865e-03 9.904218912124633789e-01
9.958162158727645874e-02 9.004183411598205566e-01
2.549237012863159180e-02 9.745075702667236328e-01
9.295945167541503906e-01 7.040543854236602783e-02
4.563656151294708252e-01 5.436343550682067871e-01
1.617293264644104056e-06 9.999983310699462891e-01
5.673700087527322466e-08 1.000000000000000000e+00
1.866199454525485635e-06 9.999980926513671875e-01
7.890038541518151760e-04 9.992109537124633789e-01
5.708033218979835510e-02 9.429197311401367188e-01
3.616226464509963989e-02 9.638378024101257324e-01
1.074091323971515521e-05 9.999892711639404297e-01
8.567509651184082031e-01 1.432490795850753784e-01
1.244955346919596195e-03 9.987550973892211914e-01
2.782981656491756439e-02 9.721702337265014648e-01
6.772486567497253418e-01 3.227512836456298828e-01
1.165949215646833181e-04 9.998834133148193359e-01
2.163833960366901010e-05 9.999783039093017578e-01
1.326450274063972756e-05 9.999867677688598633e-01
1.099454379982489627e-06 9.999989271163940430e-01
2.443691156804561615e-02 9.755630493164062500e-01
1.810811590985395014e-05 9.999818801879882812e-01
6.766397746105212718e-06 9.999932050704956055e-01
3.934776037931442261e-02 9.606521725654602051e-01
8.434762954711914062e-01 1.565236598253250122e-01
1.435980902897426859e-05 9.999856948852539062e-01
6.810190971009433270e-04 9.993189573287963867e-01
3.234615176916122437e-02 9.676538705825805664e-01
7.439790368080139160e-01 2.560209333896636963e-01
6.055097654461860657e-02 9.394490122795104980e-01
3.049770893994718790e-04 9.996950626373291016e-01
4.684915984398685396e-05 9.999531507492065430e-01
1.220733611262403429e-05 9.999878406524658203e-01
2.307739050593227148e-04 9.997692704200744629e-01
1.897236332297325134e-02 9.810276031494140625e-01
5.746684502810239792e-03 9.942533373832702637e-01
4.429700318723917007e-03 9.955703616142272949e-01
6.620481144636869431e-04 9.993379712104797363e-01
9.091322681342717260e-06 9.999909400939941406e-01
1.452646101824939251e-04 9.998546838760375977e-01
8.832808816805481911e-06 9.999911785125732422e-01
1.208016648888587952e-02 9.879198074340820312e-01
1.454359386116266251e-02 9.854564070701599121e-01
6.155790470074862242e-05 9.999384880065917969e-01
2.521866520055482397e-07 9.999997615814208984e-01
4.535055160522460938e-01 5.464944839477539062e-01
9.621070348657667637e-04 9.990378618240356445e-01
6.271756137721240520e-05 9.999372959136962891e-01
7.543924148194491863e-04 9.992456436157226562e-01
5.069010057923151180e-06 9.999948740005493164e-01
5.889626336283981800e-04 9.994111061096191406e-01
1.226235032081604004e-01 8.773764967918395996e-01
9.056000999407842755e-05 9.999094009399414062e-01
3.960808366537094116e-02 9.603919982910156250e-01
1.263349968940019608e-02 9.873665571212768555e-01
1.747713424265384674e-02 9.825228452682495117e-01
4.651075601577758789e-01 5.348924398422241211e-01
6.785236764699220657e-04 9.993214607238769531e-01
8.790395259857177734e-01 1.209605038166046143e-01
5.879441159777343273e-04 9.994120597839355469e-01
2.536334097385406494e-02 9.746366739273071289e-01
6.875602994114160538e-03 9.931244254112243652e-01
7.759175300598144531e-01 2.240824848413467407e-01
3.465929767116904259e-04 9.996534585952758789e-01
1.359471298201242462e-06 9.999986886978149414e-01
1.150445605162531137e-04 9.998849630355834961e-01
1.298820413649082184e-02 9.870117306709289551e-01
1.676118969917297363e-01 8.323880434036254883e-01
5.075799301266670227e-03 9.949241876602172852e-01
1.515828334959223866e-04 9.998483657836914062e-01
5.885950522497296333e-04 9.994114637374877930e-01
4.663391038775444031e-03 9.953365921974182129e-01
9.084384441375732422e-01 9.156156331300735474e-02
1.144006600952707231e-04 9.998855590820312500e-01
2.610780256873113103e-06 9.999973773956298828e-01
2.406065762042999268e-01 7.593934535980224609e-01
3.598743351176381111e-04 9.996401071548461914e-01
2.819995643221773207e-06 9.999971389770507812e-01
2.650161914061754942e-04 9.997349381446838379e-01
8.090683841146528721e-04 9.991909861564636230e-01
4.003009796142578125e-01 5.996990203857421875e-01
1.003503166430164129e-05 9.999899864196777344e-01
8.609922975301742554e-02 9.139007329940795898e-01
1.587987542152404785e-01 8.412012457847595215e-01
2.315614558756351471e-02 9.768438935279846191e-01
2.346142232418060303e-01 7.653857469558715820e-01
2.996868826448917389e-02 9.700313210487365723e-01
8.304709196090698242e-02 9.169529080390930176e-01
9.493759274482727051e-01 5.062410980463027954e-02
3.252637013792991638e-02 9.674736261367797852e-01
2.716911770403385162e-02 9.728308916091918945e-01
3.867891617119312286e-03 9.961321353912353516e-01
4.743375939142424613e-06 9.999952316284179688e-01
8.659631712362170219e-04 9.991340041160583496e-01
3.345203399658203125e-02 9.665479660034179688e-01
7.215072400867938995e-05 9.999278783798217773e-01
7.512990123359486461e-07 9.999992847442626953e-01
2.470233850181102753e-02 9.752976298332214355e-01
3.818884864449501038e-02 9.618111252784729004e-01
3.995172737631946802e-04 9.996004700660705566e-01
2.653351032222417416e-07 9.999997615814208984e-01
5.465212161652743816e-04 9.994534850120544434e-01
8.765441634750459343e-06 9.999911785125732422e-01
7.353905821219086647e-04 9.992646574974060059e-01
3.490110337734222412e-01 6.509889960289001465e-01
1.584454923868179321e-01 8.415545225143432617e-01
4.976694285869598389e-01 5.023305416107177734e-01
1.442368957214057446e-04 9.998557567596435547e-01
7.491353154182434082e-02 9.250864386558532715e-01
9.699655175209045410e-01 3.003449551761150360e-02
3.299852687632665038e-05 9.999669790267944336e-01
3.255993760831188411e-06 9.999967813491821289e-01
6.047597853466868401e-04 9.993952512741088867e-01
1.758125290507450700e-05 9.999824762344360352e-01
9.997090697288513184e-01 2.909514587372541428e-04
1.042960211634635925e-03 9.989570379257202148e-01
5.295576556818559766e-05 9.999470710754394531e-01
1.897510699927806854e-02 9.810248613357543945e-01
2.271915320307016373e-03 9.977280497550964355e-01
1.364562511444091797e-01 8.635437488555908203e-01
2.372285780438687652e-05 9.999762773513793945e-01
5.248206434771418571e-04 9.994751811027526855e-01
3.461352316662669182e-04 9.996538162231445312e-01
9.958603186532855034e-04 9.990041851997375488e-01
2.838253974914550781e-03 9.971617460250854492e-01
3.393567021703347564e-05 9.999660253524780273e-01
2.550771273672580719e-02 9.744923114776611328e-01
1.943746610777452588e-06 9.999980926513671875e-01
2.250939980149269104e-02 9.774905443191528320e-01
7.224596738815307617e-01 2.775402665138244629e-01
9.770590662956237793e-01 2.294097095727920532e-02
6.098734957049600780e-07 9.999994039535522461e-01
6.284706294536590576e-02 9.371529817581176758e-01
5.528419837355613708e-02 9.447158575057983398e-01
1.961284942808561027e-05 9.999803304672241211e-01
1.121676541515626013e-04 9.998878240585327148e-01
3.805193584412336349e-03 9.961948394775390625e-01
3.814981255345628597e-07 9.999996423721313477e-01
1.432751864194869995e-02 9.856724739074707031e-01
3.399118941160850227e-05 9.999660253524780273e-01
1.298385359405074269e-05 9.999870061874389648e-01
7.202285632956773043e-05 9.999279975891113281e-01
9.697241336107254028e-02 9.030275940895080566e-01
9.998817404266446829e-05 9.998999834060668945e-01
1.084781996905803680e-02 9.891521930694580078e-01
3.989963261119555682e-06 9.999960660934448242e-01
9.992370605468750000e-01 7.630072068423032761e-04
2.147028317267540842e-05 9.999785423278808594e-01
2.414815535303205252e-04 9.997585415840148926e-01
1.537719392217695713e-03 9.984623193740844727e-01
4.102594539290294051e-05 9.999589920043945312e-01
1.512412726879119873e-02 9.848758578300476074e-01
4.703289568424224854e-01 5.296710729598999023e-01
6.827834795331000350e-07 9.999992847442626953e-01
2.625982463359832764e-01 7.374017834663391113e-01
1.021665753796696663e-03 9.989783763885498047e-01
7.132527534849941730e-04 9.992868304252624512e-01
1.518025295808911324e-03 9.984820485115051270e-01
6.767643988132476807e-02 9.323235154151916504e-01
8.195722103118896484e-02 9.180428385734558105e-01
6.245023012161254883e-02 9.375497102737426758e-01
2.407147176563739777e-02 9.759284853935241699e-01
1.149860676378011703e-02 9.885014295578002930e-01
1.217677490785717964e-04 9.998781681060791016e-01
7.256253063678741455e-02 9.274374842643737793e-01
3.595607704482972622e-04 9.996404647827148438e-01
2.020847983658313751e-03 9.979792237281799316e-01
7.338264549616724253e-05 9.999265670776367188e-01
1.354407519102096558e-02 9.864559173583984375e-01
1.466315938159823418e-03 9.985337257385253906e-01
2.816662890836596489e-05 9.999718666076660156e-01
1.536986231803894043e-01 8.463013768196105957e-01
8.519551716744899750e-03 9.914804697036743164e-01
7.888209819793701172e-01 2.111790031194686890e-01
2.842893302440643311e-01 7.157106995582580566e-01
1.846707891672849655e-04 9.998154044151306152e-01
7.462784051895141602e-01 2.537215650081634521e-01
7.018448400231136475e-07 9.999992847442626953e-01
3.492374718189239502e-01 6.507624983787536621e-01
3.699197550304234028e-04 9.996300935745239258e-01
2.192705171182751656e-03 9.978073239326477051e-01
2.417884767055511475e-02 9.758210778236389160e-01
1.533472836017608643e-01 8.466526865959167480e-01
9.321230754721909761e-05 9.999067783355712891e-01
3.268983618909260258e-06 9.999967813491821289e-01
3.840937642962671816e-05 9.999616146087646484e-01
6.205057161423610523e-07 9.999994039535522461e-01
1.162489783018827438e-02 9.883750677108764648e-01
7.863057255744934082e-01 2.136943191289901733e-01
1.106557552702724934e-03 9.988934397697448730e-01
2.573885023593902588e-03 9.974260926246643066e-01
3.188589471392333508e-04 9.996811151504516602e-01
4.706185683608055115e-02 9.529381990432739258e-01
1.845955383032560349e-03 9.981539845466613770e-01
3.959977766498923302e-04 9.996040463447570801e-01
3.332666892674751580e-06 9.999966621398925781e-01
2.011422067880630493e-01 7.988578081130981445e-01
7.991456659510731697e-04 9.992008805274963379e-01
3.729637537617236376e-04 9.996269941329956055e-01
8.174575896191527136e-07 9.999991655349731445e-01
1.679541077464818954e-03 9.983204007148742676e-01
9.989690035581588745e-03 9.900103211402893066e-01
2.943902836705092341e-05 9.999705553054809570e-01
2.426738938083872199e-04 9.997573494911193848e-01
8.934831619262695312e-02 9.106516838073730469e-01
4.996138045498810243e-07 9.999995231628417969e-01
7.632796950929332525e-06 9.999923706054687500e-01
9.990859031677246094e-01 9.140647016465663910e-04
6.950291991233825684e-01 3.049707412719726562e-01
2.056504040956497192e-02 9.794349670410156250e-01
1.404190425091655925e-05 9.999859333038330078e-01
4.064261913299560547e-03 9.959356784820556641e-01
1.050299979397095740e-04 9.998949766159057617e-01
4.934416711330413818e-02 9.506558179855346680e-01
3.643773961812257767e-04 9.996355772018432617e-01
9.805481433868408203e-01 1.945186778903007507e-02
8.650541531096678227e-06 9.999912977218627930e-01
6.074011791497468948e-03 9.939259886741638184e-01
2.190044142480473965e-06 9.999978542327880859e-01
4.550876561552286148e-03 9.954491257667541504e-01
4.994304276806360576e-07 9.999995231628417969e-01
