4.255693852901458740e-01 5.744306445121765137e-01
4.120699465274810791e-01 5.879300236701965332e-01
4.116158485412597656e-01 5.883841514587402344e-01
6.036679744720458984e-01 3.963320255279541016e-01
3.812239468097686768e-01 6.187760233879089355e-01
4.778277277946472168e-01 5.221722722053527832e-01
3.438441157341003418e-01 6.561558842658996582e-01
2.519555985927581787e-01 7.480443716049194336e-01
5.456526279449462891e-01 4.543473422527313232e-01
7.032152414321899414e-01 2.967848181724548340e-01
6.832652688026428223e-01 3.167347311973571777e-01
2.663288116455078125e-01 7.336711287498474121e-01
4.668877720832824707e-01 5.331122279167175293e-01
4.204806685447692871e-01 5.795193314552307129e-01
3.815740346908569336e-01 6.184259653091430664e-01
6.204509735107421875e-01 3.795489668846130371e-01
4.474043250083923340e-01 5.525956749916076660e-01
3.984028697013854980e-01 6.015971302986145020e-01
4.306498467922210693e-01 5.693501234054565430e-01
4.713642597198486328e-01 5.286357402801513672e-01
4.100082516670227051e-01 5.899917483329772949e-01
2.636137306690216064e-01 7.363862991333007812e-01
4.450193941593170166e-01 5.549806356430053711e-01
3.841703832149505615e-01 6.158295869827270508e-01
5.451449751853942871e-01 4.548550546169281006e-01
3.455533683300018311e-01 6.544466614723205566e-01
3.474630713462829590e-01 6.525369882583618164e-01
4.396983683109283447e-01 5.603016018867492676e-01
3.093970715999603271e-01 6.906029582023620605e-01
5.095058083534240723e-01 4.904941320419311523e-01
2.603852152824401855e-01 7.396148443222045898e-01
2.524127662181854248e-01 7.475872635841369629e-01
2.880036234855651855e-01 7.119964361190795898e-01
5.024935007095336914e-01 4.975064992904663086e-01
4.880842566490173340e-01 5.119157433509826660e-01
4.829013347625732422e-01 5.170986652374267578e-01
4.142076969146728516e-01 5.857923030853271484e-01
3.807170391082763672e-01 6.192830204963684082e-01
3.772670924663543701e-01 6.227328777313232422e-01
4.170819818973541260e-01 5.829180479049682617e-01
4.901815652847290039e-01 5.098184347152709961e-01
3.059379160404205322e-01 6.940621137619018555e-01
3.752045631408691406e-01 6.247954368591308594e-01
4.166963696479797363e-01 5.833035707473754883e-01
5.053999423980712891e-01 4.946000277996063232e-01
5.481275320053100586e-01 4.518725275993347168e-01
5.127483010292053223e-01 4.872517585754394531e-01
5.182833075523376465e-01 4.817166924476623535e-01
5.084024071693420410e-01 4.915976226329803467e-01
4.692285358905792236e-01 5.307714343070983887e-01
4.499397277832031250e-01 5.500602722167968750e-01
3.290694653987884521e-01 6.709305644035339355e-01
4.982789456844329834e-01 5.017210245132446289e-01
5.058197975158691406e-01 4.941802024841308594e-01
6.103501915931701660e-01 3.896498382091522217e-01
5.238936543464660645e-01 4.761064052581787109e-01
4.579039812088012695e-01 5.420960783958435059e-01
6.285220384597778320e-01 3.714779615402221680e-01
6.392292380332946777e-01 3.607707023620605469e-01
6.821650862693786621e-01 3.178349435329437256e-01
5.025772452354431152e-01 4.974227547645568848e-01
4.154568314552307129e-01 5.845431685447692871e-01
4.154354631900787354e-01 5.845645666122436523e-01
5.063096880912780762e-01 4.936903417110443115e-01
5.240144729614257812e-01 4.759854972362518311e-01
3.840638995170593262e-01 6.159361600875854492e-01
5.598710179328918457e-01 4.401289522647857666e-01
2.761604189872741699e-01 7.238395810127258301e-01
3.983500003814697266e-01 6.016499400138854980e-01
3.117748498916625977e-01 6.882250905036926270e-01
5.338549017906188965e-01 4.661451280117034912e-01
2.838778197765350342e-01 7.161222100257873535e-01
4.375162720680236816e-01 5.624837279319763184e-01
3.292021751403808594e-01 6.707978248596191406e-01
3.651610612869262695e-01 6.348389387130737305e-01
2.737480998039245605e-01 7.262519598007202148e-01
5.016666054725646973e-01 4.983333647251129150e-01
2.940900027751922607e-01 7.059099674224853516e-01
3.265283107757568359e-01 6.734716892242431641e-01
4.591613113880157471e-01 5.408386588096618652e-01
4.385116100311279297e-01 5.614883899688720703e-01
4.315443336963653564e-01 5.684556365013122559e-01
3.859119415283203125e-01 6.140879988670349121e-01
2.364409863948822021e-01 7.635589838027954102e-01
3.648529946804046631e-01 6.351470351219177246e-01
3.593880534172058105e-01 6.406118869781494141e-01
5.933281779289245605e-01 4.066717922687530518e-01
3.355879485607147217e-01 6.644120812416076660e-01
6.532278656959533691e-01 3.467721343040466309e-01
2.592497467994689941e-01 7.407502532005310059e-01
3.079980909824371338e-01 6.920019388198852539e-01
3.457459509372711182e-01 6.542540788650512695e-01
6.832138895988464355e-01 3.167860805988311768e-01
6.332267522811889648e-01 3.667732477188110352e-01
3.236558139324188232e-01 6.763442158699035645e-01
3.597118258476257324e-01 6.402882337570190430e-01
6.592009663581848145e-01 3.407990336418151855e-01
6.233689785003662109e-01 3.766310513019561768e-01
4.021847844123840332e-01 5.978152155876159668e-01
7.622597813606262207e-01 2.377402037382125854e-01
5.403942465782165527e-01 4.596057832241058350e-01
6.208384037017822266e-01 3.791616261005401611e-01
4.016348421573638916e-01 5.983651280403137207e-01
4.437077641487121582e-01 5.562922358512878418e-01
4.665724635124206543e-01 5.334275364875793457e-01
4.726198613643646240e-01 5.273801684379577637e-01
5.065122842788696289e-01 4.934877157211303711e-01
4.667802155017852783e-01 5.332198143005371094e-01
2.976171970367431641e-01 7.023827433586120605e-01
4.659276306629180908e-01 5.340723991394042969e-01
4.436764121055603027e-01 5.563235878944396973e-01
6.277817487716674805e-01 3.722182512283325195e-01
3.651610612869262695e-01 6.348389387130737305e-01
4.257901608943939209e-01 5.742098093032836914e-01
4.744431376457214355e-01 5.255568623542785645e-01
3.856316208839416504e-01 6.143683791160583496e-01
4.307725131511688232e-01 5.692275166511535645e-01
4.133628308773040771e-01 5.866371989250183105e-01
5.481455326080322266e-01 4.518544673919677734e-01
4.093040823936462402e-01 5.906959772109985352e-01
6.853335499763488770e-01 3.146664500236511230e-01
5.268303751945495605e-01 4.731696248054504395e-01
6.536194086074829102e-01 3.463806211948394775e-01
2.965427041053771973e-01 7.034572958946228027e-01
4.389579296112060547e-01 5.610420703887939453e-01
4.766825139522552490e-01 5.233175158500671387e-01
3.381754755973815918e-01 6.618245840072631836e-01
4.049066305160522461e-01 5.950933694839477539e-01
4.638605117797851562e-01 5.361394882202148438e-01
2.873926162719726562e-01 7.126073837280273438e-01
6.787239313125610352e-01 3.212760686874389648e-01
6.669430136680603027e-01 3.330569565296173096e-01
3.695786297321319580e-01 6.304213404655456543e-01
5.146364569664001465e-01 4.853635430335998535e-01
3.927341699600219727e-01 6.072658896446228027e-01
4.410167038440704346e-01 5.589832663536071777e-01
5.119668245315551758e-01 4.880331754684448242e-01
4.461247026920318604e-01 5.538753271102905273e-01
3.498901128768920898e-01 6.501098275184631348e-01
6.198536157608032227e-01 3.801463544368743896e-01
4.410617053508758545e-01 5.589382648468017578e-01
3.488050997257232666e-01 6.511948704719543457e-01
4.969996213912963867e-01 5.030003786087036133e-01
4.912846088409423828e-01 5.087153911590576172e-01
6.167250275611877441e-01 3.832749724388122559e-01
4.866476655006408691e-01 5.133523941040039062e-01
4.061782658100128174e-01 5.938217043876647949e-01
3.872027397155761719e-01 6.127972602844238281e-01
3.168915212154388428e-01 6.831084489822387695e-01
6.184070110321044922e-01 3.815929591655731201e-01
3.954944610595703125e-01 6.045055389404296875e-01
4.274118244647979736e-01 5.725881457328796387e-01
4.619000852108001709e-01 5.380999445915222168e-01
5.067194700241088867e-01 4.932805001735687256e-01
6.730821728706359863e-01 3.269177675247192383e-01
3.022238612174987793e-01 6.977761387825012207e-01
3.654211163520812988e-01 6.345788240432739258e-01
4.101404547691345215e-01 5.898595452308654785e-01
3.359837830066680908e-01 6.640162467956542969e-01
3.721804320812225342e-01 6.278195381164550781e-01
6.091666817665100098e-01 3.908332586288452148e-01
5.891650915145874023e-01 4.108349084854125977e-01
8.605896830558776855e-01 1.394103318452835083e-01
3.313248753547668457e-01 6.686751246452331543e-01
4.017207324504852295e-01 5.982792973518371582e-01
3.593030571937561035e-01 6.406969428062438965e-01
2.130601257085800171e-01 7.869398593902587891e-01
2.902395725250244141e-01 7.097604274749755859e-01
2.251552790403366089e-01 7.748447060585021973e-01
3.953064680099487305e-01 6.046935915946960449e-01
5.759431719779968262e-01 4.240568280220031738e-01
5.333883166313171387e-01 4.666116833686828613e-01
4.752735197544097900e-01 5.247264504432678223e-01
3.742505908012390137e-01 6.257494091987609863e-01
4.463433027267456055e-01 5.536566972732543945e-01
4.434372484683990479e-01 5.565627813339233398e-01
6.853840947151184082e-01 3.146158754825592041e-01
4.053629338741302490e-01 5.946370363235473633e-01
2.854392528533935547e-01 7.145607471466064453e-01
4.998670816421508789e-01 5.001329183578491211e-01
4.378730654716491699e-01 5.621269345283508301e-01
3.527269363403320312e-01 6.472730040550231934e-01
4.216249287128448486e-01 5.783751010894775391e-01
5.226350426673889160e-01 4.773649275302886963e-01
7.925415039062500000e-01 2.074585407972335815e-01
3.834196329116821289e-01 6.165803670883178711e-01
3.908776640892028809e-01 6.091222763061523438e-01
8.089622855186462402e-01 1.910377144813537598e-01
5.596417188644409180e-01 4.403582811355590820e-01
2.563996016979217529e-01 7.436003684997558594e-01
4.321329593658447266e-01 5.678670406341552734e-01
3.946800827980041504e-01 6.053199172019958496e-01
3.970157802104949951e-01 6.029842495918273926e-01
3.854379057884216309e-01 6.145620942115783691e-01
3.064281940460205078e-01 6.935718059539794922e-01
4.343595504760742188e-01 5.656403899192810059e-01
2.604610323905944824e-01 7.395389676094055176e-01
3.498262465000152588e-01 6.501737236976623535e-01
4.463476836681365967e-01 5.536523461341857910e-01
4.672477543354034424e-01 5.327522158622741699e-01
4.221054017543792725e-01 5.778945684432983398e-01
3.622345924377441406e-01 6.377654671669006348e-01
3.354450166225433350e-01 6.645549535751342773e-01
4.175239205360412598e-01 5.824760198593139648e-01
6.409202814102172852e-01 3.590797185897827148e-01
2.810294628143310547e-01 7.189705371856689453e-01
3.479656279087066650e-01 6.520343422889709473e-01
4.412048161029815674e-01 5.587952136993408203e-01
4.424159824848175049e-01 5.575840473175048828e-01
6.585658788681030273e-01 3.414341509342193604e-01
3.877375721931457520e-01 6.122624278068542480e-01
2.230770438909530640e-01 7.769229412078857422e-01
4.158111810684204102e-01 5.841888189315795898e-01
2.613488137722015381e-01 7.386511564254760742e-01
4.333498477935791016e-01 5.666501522064208984e-01
3.946027755737304688e-01 6.053972244262695312e-01
8.888330459594726562e-01 1.111669242382049561e-01
3.126071393489837646e-01 6.873928308486938477e-01
4.466276764869689941e-01 5.533723235130310059e-01
2.668542265892028809e-01 7.331457138061523438e-01
4.092395007610321045e-01 5.907605290412902832e-01
5.486696958541870117e-01 4.513302445411682129e-01
5.810036659240722656e-01 4.189962744712829590e-01
5.862017273902893066e-01 4.137982130050659180e-01
5.458658933639526367e-01 4.541341364383697510e-01
3.414769768714904785e-01 6.585230827331542969e-01
5.461727976799011230e-01 4.538272023200988770e-01
6.702948212623596191e-01 3.297051489353179932e-01
6.506282091140747070e-01 3.493717610836029053e-01
3.950215876102447510e-01 6.049784421920776367e-01
7.504895329475402832e-01 2.495104521512985229e-01
4.635079503059387207e-01 5.364920496940612793e-01
4.737188816070556641e-01 5.262811183929443359e-01
5.558812618255615234e-01 4.441187381744384766e-01
3.509621918201446533e-01 6.490378379821777344e-01
3.780961036682128906e-01 6.219038963317871094e-01
2.449104636907577515e-01 7.550895214080810547e-01
5.118483901023864746e-01 4.881516098976135254e-01
3.298193812370300293e-01 6.701806187629699707e-01
5.818994045257568359e-01 4.181006252765655518e-01
3.836176693439483643e-01 6.163823008537292480e-01
4.560871720314025879e-01 5.439128279685974121e-01
3.674717545509338379e-01 6.325281858444213867e-01
3.444788455963134766e-01 6.555210947990417480e-01
5.157105326652526855e-01 4.842894673347473145e-01
5.422480106353759766e-01 4.577519595623016357e-01
7.566598653793334961e-01 2.433401346206665039e-01
3.216608464717864990e-01 6.783391833305358887e-01
4.066463112831115723e-01 5.933536887168884277e-01
4.942615032196044922e-01 5.057384967803955078e-01
6.182827949523925781e-01 3.817172050476074219e-01
4.971548020839691162e-01 5.028452277183532715e-01
4.344794750213623047e-01 5.655205249786376953e-01
5.739886760711669922e-01 4.260113537311553955e-01
4.903679788112640381e-01 5.096319913864135742e-01
6.181952357292175293e-01 3.818047344684600830e-01
2.964205443859100342e-01 7.035794258117675781e-01
6.700506210327148438e-01 3.299493789672851562e-01
4.928257465362548828e-01 5.071742534637451172e-01
4.276734590530395508e-01 5.723265409469604492e-01
4.385655522346496582e-01 5.614344477653503418e-01
5.319569706916809082e-01 4.680429995059967041e-01
3.076568543910980225e-01 6.923431158065795898e-01
6.053032875061035156e-01 3.946966826915740967e-01
3.649374544620513916e-01 6.350625157356262207e-01
4.462503492832183838e-01 5.537496209144592285e-01
4.487048387527465820e-01 5.512952208518981934e-01
5.619181990623474121e-01 4.380818009376525879e-01
4.695440232753753662e-01 5.304560065269470215e-01
5.453304052352905273e-01 4.546695947647094727e-01
4.694093465805053711e-01 5.305907130241394043e-01
2.801170349121093750e-01 7.198829650878906250e-01
3.426739275455474854e-01 6.573261022567749023e-01
3.852666616439819336e-01 6.147333383560180664e-01
3.043467402458190918e-01 6.956532597541809082e-01
3.339776396751403809e-01 6.660224199295043945e-01
4.407474994659423828e-01 5.592525005340576172e-01
3.282380402088165283e-01 6.717619895935058594e-01
4.148237109184265137e-01 5.851763486862182617e-01
2.928948998451232910e-01 7.071051001548767090e-01
3.752619624137878418e-01 6.247380375862121582e-01
6.746873259544372559e-01 3.253127038478851318e-01
4.233104884624481201e-01 5.766894817352294922e-01
5.745176672935485840e-01 4.254823327064514160e-01
2.863350510597229004e-01 7.136650085449218750e-01
2.784630656242370605e-01 7.215369343757629395e-01
5.468377470970153809e-01 4.531622827053070068e-01
2.421776205301284790e-01 7.578223943710327148e-01
3.600434660911560059e-01 6.399565339088439941e-01
3.651610612869262695e-01 6.348389387130737305e-01
3.362963199615478516e-01 6.637036800384521484e-01
3.011338114738464355e-01 6.988662481307983398e-01
6.560068726539611816e-01 3.439930677413940430e-01
5.499969720840454102e-01 4.500030279159545898e-01
3.536974787712097168e-01 6.463024616241455078e-01
4.091442227363586426e-01 5.908557772636413574e-01
6.912510991096496582e-01 3.087488710880279541e-01
4.383109509944915771e-01 5.616890192031860352e-01
2.977439165115356445e-01 7.022561430931091309e-01
6.469179987907409668e-01 3.530819416046142578e-01
3.580946028232574463e-01 6.419053673744201660e-01
5.957466959953308105e-01 4.042532742023468018e-01
3.506659567356109619e-01 6.493340730667114258e-01
8.652423024177551270e-01 1.347577273845672607e-01
4.842487871646881104e-01 5.157512426376342773e-01
5.795072317123413086e-01 4.204927980899810791e-01
4.088486433029174805e-01 5.911513566970825195e-01
5.446690917015075684e-01 4.553309381008148193e-01
5.887441039085388184e-01 4.112558960914611816e-01
4.498931467533111572e-01 5.501068234443664551e-01
3.699423670768737793e-01 6.300576329231262207e-01
5.060877799987792969e-01 4.939122200012207031e-01
5.501577854156494141e-01 4.498422443866729736e-01
3.211196064949035645e-01 6.788803339004516602e-01
3.369022309780120850e-01 6.630977988243103027e-01
6.512532234191894531e-01 3.487467765808105469e-01
6.661494374275207520e-01 3.338505327701568604e-01
4.745680391788482666e-01 5.254319310188293457e-01
3.385715484619140625e-01 6.614283919334411621e-01
4.826468825340270996e-01 5.173531174659729004e-01
6.492274403572082520e-01 3.507725596427917480e-01
4.160951972007751465e-01 5.839048027992248535e-01
4.521355032920837402e-01 5.478644371032714844e-01
6.331944465637207031e-01 3.668055236339569092e-01
3.415882587432861328e-01 6.584117412567138672e-01
5.150834918022155762e-01 4.849165081977844238e-01
6.037713289260864258e-01 3.962286412715911865e-01
4.357038140296936035e-01 5.642961859703063965e-01
5.867012143135070801e-01 4.132987856864929199e-01
4.614977240562438965e-01 5.385022163391113281e-01
4.424567520618438721e-01 5.575432777404785156e-01
5.820349454879760742e-01 4.179650247097015381e-01
2.594427168369293213e-01 7.405573129653930664e-01
6.159746050834655762e-01 3.840253651142120361e-01
3.095288872718811035e-01 6.904711127281188965e-01
4.750795960426330566e-01 5.249204039573669434e-01
4.647231996059417725e-01 5.352767705917358398e-01
3.322860002517700195e-01 6.677139401435852051e-01
5.240658521652221680e-01 4.759341180324554443e-01
3.578462302684783936e-01 6.421537995338439941e-01
3.473276197910308838e-01 6.526724100112915039e-01
5.010082721710205078e-01 4.989917278289794922e-01
4.344251453876495361e-01 5.655748844146728516e-01
6.094075441360473633e-01 3.905925154685974121e-01
4.747872650623321533e-01 5.252127647399902344e-01
4.865276813507080078e-01 5.134722590446472168e-01
4.041118621826171875e-01 5.958881378173828125e-01
5.629747509956359863e-01 4.370252490043640137e-01
4.712005853652954102e-01 5.287994742393493652e-01
6.833393573760986328e-01 3.166607022285461426e-01
4.811801314353942871e-01 5.188198685646057129e-01
5.067908763885498047e-01 4.932091832160949707e-01
7.612810134887695312e-01 2.387189716100692749e-01
4.036214053630828857e-01 5.963786244392395020e-01
3.389280736446380615e-01 6.610719561576843262e-01
3.466228246688842773e-01 6.533771753311157227e-01
6.944910883903503418e-01 3.055088818073272705e-01
4.854555130004882812e-01 5.145444869995117188e-01
4.046504795551300049e-01 5.953494906425476074e-01
3.944227695465087891e-01 6.055772304534912109e-01
4.024352133274078369e-01 5.975647568702697754e-01
4.587352871894836426e-01 5.412647128105163574e-01
5.185016393661499023e-01 4.814983904361724854e-01
5.673649311065673828e-01 4.326350688934326172e-01
3.449711501598358154e-01 6.550288796424865723e-01
6.452850103378295898e-01 3.547149896621704102e-01
3.452560305595397949e-01 6.547439098358154297e-01
6.978831291198730469e-01 3.021168410778045654e-01
3.139434158802032471e-01 6.860566139221191406e-01
4.131166636943817139e-01 5.868833065032958984e-01
5.465677380561828613e-01 4.534322917461395264e-01
4.951940178871154785e-01 5.048059821128845215e-01
3.050464391708374023e-01 6.949535608291625977e-01
6.343585848808288574e-01 3.656413853168487549e-01
4.011340737342834473e-01 5.988658666610717773e-01
5.822889208793640137e-01 4.177110791206359863e-01
7.263970375061035156e-01 2.736029624938964844e-01
5.671148300170898438e-01 4.328851997852325439e-01
4.816179573535919189e-01 5.183820128440856934e-01
3.830631077289581299e-01 6.169368624687194824e-01
3.006312847137451172e-01 6.993687748908996582e-01
3.437218666076660156e-01 6.562781333923339844e-01
4.643118381500244141e-01 5.356881618499755859e-01
4.635239541530609131e-01 5.364760160446166992e-01
4.149259030818939209e-01 5.850741267204284668e-01
2.927210330963134766e-01 7.072789669036865234e-01
4.128009676933288574e-01 5.871990323066711426e-01
6.128431558609008789e-01 3.871568143367767334e-01
3.906285464763641357e-01 6.093714237213134766e-01
4.872989356517791748e-01 5.127010941505432129e-01
6.308608651161193848e-01 3.691391348838806152e-01
2.141304314136505127e-01 7.858695387840270996e-01
4.704543948173522949e-01 5.295456051826477051e-01
3.383455574512481689e-01 6.616544723510742188e-01
4.207617640495300293e-01 5.792382359504699707e-01
6.413099169731140137e-01 3.586900830268859863e-01
7.689584493637084961e-01 2.310415208339691162e-01
2.501672506332397461e-01 7.498326897621154785e-01
3.633622825145721436e-01 6.366377472877502441e-01
3.435421288013458252e-01 6.564579010009765625e-01
3.205296695232391357e-01 6.794703006744384766e-01
6.276710629463195801e-01 3.723289668560028076e-01
4.012928009033203125e-01 5.987071394920349121e-01
5.131879448890686035e-01 4.868120849132537842e-01
7.788852453231811523e-01 2.211148142814636230e-01
3.467500507831573486e-01 6.532499790191650391e-01
3.435080647468566895e-01 6.564919352531433105e-01
4.862166345119476318e-01 5.137833952903747559e-01
6.220622658729553223e-01 3.779377639293670654e-01
3.295469880104064941e-01 6.704530715942382812e-01
6.967328190803527832e-01 3.032671809196472168e-01
4.812101125717163086e-01 5.187898874282836914e-01
6.374698281288146973e-01 3.625301420688629150e-01
2.429448217153549194e-01 7.570552229881286621e-01
3.125752508640289307e-01 6.874247193336486816e-01
5.028272867202758789e-01 4.971727728843688965e-01
5.621443390846252441e-01 4.378556609153747559e-01
5.614727735519409180e-01 4.385272264480590820e-01
5.113729834556579590e-01 4.886270463466644287e-01
5.836284756660461426e-01 4.163715243339538574e-01
4.692531824111938477e-01 5.307468175888061523e-01
7.061235308647155762e-01 2.938764989376068115e-01
4.957689642906188965e-01 5.042310357093811035e-01
3.852356076240539551e-01 6.147643923759460449e-01
3.056727349758148193e-01 6.943272948265075684e-01
3.303800821304321289e-01 6.696199178695678711e-01
6.491127014160156250e-01 3.508872687816619873e-01
3.254490792751312256e-01 6.745509505271911621e-01
3.128928244113922119e-01 6.871071457862854004e-01
3.892106711864471436e-01 6.107892990112304688e-01
4.266079962253570557e-01 5.733919739723205566e-01
7.465524673461914062e-01 2.534474730491638184e-01
5.194947123527526855e-01 4.805052876472473145e-01
5.548368692398071289e-01 4.451631307601928711e-01
2.850345075130462646e-01 7.149654626846313477e-01
3.510389029979705811e-01 6.489610671997070312e-01
5.723708271980285645e-01 4.276291728019714355e-01
5.022707581520080566e-01 4.977292716503143311e-01
4.466105699539184570e-01 5.533894300460815430e-01
3.997567296028137207e-01 6.002433300018310547e-01
2.311659455299377441e-01 7.688339948654174805e-01
3.478707373142242432e-01 6.521292924880981445e-01
3.769467175006866455e-01 6.230533123016357422e-01
4.661600887775421143e-01 5.338399410247802734e-01
3.105005323886871338e-01 6.894994974136352539e-01
4.666963219642639160e-01 5.333036780357360840e-01
3.704349994659423828e-01 6.295649409294128418e-01
2.835830450057983398e-01 7.164169549942016602e-01
3.167639672756195068e-01 6.832360029220581055e-01
5.297633409500122070e-01 4.702366590499877930e-01
5.605252385139465332e-01 4.394747912883758545e-01
3.208096921443939209e-01 6.791903376579284668e-01
3.136213719844818115e-01 6.863786578178405762e-01
4.183396995067596436e-01 5.816602706909179688e-01
5.467780232429504395e-01 4.532219469547271729e-01
3.034943640232086182e-01 6.965056061744689941e-01
2.985631227493286133e-01 7.014368772506713867e-01
3.358395099639892578e-01 6.641604900360107422e-01
8.652423024177551270e-01 1.347577273845672607e-01
5.365493893623352051e-01 4.634506404399871826e-01
3.865593969821929932e-01 6.134406328201293945e-01
5.809413194656372070e-01 4.190586507320404053e-01
2.858245372772216797e-01 7.141754627227783203e-01
5.799066424369812012e-01 4.200933277606964111e-01
4.290261566638946533e-01 5.709738135337829590e-01
3.218234479427337646e-01 6.781765818595886230e-01
6.109732985496520996e-01 3.890267312526702881e-01
3.655302822589874268e-01 6.344696879386901855e-01
7.169032692909240723e-01 2.830967009067535400e-01
4.495451450347900391e-01 5.504548549652099609e-01
2.730147242546081543e-01 7.269853353500366211e-01
3.616520166397094727e-01 6.383479833602905273e-01
3.956953287124633789e-01 6.043046712875366211e-01
2.985651493072509766e-01 7.014348506927490234e-01
5.082591176033020020e-01 4.917409121990203857e-01
4.794689714908599854e-01 5.205310583114624023e-01
3.020620942115783691e-01 6.979379057884216309e-01
7.065556049346923828e-01 2.934443652629852295e-01
3.701374828815460205e-01 6.298625469207763672e-01
4.478075504302978516e-01 5.521924495697021484e-01
3.727945983409881592e-01 6.272054314613342285e-01
3.863571882247924805e-01 6.136428117752075195e-01
4.493525028228759766e-01 5.506474971771240234e-01
4.426220059394836426e-01 5.573779940605163574e-01
4.778228998184204102e-01 5.221771001815795898e-01
2.783439755439758301e-01 7.216560244560241699e-01
3.549975752830505371e-01 6.450024843215942383e-01
3.440666794776916504e-01 6.559333205223083496e-01
4.936851859092712402e-01 5.063147544860839844e-01
3.284813463687896729e-01 6.715186238288879395e-01
3.902028203010559082e-01 6.097971796989440918e-01
4.621876180171966553e-01 5.378123521804809570e-01
4.163702428340911865e-01 5.836297869682312012e-01
2.781606912612915039e-01 7.218393087387084961e-01
4.498049020767211914e-01 5.501950979232788086e-01
6.827940940856933594e-01 3.172059059143066406e-01
3.164709508419036865e-01 6.835290789604187012e-01
5.174129605293273926e-01 4.825870990753173828e-01
3.162930309772491455e-01 6.837069988250732422e-01
3.926966786384582520e-01 6.073033213615417480e-01
3.549157381057739258e-01 6.450842022895812988e-01
6.639079451560974121e-01 3.360921144485473633e-01
6.068914532661437988e-01 3.931085765361785889e-01
3.562074899673461914e-01 6.437925100326538086e-01
3.651610612869262695e-01 6.348389387130737305e-01
5.709990262985229492e-01 4.290009737014770508e-01
3.712224960327148438e-01 6.287775635719299316e-01
5.010321140289306641e-01 4.989679157733917236e-01
2.752729058265686035e-01 7.247270941734313965e-01
4.732788205146789551e-01 5.267211794853210449e-01
4.325071573257446289e-01 5.674928426742553711e-01
4.960440099239349365e-01 5.039560198783874512e-01
4.531829357147216797e-01 5.468170642852783203e-01
4.536753594875335693e-01 5.463246703147888184e-01
6.407724618911743164e-01 3.592275381088256836e-01
6.464887857437133789e-01 3.535112440586090088e-01
5.911463499069213867e-01 4.088536202907562256e-01
5.966364741325378418e-01 4.033635258674621582e-01
4.228985905647277832e-01 5.771014094352722168e-01
4.697092473506927490e-01 5.302907824516296387e-01
3.956952989101409912e-01 6.043046712875366211e-01
6.009584069252014160e-01 3.990416228771209717e-01
5.770839452743530273e-01 4.229160249233245850e-01
4.175396859645843506e-01 5.824602842330932617e-01
3.961724340915679932e-01 6.038275361061096191e-01
5.457014441490173340e-01 4.542984962463378906e-01
3.361784517765045166e-01 6.638215184211730957e-01
5.464283823966979980e-01 4.535716176033020020e-01
3.992956578731536865e-01 6.007043719291687012e-01
5.316078662872314453e-01 4.683921635150909424e-01
2.890399992465972900e-01 7.109600305557250977e-01
4.260754287242889404e-01 5.739246010780334473e-01
2.486644089221954346e-01 7.513356208801269531e-01
4.081561863422393799e-01 5.918437838554382324e-01
7.539151310920715332e-01 2.460848540067672729e-01
6.123971939086914062e-01 3.876028656959533691e-01
3.536340296268463135e-01 6.463659405708312988e-01
5.356404185295104980e-01 4.643596112728118896e-01
3.008676171302795410e-01 6.991323232650756836e-01
2.885581851005554199e-01 7.114418745040893555e-01
4.332366287708282471e-01 5.667634010314941406e-01
5.387017130851745605e-01 4.612982571125030518e-01
5.339741110801696777e-01 4.660259485244750977e-01
4.253473877906799316e-01 5.746526122093200684e-01
4.767794013023376465e-01 5.232205390930175781e-01
3.212881088256835938e-01 6.787119507789611816e-01
5.636115074157714844e-01 4.363884627819061279e-01
4.270658493041992188e-01 5.729340910911560059e-01
2.908697426319122314e-01 7.091302275657653809e-01
4.112410247325897217e-01 5.887590050697326660e-01
3.930257558822631836e-01 6.069743037223815918e-01
5.198867321014404297e-01 4.801132678985595703e-01
2.451613247394561768e-01 7.548386454582214355e-01
3.804285526275634766e-01 6.195714473724365234e-01
7.030122876167297363e-01 2.969877123832702637e-01
3.087803423404693604e-01 6.912196874618530273e-01
6.171745657920837402e-01 3.828254938125610352e-01
5.296950340270996094e-01 4.703049063682556152e-01
3.582005798816680908e-01 6.417993903160095215e-01
4.166649580001831055e-01 5.833351016044616699e-01
5.859129428863525391e-01 4.140870273113250732e-01
4.819642007350921631e-01 5.180358290672302246e-01
6.587921977043151855e-01 3.412077426910400391e-01
3.503772318363189697e-01 6.496227383613586426e-01
5.865472555160522461e-01 4.134527742862701416e-01
3.011327087879180908e-01 6.988672614097595215e-01
4.359098672866821289e-01 5.640901327133178711e-01
3.613708317279815674e-01 6.386291980743408203e-01
3.290169239044189453e-01 6.709830760955810547e-01
6.897461414337158203e-01 3.102538585662841797e-01
5.231717228889465332e-01 4.768282175064086914e-01
3.676337301731109619e-01 6.323662996292114258e-01
5.209723114967346191e-01 4.790276587009429932e-01
4.655008614063262939e-01 5.344991087913513184e-01
2.478833496570587158e-01 7.521166205406188965e-01
3.036592900753021240e-01 6.963406801223754883e-01
3.079556226730346680e-01 6.920444369316101074e-01
3.252382278442382812e-01 6.747617721557617188e-01
3.068044781684875488e-01 6.931954622268676758e-01
3.909718990325927734e-01 6.090281009674072266e-01
3.103535771369934082e-01 6.896464228630065918e-01
3.678763806819915771e-01 6.321236491203308105e-01
5.337148308753967285e-01 4.662851691246032715e-01
4.220452606678009033e-01 5.779547095298767090e-01
6.246401667594909668e-01 3.753598630428314209e-01
4.742206037044525146e-01 5.257794260978698730e-01
4.266821146011352539e-01 5.733178853988647461e-01
3.354664742946624756e-01 6.645334959030151367e-01
3.522945046424865723e-01 6.477055549621582031e-01
5.672047138214111328e-01 4.327953159809112549e-01
4.797322750091552734e-01 5.202677249908447266e-01
3.699530661106109619e-01 6.300469040870666504e-01
5.134889483451843262e-01 4.865110218524932861e-01
4.709775447845458984e-01 5.290225148200988770e-01
3.195030689239501953e-01 6.804969310760498047e-01
6.397388577461242676e-01 3.602611124515533447e-01
5.459704399108886719e-01 4.540295600891113281e-01
2.789142429828643799e-01 7.210857272148132324e-01
6.708293557167053223e-01 3.291706442832946777e-01
4.594098031520843506e-01 5.405901670455932617e-01
3.745094537734985352e-01 6.254906058311462402e-01
3.223713934421539307e-01 6.776285767555236816e-01
3.939681053161621094e-01 6.060319542884826660e-01
4.197960495948791504e-01 5.802039504051208496e-01
3.748657703399658203e-01 6.251342892646789551e-01
4.439188539981842041e-01 5.560811161994934082e-01
4.255484938621520996e-01 5.744515061378479004e-01
3.399938941001892090e-01 6.600061058998107910e-01
2.913964986801147461e-01 7.086034417152404785e-01
5.146297812461853027e-01 4.853702187538146973e-01
6.245346665382385254e-01 3.754653334617614746e-01
3.100767433643341064e-01 6.899232268333435059e-01
4.507386088371276855e-01 5.492613911628723145e-01
5.767788290977478027e-01 4.232211709022521973e-01
5.717997550964355469e-01 4.282002747058868408e-01
4.244062900543212891e-01 5.755937099456787109e-01
6.240002512931823730e-01 3.759997487068176270e-01
4.122239053249359131e-01 5.877760648727416992e-01
5.050649046897888184e-01 4.949350655078887939e-01
3.732139468193054199e-01 6.267861127853393555e-01
3.700825273990631104e-01 6.299175024032592773e-01
3.831397294998168945e-01 6.168602705001831055e-01
6.284348368644714355e-01 3.715652227401733398e-01
4.393739402294158936e-01 5.606260895729064941e-01
4.244139492511749268e-01 5.755860805511474609e-01
2.668813467025756836e-01 7.331186532974243164e-01
5.712779164314270020e-01 4.287220835685729980e-01
4.049486815929412842e-01 5.950513482093811035e-01
3.673699498176574707e-01 6.326299905776977539e-01
4.285056591033935547e-01 5.714943408966064453e-01
5.119482874870300293e-01 4.880517125129699707e-01
6.555615663528442383e-01 3.444384038448333740e-01
4.971992969512939453e-01 5.028007030487060547e-01
3.281284272670745850e-01 6.718715429306030273e-01
4.047313928604125977e-01 5.952686667442321777e-01
4.601702690124511719e-01 5.398296713829040527e-01
4.811412990093231201e-01 5.188586711883544922e-01
5.026182532310485840e-01 4.973817765712738037e-01
2.661737203598022461e-01 7.338263392448425293e-01
3.175230920314788818e-01 6.824768781661987305e-01
3.489570915699005127e-01 6.510428786277770996e-01
6.182600259780883789e-01 3.817399144172668457e-01
5.875779986381530762e-01 4.124220311641693115e-01
3.508304059505462646e-01 6.491695642471313477e-01
3.370406627655029297e-01 6.629593968391418457e-01
6.232087612152099609e-01 3.767912685871124268e-01
3.991327881813049316e-01 6.008671522140502930e-01
6.910320520401000977e-01 3.089680075645446777e-01
3.857825100421905518e-01 6.142175197601318359e-01
5.138365626335144043e-01 4.861634671688079834e-01
3.001286685466766357e-01 6.998713612556457520e-01
3.499445617198944092e-01 6.500554680824279785e-01
3.199923038482666016e-01 6.800076961517333984e-01
4.650757014751434326e-01 5.349243283271789551e-01
2.897737026214599609e-01 7.102262973785400391e-01
5.971374511718750000e-01 4.028626084327697754e-01
3.473405539989471436e-01 6.526594161987304688e-01
3.303663730621337891e-01 6.696336269378662109e-01
3.189662396907806396e-01 6.810337901115417480e-01
3.256512582302093506e-01 6.743487119674682617e-01
2.635455131530761719e-01 7.364544272422790527e-01
3.113212585449218750e-01 6.886786818504333496e-01
3.827214539051055908e-01 6.172785162925720215e-01
2.526582777500152588e-01 7.473417520523071289e-01
5.715229511260986328e-01 4.284770786762237549e-01
2.221414148807525635e-01 7.778586149215698242e-01
4.493805170059204102e-01 5.506195425987243652e-01
4.373860657215118408e-01 5.626139044761657715e-01
7.774997949600219727e-01 2.225001603364944458e-01
3.565967977046966553e-01 6.434032320976257324e-01
3.784472942352294922e-01 6.215527057647705078e-01
5.830595493316650391e-01 4.169404208660125732e-01
4.875346720218658447e-01 5.124653577804565430e-01
4.582833051681518555e-01 5.417166352272033691e-01
4.570657014846801758e-01 5.429342389106750488e-01
3.339522778987884521e-01 6.660477519035339355e-01
4.650105834007263184e-01 5.349894165992736816e-01
3.619523644447326660e-01 6.380476951599121094e-01
4.260754287242889404e-01 5.739246010780334473e-01
5.948721170425415039e-01 4.051278531551361084e-01
5.042409300804138184e-01 4.957590699195861816e-01
5.976905822753906250e-01 4.023094475269317627e-01
2.354373633861541748e-01 7.645626664161682129e-01
4.711630344390869141e-01 5.288369655609130859e-01
5.506253838539123535e-01 4.493746161460876465e-01
5.733659267425537109e-01 4.266340732574462891e-01
7.271335721015930176e-01 2.728664278984069824e-01
6.945934891700744629e-01 3.054065406322479248e-01
5.834792256355285645e-01 4.165207743644714355e-01
3.807479739189147949e-01 6.192520260810852051e-01
4.551298618316650391e-01 5.448701381683349609e-01
4.978514015674591064e-01 5.021486282348632812e-01
2.436700761318206787e-01 7.563299536705017090e-01
4.006581008434295654e-01 5.993419289588928223e-01
4.467431306838989258e-01 5.532568693161010742e-01
6.938908100128173828e-01 3.061091303825378418e-01
3.674717545509338379e-01 6.325281858444213867e-01
7.871870398521423340e-01 2.128129452466964722e-01
8.842629194259643555e-01 1.157371252775192261e-01
5.205861926078796387e-01 4.794138371944427490e-01
4.391688108444213867e-01 5.608311891555786133e-01
4.569214582443237305e-01 5.430785417556762695e-01
5.066358447074890137e-01 4.933641254901885986e-01
6.805427670478820801e-01 3.194572329521179199e-01
4.143973290920257568e-01 5.856026411056518555e-01
4.675250351428985596e-01 5.324749350547790527e-01
6.577267646789550781e-01 3.422732651233673096e-01
7.584033608436584473e-01 2.415965944528579712e-01
3.966138362884521484e-01 6.033861637115478516e-01
4.825112521648406982e-01 5.174887776374816895e-01
6.348370313644409180e-01 3.651629388332366943e-01
3.551082909107208252e-01 6.448916792869567871e-01
6.479875445365905762e-01 3.520124256610870361e-01
2.933724224567413330e-01 7.066276073455810547e-01
2.623199820518493652e-01 7.376800179481506348e-01
4.241334795951843262e-01 5.758665800094604492e-01
5.455299615859985352e-01 4.544700384140014648e-01
5.322670340538024902e-01 4.677329659461975098e-01
3.544867336750030518e-01 6.455132961273193359e-01
5.663315057754516602e-01 4.336684942245483398e-01
3.702345192432403564e-01 6.297654509544372559e-01
5.817263722419738770e-01 4.182736277580261230e-01
4.085747003555297852e-01 5.914252400398254395e-01
3.140500187873840332e-01 6.859499812126159668e-01
5.581247806549072266e-01 4.418752193450927734e-01
3.876989185810089111e-01 6.123010516166687012e-01
4.639941751956939697e-01 5.360057950019836426e-01
3.401004970073699951e-01 6.598994731903076172e-01
6.461921334266662598e-01 3.538078963756561279e-01
6.016946434974670410e-01 3.983053863048553467e-01
3.786402344703674316e-01 6.213597655296325684e-01
6.468405723571777344e-01 3.531594574451446533e-01
4.164229333400726318e-01 5.835770964622497559e-01
5.375331640243530273e-01 4.624668061733245850e-01
3.231567740440368652e-01 6.768432259559631348e-01
4.509434998035430908e-01 5.490564703941345215e-01
4.530668258666992188e-01 5.469331741333007812e-01
4.716883599758148193e-01 5.283116698265075684e-01
4.466390907764434814e-01 5.533608794212341309e-01
5.188503265380859375e-01 4.811497032642364502e-01
3.062547743320465088e-01 6.937452554702758789e-01
4.667481482028961182e-01 5.332518815994262695e-01
4.644709527492523193e-01 5.355290174484252930e-01
2.505474686622619629e-01 7.494525313377380371e-01
2.520318031311035156e-01 7.479681968688964844e-01
6.096712350845336914e-01 3.903287351131439209e-01
2.839069664478302002e-01 7.160930037498474121e-01
6.136516332626342773e-01 3.863483965396881104e-01
3.840801715850830078e-01 6.159198880195617676e-01
7.433038353919982910e-01 2.566961944103240967e-01
2.819044291973114014e-01 7.180956006050109863e-01
2.903279066085815430e-01 7.096720933914184570e-01
3.834811151027679443e-01 6.165188550949096680e-01
6.022612452507019043e-01 3.977386951446533203e-01
3.732165694236755371e-01 6.267834305763244629e-01
7.209271788597106934e-01 2.790727615356445312e-01
5.153757929801940918e-01 4.846241772174835205e-01
4.154024422168731689e-01 5.845975875854492188e-01
5.410330891609191895e-01 4.589668810367584229e-01
6.229518055915832520e-01 3.770481646060943604e-01
5.917531251907348633e-01 4.082469344139099121e-01
3.801600039005279541e-01 6.198399662971496582e-01
4.293067455291748047e-01 5.706932544708251953e-01
5.575672984123229980e-01 4.424327313899993896e-01
3.199215531349182129e-01 6.800784468650817871e-01
2.763534188270568848e-01 7.236465811729431152e-01
2.770053446292877197e-01 7.229946851730346680e-01
6.627686619758605957e-01 3.372313380241394043e-01
6.001559495925903320e-01 3.998439908027648926e-01
3.647700846195220947e-01 6.352298855781555176e-01
3.185113668441772461e-01 6.814885735511779785e-01
6.317861676216125488e-01 3.682137727737426758e-01
3.256288766860961914e-01 6.743711829185485840e-01
3.590500950813293457e-01 6.409499645233154297e-01
4.450445771217346191e-01 5.549554228782653809e-01
4.373562335968017578e-01 5.626437664031982422e-01
4.618668854236602783e-01 5.381331443786621094e-01
5.165457725524902344e-01 4.834542274475097656e-01
3.714642822742462158e-01 6.285356879234313965e-01
3.864428997039794922e-01 6.135571002960205078e-01
5.794118642807006836e-01 4.205881655216217041e-01
5.515138506889343262e-01 4.484861493110656738e-01
3.027530312538146973e-01 6.972470283508300781e-01
4.404389262199401855e-01 5.595610737800598145e-01
4.519404172897338867e-01 5.480595827102661133e-01
3.549044728279113770e-01 6.450955271720886230e-01
4.516281187534332275e-01 5.483718514442443848e-01
5.106577873229980469e-01 4.893421828746795654e-01
5.115056633949279785e-01 4.884943366050720215e-01
4.765698611736297607e-01 5.234301686286926270e-01
3.412287533283233643e-01 6.587712764739990234e-01
4.225017428398132324e-01 5.774982571601867676e-01
2.821815907955169678e-01 7.178183794021606445e-01
7.112317681312561035e-01 2.887682318687438965e-01
5.051584243774414062e-01 4.948415756225585938e-01
2.920834720134735107e-01 7.079164981842041016e-01
5.080161690711975098e-01 4.919838607311248779e-01
3.133215904235839844e-01 6.866784095764160156e-01
5.188915133476257324e-01 4.811084866523742676e-01
3.063858151435852051e-01 6.936141848564147949e-01
6.590433716773986816e-01 3.409566283226013184e-01
2.633168697357177734e-01 7.366831302642822266e-01
4.919660687446594238e-01 5.080339312553405762e-01
5.115596652030944824e-01 4.884403347969055176e-01
5.068473219871520996e-01 4.931526482105255127e-01
2.530353367328643799e-01 7.469646930694580078e-01
4.648754894733428955e-01 5.351244807243347168e-01
5.537866950035095215e-01 4.462133049964904785e-01
3.254105448722839355e-01 6.745894551277160645e-01
3.407809436321258545e-01 6.592190861701965332e-01
3.145070672035217285e-01 6.854929924011230469e-01
5.957795381546020508e-01 4.042204916477203369e-01
4.778677821159362793e-01 5.221322178840637207e-01
3.862814307212829590e-01 6.137185096740722656e-01
5.558026432991027832e-01 4.441973268985748291e-01
2.975492775440216064e-01 7.024507522583007812e-01
2.499965578317642212e-01 7.500033974647521973e-01
3.503834605216979980e-01 6.496165394783020020e-01
4.820438027381896973e-01 5.179561972618103027e-01
2.966508865356445312e-01 7.033491134643554688e-01
3.288308978080749512e-01 6.711691021919250488e-01
3.214413821697235107e-01 6.785586476325988770e-01
3.570978045463562012e-01 6.429021358489990234e-01
5.758787989616394043e-01 4.241211712360382080e-01
6.565505266189575195e-01 3.434494435787200928e-01
5.147731304168701172e-01 4.852268397808074951e-01
4.774353802204132080e-01 5.225645899772644043e-01
3.495378494262695312e-01 6.504621505737304688e-01
2.894600331783294678e-01 7.105399966239929199e-01
3.642773032188415527e-01 6.357226967811584473e-01
3.811056017875671387e-01 6.188944578170776367e-01
4.623594582080841064e-01 5.376405119895935059e-01
7.341998815536499023e-01 2.658001482486724854e-01
3.522613048553466797e-01 6.477386951446533203e-01
4.067616462707519531e-01 5.932382941246032715e-01
4.519296288490295410e-01 5.480703711509704590e-01
6.504587531089782715e-01 3.495412468910217285e-01
2.734447121620178223e-01 7.265552878379821777e-01
4.420848786830902100e-01 5.579150915145874023e-01
3.701847195625305176e-01 6.298152804374694824e-01
6.215775609016418457e-01 3.784224092960357666e-01
5.085896849632263184e-01 4.914102852344512939e-01
5.464523434638977051e-01 4.535476565361022949e-01
3.415143787860870361e-01 6.584856510162353516e-01
2.598624825477600098e-01 7.401374578475952148e-01
5.843190550804138184e-01 4.156809151172637939e-01
7.496404051780700684e-01 2.503596246242523193e-01
2.920720875263214111e-01 7.079278826713562012e-01
5.259468555450439453e-01 4.740531444549560547e-01
4.118537604808807373e-01 5.881462097167968750e-01
3.387213051319122314e-01 6.612786650657653809e-01
5.038233995437622070e-01 4.961766302585601807e-01
4.774504899978637695e-01 5.225495696067810059e-01
6.635864973068237305e-01 3.364135026931762695e-01
2.828091084957122803e-01 7.171908617019653320e-01
4.316868782043457031e-01 5.683131217956542969e-01
5.048332214355468750e-01 4.951667189598083496e-01
4.921296536922454834e-01 5.078703761100769043e-01
7.047877907752990723e-01 2.952121496200561523e-01
6.684590578079223633e-01 3.315409719944000244e-01
3.830539286136627197e-01 6.169460415840148926e-01
3.894700706005096436e-01 6.105299592018127441e-01
3.579712212085723877e-01 6.420287489891052246e-01
3.245881497859954834e-01 6.754118800163269043e-01
4.263455569744110107e-01 5.736544132232666016e-01
2.643214464187622070e-01 7.356784939765930176e-01
5.737069845199584961e-01 4.262929856777191162e-01
2.849440276622772217e-01 7.150560021400451660e-01
4.815827012062072754e-01 5.184172987937927246e-01
3.659472465515136719e-01 6.340527534484863281e-01
6.270066499710083008e-01 3.729932904243469238e-01
4.263930916786193848e-01 5.736069083213806152e-01
3.812456727027893066e-01 6.187543272972106934e-01
3.237046301364898682e-01 6.762953400611877441e-01
2.537030279636383057e-01 7.462970018386840820e-01
3.314191997051239014e-01 6.685807704925537109e-01
4.245252013206481934e-01 5.754747390747070312e-01
5.765886902809143066e-01 4.234113395214080811e-01
5.101013779640197754e-01 4.898986220359802246e-01
4.444819986820220947e-01 5.555179715156555176e-01
6.795842647552490234e-01 3.204157650470733643e-01
5.132859945297241211e-01 4.867140054702758789e-01
6.298477649688720703e-01 3.701522350311279297e-01
3.506282866001129150e-01 6.493716835975646973e-01
4.171393811702728271e-01 5.828605890274047852e-01
5.038076043128967285e-01 4.961923658847808838e-01
3.858529925346374512e-01 6.141470074653625488e-01
4.037820696830749512e-01 5.962179303169250488e-01
5.401109457015991211e-01 4.598890542984008789e-01
5.294363498687744141e-01 4.705636203289031982e-01
6.760625839233398438e-01 3.239374458789825439e-01
6.215497851371765137e-01 3.784502148628234863e-01
3.004116714000701904e-01 6.995883584022521973e-01
3.769054412841796875e-01 6.230945587158203125e-01
3.739772140979766846e-01 6.260228157043457031e-01
6.398279070854187012e-01 3.601720631122589111e-01
3.821594715118408203e-01 6.178404688835144043e-01
3.715514540672302246e-01 6.284485459327697754e-01
3.658640980720520020e-01 6.341359019279479980e-01
3.126475512981414795e-01 6.873524188995361328e-01
2.768878042697906494e-01 7.231122255325317383e-01
4.367714822292327881e-01 5.632284879684448242e-01
5.128414630889892578e-01 4.871585965156555176e-01
4.443913400173187256e-01 5.556086301803588867e-01
2.466931194067001343e-01 7.533068656921386719e-01
3.523560464382171631e-01 6.476439237594604492e-01
3.100740313529968262e-01 6.899259090423583984e-01
4.720744192600250244e-01 5.279255509376525879e-01
4.351523816585540771e-01 5.648475885391235352e-01
4.788752496242523193e-01 5.211247205734252930e-01
4.448525607585906982e-01 5.551474690437316895e-01
2.942369878292083740e-01 7.057630419731140137e-01
3.653001785278320312e-01 6.346998214721679688e-01
4.103481769561767578e-01 5.896518826484680176e-01
4.262127876281738281e-01 5.737872123718261719e-01
5.069064497947692871e-01 4.930936098098754883e-01
2.704000174999237061e-01 7.296000123023986816e-01
4.932032227516174316e-01 5.067967772483825684e-01
5.310868024826049805e-01 4.689131975173950195e-01
3.655357360839843750e-01 6.344643235206604004e-01
5.121486186981201172e-01 4.878514111042022705e-01
2.505741417407989502e-01 7.494258284568786621e-01
5.004546642303466797e-01 4.995453357696533203e-01
6.049502491950988770e-01 3.950497210025787354e-01
5.891596078872680664e-01 4.108404219150543213e-01
3.085190653800964355e-01 6.914809942245483398e-01
3.356532454490661621e-01 6.643467545509338379e-01
5.302625894546508789e-01 4.697374403476715088e-01
3.006834685802459717e-01 6.993165016174316406e-01
2.536635398864746094e-01 7.463365197181701660e-01
4.840097427368164062e-01 5.159902572631835938e-01
4.694766402244567871e-01 5.305233597755432129e-01
5.703653097152709961e-01 4.296347200870513916e-01
7.032179832458496094e-01 2.967820167541503906e-01
4.288860261440277100e-01 5.711140036582946777e-01
5.044555664062500000e-01 4.955443739891052246e-01
7.338681221008300781e-01 2.661318778991699219e-01
3.651610612869262695e-01 6.348389387130737305e-01
4.041751027107238770e-01 5.958248972892761230e-01
5.621235370635986328e-01 4.378764331340789795e-01
5.353961586952209473e-01 4.646038711071014404e-01
5.015549659729003906e-01 4.984450340270996094e-01
4.606221914291381836e-01 5.393778085708618164e-01
5.590769648551940918e-01 4.409230351448059082e-01
5.602019429206848145e-01 4.397980868816375732e-01
5.207974910736083984e-01 4.792025387287139893e-01
3.687125146389007568e-01 6.312874555587768555e-01
5.272159576416015625e-01 4.727840721607208252e-01
5.783418416976928711e-01 4.216581881046295166e-01
4.099947512149810791e-01 5.900052785873413086e-01
4.677766263484954834e-01 5.322234034538269043e-01
2.802294492721557617e-01 7.197706103324890137e-01
3.873517215251922607e-01 6.126482486724853516e-01
5.513671040534973145e-01 4.486329257488250732e-01
4.151820838451385498e-01 5.848178863525390625e-01
4.575419127941131592e-01 5.424580574035644531e-01
3.559840023517608643e-01 6.440159678459167480e-01
5.082982182502746582e-01 4.917017519474029541e-01
4.906708300113677979e-01 5.093291401863098145e-01
3.679561316967010498e-01 6.320438981056213379e-01
6.040701866149902344e-01 3.959297835826873779e-01
4.346148669719696045e-01 5.653851628303527832e-01
5.767490863800048828e-01 4.232508540153503418e-01
5.039903521537780762e-01 4.960096776485443115e-01
4.475705921649932861e-01 5.524294376373291016e-01
3.415676355361938477e-01 6.584323644638061523e-01
2.960354387760162354e-01 7.039645910263061523e-01
5.859402418136596680e-01 4.140597581863403320e-01
3.242954015731811523e-01 6.757045984268188477e-01
2.218994945287704468e-01 7.781004905700683594e-01
3.173320889472961426e-01 6.826679706573486328e-01
4.313801825046539307e-01 5.686197876930236816e-01
2.597455978393554688e-01 7.402544021606445312e-01
4.366648793220520020e-01 5.633351802825927734e-01
3.972092270851135254e-01 6.027907729148864746e-01
4.617426097393035889e-01 5.382574200630187988e-01
5.086001157760620117e-01 4.913998842239379883e-01
3.130183517932891846e-01 6.869816780090332031e-01
3.195390105247497559e-01 6.804609894752502441e-01
3.468233942985534668e-01 6.531765460968017578e-01
3.872126936912536621e-01 6.127873063087463379e-01
3.847623765468597412e-01 6.152376532554626465e-01
4.909032881259918213e-01 5.090967416763305664e-01
5.368567109107971191e-01 4.631432890892028809e-01
5.124678015708923340e-01 4.875322282314300537e-01
3.011789917945861816e-01 6.988210082054138184e-01
5.746497511863708496e-01 4.253502190113067627e-01
2.753730118274688721e-01 7.246269583702087402e-01
5.644752979278564453e-01 4.355247020721435547e-01
3.892853558063507080e-01 6.107146739959716797e-01
4.580688178539276123e-01 5.419311523437500000e-01
3.946698307991027832e-01 6.053301095962524414e-01
3.204765021800994873e-01 6.795234680175781250e-01
3.624524474143981934e-01 6.375474929809570312e-01
3.942880034446716309e-01 6.057119965553283691e-01
3.979442715644836426e-01 6.020556688308715820e-01
4.524994492530822754e-01 5.475006103515625000e-01
3.541574478149414062e-01 6.458424925804138184e-01
3.098547160625457764e-01 6.901452541351318359e-01
3.535711169242858887e-01 6.464288830757141113e-01
3.212474584579467773e-01 6.787525415420532227e-01
3.299980163574218750e-01 6.700019240379333496e-01
3.063135147094726562e-01 6.936864852905273438e-01
5.462220311164855957e-01 4.537779986858367920e-01
4.290970265865325928e-01 5.709030032157897949e-01
3.165897727012634277e-01 6.834102272987365723e-01
3.098431825637817383e-01 6.901568174362182617e-01
2.550361454486846924e-01 7.449638247489929199e-01
3.157418072223663330e-01 6.842582225799560547e-01
8.778606653213500977e-01 1.221393868327140808e-01
3.591465651988983154e-01 6.408534049987792969e-01
3.020454049110412598e-01 6.979546546936035156e-01
4.154852330684661865e-01 5.845147371292114258e-01
5.416448116302490234e-01 4.583552181720733643e-01
3.871068954467773438e-01 6.128931045532226562e-01
4.324354827404022217e-01 5.675644874572753906e-01
3.849879503250122070e-01 6.150120496749877930e-01
6.849396228790283203e-01 3.150604367256164551e-01
5.263357758522033691e-01 4.736642539501190186e-01
3.676059246063232422e-01 6.323941349983215332e-01
4.280351102352142334e-01 5.719649195671081543e-01
3.651610612869262695e-01 6.348389387130737305e-01
4.005610942840576172e-01 5.994389057159423828e-01
7.693253159523010254e-01 2.306746989488601685e-01
3.603686988353729248e-01 6.396312713623046875e-01
4.445028305053710938e-01 5.554971694946289062e-01
5.518414974212646484e-01 4.481585323810577393e-01
3.639685511589050293e-01 6.360314488410949707e-01
4.755608737468719482e-01 5.244390964508056641e-01
7.823733687400817871e-01 2.176266312599182129e-01
4.091219902038574219e-01 5.908780097961425781e-01
6.159086227416992188e-01 3.840913772583007812e-01
4.479143023490905762e-01 5.520856976509094238e-01
2.615783214569091797e-01 7.384217381477355957e-01
3.415324985980987549e-01 6.584675312042236328e-01
3.447628319263458252e-01 6.552371382713317871e-01
2.927154302597045898e-01 7.072845697402954102e-01
2.822681367397308350e-01 7.177318334579467773e-01
6.361800432205200195e-01 3.638199865818023682e-01
3.564328253269195557e-01 6.435671448707580566e-01
4.257031977176666260e-01 5.742967724800109863e-01
7.269975543022155762e-01 2.730024158954620361e-01
4.770439267158508301e-01 5.229560136795043945e-01
4.866726100444793701e-01 5.133274197578430176e-01
5.767705440521240234e-01 4.232294559478759766e-01
3.412442803382873535e-01 6.587556600570678711e-01
4.236839413642883301e-01 5.763160586357116699e-01
5.925781130790710449e-01 4.074219167232513428e-01
3.429800570011138916e-01 6.570199728012084961e-01
4.490449726581573486e-01 5.509549975395202637e-01
5.267275571823120117e-01 4.732724428176879883e-01
4.748469293117523193e-01 5.251530408859252930e-01
2.864410877227783203e-01 7.135588526725769043e-01
2.792043685913085938e-01 7.207956314086914062e-01
4.796181619167327881e-01 5.203818678855895996e-01
3.715123236179351807e-01 6.284876465797424316e-01
3.236587643623352051e-01 6.763412952423095703e-01
5.055427551269531250e-01 4.944572448730468750e-01
4.772648215293884277e-01 5.227351784706115723e-01
4.332427680492401123e-01 5.667572617530822754e-01
3.291597664356231689e-01 6.708402633666992188e-01
5.385642647743225098e-01 4.614357054233551025e-01
4.625934064388275146e-01 5.374066233634948730e-01
4.982247650623321533e-01 5.017752051353454590e-01
5.060595273971557617e-01 4.939404129981994629e-01
5.747582912445068359e-01 4.252416491508483887e-01
2.677718698978424072e-01 7.322281002998352051e-01
2.960985004901885986e-01 7.039014697074890137e-01
6.049211025238037109e-01 3.950789272785186768e-01
4.727148711681365967e-01 5.272850990295410156e-01
3.465948402881622314e-01 6.534051895141601562e-01
3.328832387924194336e-01 6.671167612075805664e-01
4.302567839622497559e-01 5.697432160377502441e-01
3.981269598007202148e-01 6.018730401992797852e-01
4.421656429767608643e-01 5.578343272209167480e-01
3.630803227424621582e-01 6.369196772575378418e-01
5.895985960960388184e-01 4.104014635086059570e-01
5.288018584251403809e-01 4.711981117725372314e-01
3.651610612869262695e-01 6.348389387130737305e-01
2.977301776409149170e-01 7.022697925567626953e-01
5.296089053153991699e-01 4.703910648822784424e-01
3.775865435600280762e-01 6.224134564399719238e-01
4.753610193729400635e-01 5.246390104293823242e-01
5.321052670478820801e-01 4.678947031497955322e-01
4.754762053489685059e-01 5.245237946510314941e-01
6.967451572418212891e-01 3.032548725605010986e-01
6.270551085472106934e-01 3.729448318481445312e-01
5.957105755805969238e-01 4.042894542217254639e-01
4.855463802814483643e-01 5.144536495208740234e-01
3.366547226905822754e-01 6.633453369140625000e-01
4.588235318660736084e-01 5.411764383316040039e-01
3.724016547203063965e-01 6.275983452796936035e-01
8.925517201423645020e-01 1.074482649564743042e-01
5.783060789108276367e-01 4.216939210891723633e-01
4.039878547191619873e-01 5.960121750831604004e-01
2.464155405759811401e-01 7.535844445228576660e-01
6.017181277275085449e-01 3.982819020748138428e-01
4.595112204551696777e-01 5.404888391494750977e-01
4.632325470447540283e-01 5.367674231529235840e-01
4.004938602447509766e-01 5.995061397552490234e-01
2.649645507335662842e-01 7.350354194641113281e-01
6.145005822181701660e-01 3.854993879795074463e-01
4.653632342815399170e-01 5.346367359161376953e-01
4.232095777988433838e-01 5.767903923988342285e-01
3.961474299430847168e-01 6.038525700569152832e-01
5.484639406204223633e-01 4.515360891819000244e-01
2.551346719264984131e-01 7.448653578758239746e-01
5.099119544029235840e-01 4.900880753993988037e-01
3.993934988975524902e-01 6.006065011024475098e-01
5.440906286239624023e-01 4.559093713760375977e-01
3.964086472988128662e-01 6.035913825035095215e-01
3.017240464687347412e-01 6.982759833335876465e-01
4.666929543018341064e-01 5.333070158958435059e-01
2.162764072418212891e-01 7.837235927581787109e-01
5.940952301025390625e-01 4.059047400951385498e-01
3.511090874671936035e-01 6.488909721374511719e-01
4.931652545928955078e-01 5.068347454071044922e-01
5.329522490501403809e-01 4.670477509498596191e-01
4.180607795715332031e-01 5.819392800331115723e-01
4.530800879001617432e-01 5.469198822975158691e-01
4.286654293537139893e-01 5.713346004486083984e-01
2.732092738151550293e-01 7.267906665802001953e-01
6.566290259361267090e-01 3.433710038661956787e-01
2.735781371593475342e-01 7.264218926429748535e-01
3.997180759906768799e-01 6.002819538116455078e-01
3.573776185512542725e-01 6.426224112510681152e-01
2.644466757774353027e-01 7.355533838272094727e-01
3.532060086727142334e-01 6.467940211296081543e-01
4.132169187068939209e-01 5.867830514907836914e-01
3.706949651241302490e-01 6.293050050735473633e-01
2.985268831253051758e-01 7.014730572700500488e-01
4.790903627872467041e-01 5.209096670150756836e-01
3.440693914890289307e-01 6.559305787086486816e-01
6.393742561340332031e-01 3.606258034706115723e-01
3.341684043407440186e-01 6.658315658569335938e-01
6.607554554939270020e-01 3.392444849014282227e-01
3.616454899311065674e-01 6.383545398712158203e-01
6.598395109176635742e-01 3.401605188846588135e-01
5.089119672775268555e-01 4.910880029201507568e-01
4.365350306034088135e-01 5.634649395942687988e-01
3.933329880237579346e-01 6.066669821739196777e-01
5.094760656356811523e-01 4.905239641666412354e-01
4.570828080177307129e-01 5.429171919822692871e-01
3.653957843780517578e-01 6.346042156219482422e-01
8.652771711349487305e-01 1.347228437662124634e-01
4.993106722831726074e-01 5.006893277168273926e-01
5.903468728065490723e-01 4.096531867980957031e-01
3.916168212890625000e-01 6.083832383155822754e-01
3.298354148864746094e-01 6.701645851135253906e-01
4.297921359539031982e-01 5.702078342437744141e-01
3.190313279628753662e-01 6.809687018394470215e-01
6.331307888031005859e-01 3.668692708015441895e-01
3.386876285076141357e-01 6.613123416900634766e-01
4.773659706115722656e-01 5.226340293884277344e-01
4.426355957984924316e-01 5.573644638061523438e-01
7.277911305427551270e-01 2.722088694572448730e-01
4.167858958244323730e-01 5.832141041755676270e-01
4.746495783329010010e-01 5.253504514694213867e-01
5.878236293792724609e-01 4.121763408184051514e-01
4.165180921554565430e-01 5.834819674491882324e-01
4.494390189647674561e-01 5.505609512329101562e-01
4.708690345287322998e-01 5.291309356689453125e-01
5.865323543548583984e-01 4.134676754474639893e-01
3.081367313861846924e-01 6.918632984161376953e-01
4.021471440792083740e-01 5.978528857231140137e-01
6.035543680191040039e-01 3.964455723762512207e-01
5.502040386199951172e-01 4.497959017753601074e-01
4.532858133316040039e-01 5.467142462730407715e-01
3.402702212333679199e-01 6.597297787666320801e-01
6.213364005088806152e-01 3.786635994911193848e-01
5.211468935012817383e-01 4.788531064987182617e-01
6.897686123847961426e-01 3.102313876152038574e-01
3.414370119571685791e-01 6.585629582405090332e-01
2.722057700157165527e-01 7.277942299842834473e-01
3.084886372089385986e-01 6.915113329887390137e-01
5.358380079269409180e-01 4.641620218753814697e-01
6.400477290153503418e-01 3.599522709846496582e-01
5.168847441673278809e-01 4.831152558326721191e-01
4.033031761646270752e-01 5.966968536376953125e-01
6.030187606811523438e-01 3.969812393188476562e-01
3.314706981182098389e-01 6.685292720794677734e-01
2.907713949680328369e-01 7.092285752296447754e-01
2.772649228572845459e-01 7.227350473403930664e-01
3.813353776931762695e-01 6.186646223068237305e-01
4.967856109142303467e-01 5.032143592834472656e-01
3.976449966430664062e-01 6.023550033569335938e-01
4.241498708724975586e-01 5.758501291275024414e-01
4.184922575950622559e-01 5.815076828002929688e-01
2.987301051616668701e-01 7.012698650360107422e-01
2.999400198459625244e-01 7.000600099563598633e-01
3.206228613853454590e-01 6.793771386146545410e-01
4.382641315460205078e-01 5.617359280586242676e-01
3.402002155780792236e-01 6.597998142242431641e-01
6.499596238136291504e-01 3.500403165817260742e-01
4.147385358810424805e-01 5.852614641189575195e-01
6.059849262237548828e-01 3.940151333808898926e-01
5.986552834510803223e-01 4.013447165489196777e-01
2.438956052064895630e-01 7.561044096946716309e-01
4.426044821739196777e-01 5.573954582214355469e-01
2.884544432163238525e-01 7.115455865859985352e-01
4.868414402008056641e-01 5.131585597991943359e-01
4.379980266094207764e-01 5.620020031929016113e-01
3.151328563690185547e-01 6.848671436309814453e-01
7.579746246337890625e-01 2.420253753662109375e-01
5.826392769813537598e-01 4.173607230186462402e-01
4.731320142745971680e-01 5.268679261207580566e-01
5.985984802246093750e-01 4.014015793800354004e-01
4.120883941650390625e-01 5.879116654396057129e-01
5.528599023818969727e-01 4.471400976181030273e-01
5.988031625747680664e-01 4.011968970298767090e-01
5.342997312545776367e-01 4.657003283500671387e-01
3.443534970283508301e-01 6.556465625762939453e-01
4.323878884315490723e-01 5.676121115684509277e-01
5.710670351982116699e-01 4.289329946041107178e-01
3.654241561889648438e-01 6.345758438110351562e-01
5.830653905868530273e-01 4.169346094131469727e-01
6.440506577491760254e-01 3.559492826461791992e-01
5.342142581939697266e-01 4.657857418060302734e-01
3.309376835823059082e-01 6.690623164176940918e-01
4.312373399734497070e-01 5.687626600265502930e-01
3.800145983695983887e-01 6.199854016304016113e-01
4.425069093704223633e-01 5.574931502342224121e-01
2.935119867324829102e-01 7.064879536628723145e-01
6.518753170967102051e-01 3.481247127056121826e-01
2.986276447772979736e-01 7.013723850250244141e-01
6.593629717826843262e-01 3.406370580196380615e-01
5.490022897720336914e-01 4.509976804256439209e-01
3.957016468048095703e-01 6.042984127998352051e-01
2.634667754173278809e-01 7.365332245826721191e-01
5.933972001075744629e-01 4.066027700901031494e-01
3.893990218639373779e-01 6.106009483337402344e-01
5.034298896789550781e-01 4.965701401233673096e-01
5.787277221679687500e-01 4.212722778320312500e-01
4.149906337261199951e-01 5.850093960762023926e-01
2.789455652236938477e-01 7.210544347763061523e-01
3.338553607463836670e-01 6.661446690559387207e-01
3.818781077861785889e-01 6.181219220161437988e-01
5.167756080627441406e-01 4.832243919372558594e-01
3.240287601947784424e-01 6.759712696075439453e-01
2.452759444713592529e-01 7.547240257263183594e-01
3.029197752475738525e-01 6.970802545547485352e-01
4.854584038257598877e-01 5.145416259765625000e-01
3.384576439857482910e-01 6.615422964096069336e-01
2.635458111763000488e-01 7.364541888236999512e-01
5.058078169822692871e-01 4.941921532154083252e-01
4.867472946643829346e-01 5.132527351379394531e-01
5.892574191093444824e-01 4.107425808906555176e-01
4.298667609691619873e-01 5.701332092285156250e-01
5.139356851577758789e-01 4.860643446445465088e-01
6.207656264305114746e-01 3.792343437671661377e-01
4.847923517227172852e-01 5.152076482772827148e-01
6.038047075271606445e-01 3.961953222751617432e-01
4.550390839576721191e-01 5.449609756469726562e-01
4.123656749725341797e-01 5.876343250274658203e-01
3.600829243659973145e-01 6.399170756340026855e-01
4.781452417373657227e-01 5.218546986579895020e-01
4.920675754547119141e-01 5.079323649406433105e-01
4.399490058422088623e-01 5.600510239601135254e-01
6.402928233146667480e-01 3.597071766853332520e-01
6.579204797744750977e-01 3.420795202255249023e-01
4.976887702941894531e-01 5.023111701011657715e-01
4.980250000953674316e-01 5.019749402999877930e-01
2.763823270797729492e-01 7.236176729202270508e-01
3.387970328330993652e-01 6.612029671669006348e-01
7.475374341011047363e-01 2.524625957012176514e-01
4.522986114025115967e-01 5.477013587951660156e-01
6.886880993843078613e-01 3.113119602203369141e-01
3.773300349712371826e-01 6.226699352264404297e-01
3.107242286205291748e-01 6.892757415771484375e-01
3.893173038959503174e-01 6.106827259063720703e-01
3.061440885066986084e-01 6.938558816909790039e-01
3.739173412322998047e-01 6.260825991630554199e-01
4.637156426906585693e-01 5.362843275070190430e-01
5.477691292762756348e-01 4.522308707237243652e-01
4.019934535026550293e-01 5.980064868927001953e-01
3.543247282505035400e-01 6.456753015518188477e-01
5.205669403076171875e-01 4.794330596923828125e-01
4.760788381099700928e-01 5.239211916923522949e-01
4.636414051055908203e-01 5.363585948944091797e-01
5.407805442810058594e-01 4.592194557189941406e-01
4.005429744720458984e-01 5.994570255279541016e-01
4.287143647670745850e-01 5.712856054306030273e-01
4.617169201374053955e-01 5.382831096649169922e-01
4.203980863094329834e-01 5.796019434928894043e-01
4.310763478279113770e-01 5.689235925674438477e-01
3.569723963737487793e-01 6.430276632308959961e-01
4.677896797657012939e-01 5.322103500366210938e-01
4.383096396923065186e-01 5.616903901100158691e-01
6.694610118865966797e-01 3.305390179157257080e-01
5.335348844528198242e-01 4.664651155471801758e-01
4.230476319789886475e-01 5.769523382186889648e-01
3.024295270442962646e-01 6.975704431533813477e-01
4.004032909870147705e-01 5.995967388153076172e-01
4.579269587993621826e-01 5.420730710029602051e-01
5.277203321456909180e-01 4.722796380519866943e-01
4.636738598346710205e-01 5.363261103630065918e-01
2.831752598285675049e-01 7.168247699737548828e-01
3.654682636260986328e-01 6.345317363739013672e-01
4.501597285270690918e-01 5.498402714729309082e-01
4.051136076450347900e-01 5.948864221572875977e-01
4.931214153766632080e-01 5.068785548210144043e-01
6.113527417182922363e-01 3.886472284793853760e-01
5.346528291702270508e-01 4.653472006320953369e-01
2.680732905864715576e-01 7.319267392158508301e-01
5.388598442077636719e-01 4.611401855945587158e-01
3.968171477317810059e-01 6.031827926635742188e-01
5.740659832954406738e-01 4.259339869022369385e-01
6.663199067115783691e-01 3.336801230907440186e-01
7.250375747680664062e-01 2.749623656272888184e-01
4.613582491874694824e-01 5.386417508125305176e-01
2.747975587844848633e-01 7.252024412155151367e-01
3.768765628337860107e-01 6.231234073638916016e-01
4.890259206295013428e-01 5.109740495681762695e-01
6.157925128936767578e-01 3.842074573040008545e-01
2.454017698764801025e-01 7.545982003211975098e-01
7.712522149085998535e-01 2.287477850914001465e-01
5.216613411903381348e-01 4.783386588096618652e-01
4.580477178096771240e-01 5.419523119926452637e-01
4.523117840290069580e-01 5.476881861686706543e-01
6.032187342643737793e-01 3.967812359333038330e-01
4.541828930377960205e-01 5.458171367645263672e-01
3.016490042209625244e-01 6.983510255813598633e-01
2.644201815128326416e-01 7.355797886848449707e-01
5.122836828231811523e-01 4.877163767814636230e-01
6.744976043701171875e-01 3.255023658275604248e-01
6.694114804267883301e-01 3.305885195732116699e-01
2.817392349243164062e-01 7.182607054710388184e-01
3.055518865585327148e-01 6.944481134414672852e-01
3.340621292591094971e-01 6.659379005432128906e-01
4.836881458759307861e-01 5.163118243217468262e-01
6.741593480110168457e-01 3.258406817913055420e-01
5.526424050331115723e-01 4.473576247692108154e-01
4.808385074138641357e-01 5.191615223884582520e-01
5.854844450950622559e-01 4.145155549049377441e-01
3.774399161338806152e-01 6.225601434707641602e-01
4.251544475555419922e-01 5.748454928398132324e-01
3.565661609172821045e-01 6.434338688850402832e-01
6.569343805313110352e-01 3.430656194686889648e-01
4.742507040500640869e-01 5.257493257522583008e-01
5.982580184936523438e-01 4.017420113086700439e-01
5.413052439689636230e-01 4.586947560310363770e-01
3.156549334526062012e-01 6.843450665473937988e-01
3.426782488822937012e-01 6.573217511177062988e-01
7.140331268310546875e-01 2.859669327735900879e-01
5.240176916122436523e-01 4.759823381900787354e-01
4.762537181377410889e-01 5.237463116645812988e-01
4.072688817977905273e-01 5.927311182022094727e-01
5.633298754692077637e-01 4.366701543331146240e-01
3.321159482002258301e-01 6.678840517997741699e-01
4.252244532108306885e-01 5.747755765914916992e-01
4.079307317733764648e-01 5.920692682266235352e-01
4.623701274394989014e-01 5.376299023628234863e-01
2.901776731014251709e-01 7.098223567008972168e-01
2.570339143276214600e-01 7.429661154747009277e-01
5.251258015632629395e-01 4.748741984367370605e-01
5.334128737449645996e-01 4.665870666503906250e-01
2.884200215339660645e-01 7.115799784660339355e-01
3.790813386440277100e-01 6.209186911582946777e-01
6.543587446212768555e-01 3.456412851810455322e-01
3.105956614017486572e-01 6.894043684005737305e-01
5.088525414466857910e-01 4.911474883556365967e-01
3.654894828796386719e-01 6.345104575157165527e-01
4.404449164867401123e-01 5.595550537109375000e-01
6.334100365638732910e-01 3.665899634361267090e-01
3.757266998291015625e-01 6.242733001708984375e-01
3.059187829494476318e-01 6.940812468528747559e-01
3.728176653385162354e-01 6.271823644638061523e-01
2.772117257118225098e-01 7.227882146835327148e-01
4.961429238319396973e-01 5.038570761680603027e-01
2.850524187088012695e-01 7.149475812911987305e-01
5.398786664009094238e-01 4.601213037967681885e-01
3.962650001049041748e-01 6.037349700927734375e-01
3.651610612869262695e-01 6.348389387130737305e-01
4.872028529644012451e-01 5.127971172332763672e-01
4.098895788192749023e-01 5.901104807853698730e-01
4.617206454277038574e-01 5.382793545722961426e-01
3.791186511516571045e-01 6.208813190460205078e-01
3.637732863426208496e-01 6.362267136573791504e-01
3.995718061923980713e-01 6.004282236099243164e-01
2.940879762172698975e-01 7.059119939804077148e-01
4.022595286369323730e-01 5.977404117584228516e-01
2.728770673274993896e-01 7.271229624748229980e-01
3.855530917644500732e-01 6.144469380378723145e-01
7.273281812667846680e-01 2.726718187332153320e-01
5.397830605506896973e-01 4.602169096469879150e-01
2.251737117767333984e-01 7.748262882232666016e-01
5.140705704689025879e-01 4.859293997287750244e-01
2.874983251094818115e-01 7.125016450881958008e-01
5.224895477294921875e-01 4.775104522705078125e-01
6.236278414726257324e-01 3.763721287250518799e-01
3.947697877883911133e-01 6.052302122116088867e-01
5.324390530586242676e-01 4.675609469413757324e-01
5.162622928619384766e-01 4.837376475334167480e-01
3.066247999668121338e-01 6.933752298355102539e-01
3.715897202491760254e-01 6.284102201461791992e-01
6.487764716148376465e-01 3.512234985828399658e-01
4.612056612968444824e-01 5.387943387031555176e-01
3.465794920921325684e-01 6.534205079078674316e-01
4.582996964454650879e-01 5.417003631591796875e-01
7.359863519668579102e-01 2.640136778354644775e-01
3.409305214881896973e-01 6.590694785118103027e-01
3.574239015579223633e-01 6.425761580467224121e-01
6.430878639221191406e-01 3.569121360778808594e-01
4.866532385349273682e-01 5.133467316627502441e-01
6.424467563629150391e-01 3.575532436370849609e-01
3.036429882049560547e-01 6.963570117950439453e-01
2.535796761512756348e-01 7.464203834533691406e-01
4.525398910045623779e-01 5.474600791931152344e-01
4.798871874809265137e-01 5.201128125190734863e-01
6.630188822746276855e-01 3.369810581207275391e-01
5.723928809165954590e-01 4.276070594787597656e-01
5.909369587898254395e-01 4.090629816055297852e-01
6.552461385726928711e-01 3.447538018226623535e-01
4.656701683998107910e-01 5.343298912048339844e-01
4.798021614551544189e-01 5.201978683471679688e-01
4.490349888801574707e-01 5.509650111198425293e-01
2.676320672035217285e-01 7.323679327964782715e-01
4.413146972656250000e-01 5.586853623390197754e-01
5.581900477409362793e-01 4.418100118637084961e-01
3.994407057762145996e-01 6.005592942237854004e-01
3.522053956985473633e-01 6.477945446968078613e-01
2.297559827566146851e-01 7.702440619468688965e-01
4.498524069786071777e-01 5.501475930213928223e-01
4.033514857292175293e-01 5.966485142707824707e-01
3.268250823020935059e-01 6.731749176979064941e-01
2.869719564914703369e-01 7.130280137062072754e-01
4.926651418209075928e-01 5.073348283767700195e-01
4.378578662872314453e-01 5.621421337127685547e-01
3.468055427074432373e-01 6.531944274902343750e-01
2.883179783821105957e-01 7.116820216178894043e-01
3.356802463531494141e-01 6.643196940422058105e-01
3.855039775371551514e-01 6.144959926605224609e-01
4.879200458526611328e-01 5.120799541473388672e-01
5.580192804336547852e-01 4.419807195663452148e-01
2.542114555835723877e-01 7.457885146141052246e-01
5.890091061592102051e-01 4.109908342361450195e-01
4.385626316070556641e-01 5.614373087882995605e-01
5.626962184906005859e-01 4.373037815093994141e-01
3.337626457214355469e-01 6.662373542785644531e-01
6.423435211181640625e-01 3.576564490795135498e-01
4.660037755966186523e-01 5.339962244033813477e-01
3.045394718647003174e-01 6.954605579376220703e-01
6.607021689414978027e-01 3.392977714538574219e-01
4.039061665534973145e-01 5.960938334465026855e-01
4.606672525405883789e-01 5.393327474594116211e-01
3.392113447189331055e-01 6.607887148857116699e-01
5.324125885963439941e-01 4.675873816013336182e-01
5.136254429817199707e-01 4.863745272159576416e-01
