7.398805022239685059e-01 2.601194679737091064e-01
4.671964943408966064e-01 5.328035354614257812e-01
5.087199211120605469e-01 4.912800788879394531e-01
5.201774239540100098e-01 4.798225462436676025e-01
6.675782203674316406e-01 3.324218392372131348e-01
3.989683389663696289e-01 6.010317206382751465e-01
5.779072642326354980e-01 4.220927059650421143e-01
6.144943237304687500e-01 3.855057358741760254e-01
6.947042346000671387e-01 3.052957355976104736e-01
7.407228350639343262e-01 2.592772245407104492e-01
4.244074225425720215e-01 5.755925774574279785e-01
5.029511451721191406e-01 4.970488846302032471e-01
4.421238601207733154e-01 5.578761696815490723e-01
5.087558627128601074e-01 4.912441372871398926e-01
4.347775578498840332e-01 5.652224421501159668e-01
4.851947426795959473e-01 5.148052573204040527e-01
4.993150830268859863e-01 5.006849765777587891e-01
4.883708357810974121e-01 5.116292238235473633e-01
8.110636472702026367e-01 1.889363527297973633e-01
6.251963973045349121e-01 3.748036026954650879e-01
7.798247933387756348e-01 2.201752066612243652e-01
5.830003023147583008e-01 4.169996678829193115e-01
5.212492346763610840e-01 4.787507355213165283e-01
7.804500460624694824e-01 2.195499986410140991e-01
8.118360638618469238e-01 1.881639063358306885e-01
5.647404789924621582e-01 4.352594614028930664e-01
4.706091582775115967e-01 5.293908119201660156e-01
5.339305400848388672e-01 4.660694897174835205e-01
7.272993922233581543e-01 2.727006077766418457e-01
7.482415437698364258e-01 2.517584264278411865e-01
6.706799268722534180e-01 3.293200135231018066e-01
6.290506720542907715e-01 3.709493279457092285e-01
3.896817266941070557e-01 6.103183031082153320e-01
5.694820284843444824e-01 4.305179417133331299e-01
6.296837329864501953e-01 3.703162074089050293e-01
5.824264287948608398e-01 4.175735712051391602e-01
5.583274364471435547e-01 4.416726231575012207e-01
8.187984228134155273e-01 1.812015771865844727e-01
6.900638937950134277e-01 3.099361062049865723e-01
5.619489550590515137e-01 4.380510151386260986e-01
6.037806868553161621e-01 3.962193429470062256e-01
4.251899719238281250e-01 5.748100876808166504e-01
3.980966508388519287e-01 6.019033789634704590e-01
5.803706049919128418e-01 4.196293652057647705e-01
8.016675710678100586e-01 1.983324587345123291e-01
6.064880490303039551e-01 3.935119211673736572e-01
6.317284107208251953e-01 3.682715892791748047e-01
5.635668635368347168e-01 4.364331960678100586e-01
6.680480241775512695e-01 3.319519758224487305e-01
5.503996014595031738e-01 4.496004581451416016e-01
7.217036485671997070e-01 2.782963812351226807e-01
5.156165361404418945e-01 4.843834042549133301e-01
7.049151062965393066e-01 2.950848937034606934e-01
5.037177801132202148e-01 4.962821602821350098e-01
5.136149525642395020e-01 4.863850772380828857e-01
4.077709317207336426e-01 5.922290086746215820e-01
5.316023826599121094e-01 4.683976471424102783e-01
4.731597006320953369e-01 5.268403291702270508e-01
5.194085240364074707e-01 4.805914461612701416e-01
6.281783580780029297e-01 3.718216717243194580e-01
4.642758071422576904e-01 5.357242226600646973e-01
5.004017353057861328e-01 4.995982050895690918e-01
4.342978894710540771e-01 5.657021403312683105e-01
6.012298464775085449e-01 3.987701833248138428e-01
5.813540816307067871e-01 4.186458885669708252e-01
4.600425660610198975e-01 5.399574041366577148e-01
4.507499337196350098e-01 5.492501258850097656e-01
7.076719999313354492e-01 2.923280298709869385e-01
5.112981796264648438e-01 4.887018799781799316e-01
6.008756756782531738e-01 3.991243541240692139e-01
7.869461774826049805e-01 2.130537778139114380e-01
7.418447732925415039e-01 2.581551969051361084e-01
6.730284690856933594e-01 3.269715607166290283e-01
7.158951759338378906e-01 2.841047644615173340e-01
8.619353175163269043e-01 1.380646824836730957e-01
5.608054995536804199e-01 4.391945004463195801e-01
4.953516125679016113e-01 5.046483874320983887e-01
4.654624760150909424e-01 5.345375537872314453e-01
7.448993921279907227e-01 2.551006078720092773e-01
6.315361261367797852e-01 3.684638738632202148e-01
6.287353038787841797e-01 3.712647259235382080e-01
5.811869502067565918e-01 4.188130199909210205e-01
5.160939693450927734e-01 4.839060008525848389e-01
6.137799620628356934e-01 3.862200379371643066e-01
5.451780557632446289e-01 4.548219144344329834e-01
6.072379350662231445e-01 3.927620351314544678e-01
5.475587248802185059e-01 4.524413347244262695e-01
5.680218338966369629e-01 4.319781959056854248e-01
5.688787698745727539e-01 4.311212301254272461e-01
4.192818403244018555e-01 5.807181000709533691e-01
6.234391331672668457e-01 3.765608370304107666e-01
4.172755479812622070e-01 5.827244520187377930e-01
5.064385533332824707e-01 4.935614168643951416e-01
5.677868723869323730e-01 4.322130978107452393e-01
6.954067349433898926e-01 3.045932948589324951e-01
4.703771770000457764e-01 5.296228528022766113e-01
5.719354152679443359e-01 4.280645251274108887e-01
7.711776494979858398e-01 2.288224250078201294e-01
5.888699889183044434e-01 4.111300110816955566e-01
3.257808387279510498e-01 6.742191910743713379e-01
6.624907255172729492e-01 3.375092744827270508e-01
7.259457707405090332e-01 2.740542590618133545e-01
4.601945281028747559e-01 5.398054718971252441e-01
5.498362183570861816e-01 4.501637518405914307e-01
5.531944036483764648e-01 4.468056261539459229e-01
5.481553077697753906e-01 4.518446624279022217e-01
6.616601347923278809e-01 3.383398652076721191e-01
6.298447847366333008e-01 3.701552450656890869e-01
5.618846416473388672e-01 4.381153583526611328e-01
5.383539199829101562e-01 4.616461098194122314e-01
5.495868325233459473e-01 4.504131674766540527e-01
4.378478527069091797e-01 5.621520876884460449e-01
5.250207185745239258e-01 4.749793112277984619e-01
5.112696886062622070e-01 4.887303411960601807e-01
3.860337436199188232e-01 6.139662265777587891e-01
7.513770461082458496e-01 2.486229389905929565e-01
5.259363651275634766e-01 4.740636944770812988e-01
7.956084012985229492e-01 2.043915838003158569e-01
4.424865245819091797e-01 5.575134158134460449e-01
6.661953330039978027e-01 3.338046967983245850e-01
6.302360296249389648e-01 3.697639703750610352e-01
4.469025731086730957e-01 5.530974268913269043e-01
8.215864300727844238e-01 1.784135550260543823e-01
4.007023274898529053e-01 5.992976427078247070e-01
5.960742831230163574e-01 4.039256870746612549e-01
4.706244170665740967e-01 5.293756127357482910e-01
6.209661364555358887e-01 3.790338635444641113e-01
6.620180606842041016e-01 3.379819691181182861e-01
5.901485681533813477e-01 4.098514616489410400e-01
4.524584710597991943e-01 5.475415587425231934e-01
4.516807198524475098e-01 5.483192801475524902e-01
3.815526366233825684e-01 6.184473633766174316e-01
6.112061738967895508e-01 3.887938261032104492e-01
4.977024197578430176e-01 5.022975802421569824e-01
6.305989623069763184e-01 3.694010078907012939e-01
6.597779989242553711e-01 3.402220010757446289e-01
4.963267743587493896e-01 5.036731958389282227e-01
4.936849474906921387e-01 5.063150525093078613e-01
5.544705390930175781e-01 4.455294609069824219e-01
5.629737377166748047e-01 4.370262324810028076e-01
8.219464421272277832e-01 1.780534982681274414e-01
5.642939805984497070e-01 4.357060194015502930e-01
4.180611073970794678e-01 5.819388628005981445e-01
6.548796892166137695e-01 3.451203107833862305e-01
5.537772774696350098e-01 4.462227821350097656e-01
3.643031418323516846e-01 6.356968879699707031e-01
4.528963863849639893e-01 5.471036434173583984e-01
5.381222367286682129e-01 4.618777930736541748e-01
4.380005598068237305e-01 5.619994401931762695e-01
5.738458633422851562e-01 4.261541366577148438e-01
7.551406025886535645e-01 2.448593825101852417e-01
7.129488587379455566e-01 2.870511710643768311e-01
7.874137163162231445e-01 2.125862389802932739e-01
5.921874642372131348e-01 4.078125357627868652e-01
6.100615262985229492e-01 3.899385035037994385e-01
5.469655990600585938e-01 4.530344307422637939e-01
5.090803503990173340e-01 4.909196496009826660e-01
5.429992675781250000e-01 4.570007622241973877e-01
6.808153390884399414e-01 3.191846609115600586e-01
4.921109378337860107e-01 5.078890323638916016e-01
8.315795063972473145e-01 1.684205085039138794e-01
5.875362157821655273e-01 4.124638140201568604e-01
4.429810345172882080e-01 5.570189356803894043e-01
7.233111262321472168e-01 2.766889333724975586e-01
7.399265170097351074e-01 2.600734829902648926e-01
5.319048762321472168e-01 4.680951237678527832e-01
6.449321508407592773e-01 3.550678789615631104e-01
3.595096170902252197e-01 6.404904127120971680e-01
6.868503689765930176e-01 3.131496608257293701e-01
4.461465775966644287e-01 5.538533926010131836e-01
8.115316033363342285e-01 1.884684115648269653e-01
5.954405665397644043e-01 4.045594930648803711e-01
7.065691351890563965e-01 2.934308648109436035e-01
4.581525027751922607e-01 5.418475270271301270e-01
6.489499807357788086e-01 3.510499596595764160e-01
4.992366731166839600e-01 5.007633566856384277e-01
4.149173796176910400e-01 5.850825905799865723e-01
6.508323550224304199e-01 3.491676449775695801e-01
5.956219434738159180e-01 4.043780565261840820e-01
5.774897336959838867e-01 4.225102663040161133e-01
7.091050148010253906e-01 2.908950150012969971e-01
5.948433876037597656e-01 4.051566123962402344e-01
7.691133022308349609e-01 2.308867424726486206e-01
7.110534310340881348e-01 2.889465689659118652e-01
8.544884324073791504e-01 1.455115675926208496e-01
4.454934298992156982e-01 5.545065999031066895e-01
4.433363974094390869e-01 5.566635727882385254e-01
4.195763766765594482e-01 5.804235935211181641e-01
5.029162764549255371e-01 4.970837235450744629e-01
6.477624773979187012e-01 3.522374927997589111e-01
7.167559862136840820e-01 2.832440137863159180e-01
4.632249772548675537e-01 5.367750525474548340e-01
6.284553408622741699e-01 3.715446889400482178e-01
6.011387705802917480e-01 3.988611698150634766e-01
6.592919826507568359e-01 3.407080173492431641e-01
6.436300277709960938e-01 3.563699424266815186e-01
6.264751553535461426e-01 3.735248744487762451e-01
5.223662257194519043e-01 4.776337742805480957e-01
8.114089965820312500e-01 1.885910630226135254e-01
6.031827926635742188e-01 3.968171477317810059e-01
5.820434689521789551e-01 4.179565310478210449e-01
4.059696197509765625e-01 5.940303802490234375e-01
6.922564506530761719e-01 3.077435493469238281e-01
4.689672589302062988e-01 5.310327410697937012e-01
7.072920203208923340e-01 2.927080094814300537e-01
6.290413737297058105e-01 3.709586560726165771e-01
6.722252964973449707e-01 3.277747035026550293e-01
4.130835831165313721e-01 5.869163870811462402e-01
4.618846178054809570e-01 5.381153821945190430e-01
6.273006200790405273e-01 3.726993501186370850e-01
7.165434956550598145e-01 2.834565043449401855e-01
3.820884823799133301e-01 6.179115176200866699e-01
6.370979547500610352e-01 3.629020452499389648e-01
7.493209242820739746e-01 2.506790757179260254e-01
7.434227466583251953e-01 2.565773129463195801e-01
6.499969959259033203e-01 3.500029444694519043e-01
5.675621628761291504e-01 4.324378371238708496e-01
7.377501130104064941e-01 2.622499465942382812e-01
6.750855445861816406e-01 3.249144554138183594e-01
4.751206636428833008e-01 5.248793363571166992e-01
5.648088455200195312e-01 4.351910948753356934e-01
6.474245786666870117e-01 3.525753915309906006e-01
4.920239746570587158e-01 5.079759955406188965e-01
5.457147359848022461e-01 4.542852640151977539e-01
5.745409131050109863e-01 4.254590868949890137e-01
5.181087255477905273e-01 4.818913340568542480e-01
6.767314672470092773e-01 3.232685327529907227e-01
4.777425229549407959e-01 5.222574472427368164e-01
4.939720332622528076e-01 5.060279965400695801e-01
6.553968787193298340e-01 3.446030914783477783e-01
6.855662465095520020e-01 3.144337236881256104e-01
6.952702403068542480e-01 3.047297894954681396e-01
4.836469292640686035e-01 5.163530707359313965e-01
3.754264414310455322e-01 6.245735287666320801e-01
3.283717036247253418e-01 6.716282963752746582e-01
5.277419686317443848e-01 4.722580313682556152e-01
5.759481191635131836e-01 4.240519106388092041e-01
5.907965302467346191e-01 4.092034697532653809e-01
4.928366243839263916e-01 5.071633458137512207e-01
5.338724851608276367e-01 4.661274850368499756e-01
5.760968923568725586e-01 4.239031076431274414e-01
7.935350537300109863e-01 2.064649909734725952e-01
5.433016419410705566e-01 4.566983580589294434e-01
5.180971622467041016e-01 4.819028079509735107e-01
5.521005392074584961e-01 4.478994905948638916e-01
6.725286841392517090e-01 3.274713456630706787e-01
6.630745530128479004e-01 3.369254469871520996e-01
5.458555817604064941e-01 4.541444480419158936e-01
5.106785297393798828e-01 4.893214702606201172e-01
5.957098603248596191e-01 4.042901396751403809e-01
6.398183703422546387e-01 3.601816296577453613e-01
6.513472199440002441e-01 3.486527502536773682e-01
5.833955407142639160e-01 4.166044592857360840e-01
6.111409068107604980e-01 3.888591229915618896e-01
6.054877638816833496e-01 3.945122063159942627e-01
4.028275907039642334e-01 5.971723794937133789e-01
5.387580394744873047e-01 4.612419307231903076e-01
5.502879619598388672e-01 4.497120380401611328e-01
3.709988296031951904e-01 6.290011405944824219e-01
7.820913195610046387e-01 2.179086506366729736e-01
6.511635780334472656e-01 3.488364517688751221e-01
5.498551726341247559e-01 4.501448571681976318e-01
7.275381684303283691e-01 2.724618613719940186e-01
4.272816777229309082e-01 5.727182626724243164e-01
5.719923973083496094e-01 4.280076622962951660e-01
6.906284093856811523e-01 3.093715906143188477e-01
7.102752327919006348e-01 2.897248268127441406e-01
7.855268120765686035e-01 2.144731432199478149e-01
5.692625045776367188e-01 4.307375252246856689e-01
7.500153779983520508e-01 2.499846220016479492e-01
7.228652238845825195e-01 2.771348357200622559e-01
4.301508963108062744e-01 5.698490738868713379e-01
5.991470217704772949e-01 4.008530378341674805e-01
3.987190127372741699e-01 6.012809872627258301e-01
4.555343389511108398e-01 5.444657206535339355e-01
4.635347425937652588e-01 5.364652872085571289e-01
5.318253636360168457e-01 4.681746065616607666e-01
4.758867621421813965e-01 5.241132974624633789e-01
5.695249438285827637e-01 4.304750859737396240e-01
5.931927561759948730e-01 4.068072736263275146e-01
7.794296145439147949e-01 2.205704003572463989e-01
5.217573046684265137e-01 4.782427549362182617e-01
6.598088741302490234e-01 3.401910960674285889e-01
4.594449698925018311e-01 5.405550599098205566e-01
4.861653447151184082e-01 5.138345956802368164e-01
5.874025821685791016e-01 4.125973880290985107e-01
7.877171635627746582e-01 2.122828811407089233e-01
7.091511487960815430e-01 2.908488512039184570e-01
5.918883681297302246e-01 4.081116616725921631e-01
4.107030034065246582e-01 5.892969369888305664e-01
6.050704121589660645e-01 3.949295282363891602e-01
5.475296974182128906e-01 4.524702727794647217e-01
4.443378448486328125e-01 5.556621551513671875e-01
4.256522357463836670e-01 5.743477940559387207e-01
5.902879238128662109e-01 4.097120463848114014e-01
5.113582611083984375e-01 4.886417686939239502e-01
4.304346442222595215e-01 5.695653557777404785e-01
4.664318263530731201e-01 5.335682034492492676e-01
5.094808340072631836e-01 4.905191361904144287e-01
5.423360466957092285e-01 4.576639831066131592e-01
4.550926983356475830e-01 5.449072718620300293e-01
5.353257656097412109e-01 4.646742641925811768e-01
4.444145858287811279e-01 5.555854439735412598e-01
6.383021473884582520e-01 3.616977930068969727e-01
6.293696761131286621e-01 3.706303238868713379e-01
4.562592804431915283e-01 5.437407493591308594e-01
5.126971602439880371e-01 4.873028397560119629e-01
7.688224315643310547e-01 2.311775684356689453e-01
5.146420598030090332e-01 4.853579401969909668e-01
6.009995341300964355e-01 3.990004658699035645e-01
7.249904870986938477e-01 2.750095427036285400e-01
5.288754105567932129e-01 4.711245596408843994e-01
7.819539904594421387e-01 2.180460095405578613e-01
3.987727165222167969e-01 6.012272834777832031e-01
6.246780753135681152e-01 3.753219544887542725e-01
3.959454298019409180e-01 6.040545105934143066e-01
7.402116060256958008e-01 2.597883939743041992e-01
5.970299839973449707e-01 4.029700160026550293e-01
5.523148775100708008e-01 4.476850926876068115e-01
5.941315889358520508e-01 4.058683812618255615e-01
6.179775595664978027e-01 3.820224702358245850e-01
5.442483425140380859e-01 4.557516574859619141e-01
4.836336076259613037e-01 5.163663625717163086e-01
6.138947010040283203e-01 3.861052989959716797e-01
4.297300577163696289e-01 5.702699422836303711e-01
8.748922944068908691e-01 1.251076906919479370e-01
4.349954724311828613e-01 5.650045871734619141e-01
5.772993564605712891e-01 4.227006137371063232e-01
7.263441085815429688e-01 2.736558616161346436e-01
4.176082015037536621e-01 5.823917984962463379e-01
7.519006133079528809e-01 2.480994164943695068e-01
4.968763589859008789e-01 5.031235814094543457e-01
4.707054495811462402e-01 5.292945504188537598e-01
5.507913827896118164e-01 4.492086172103881836e-01
5.723158121109008789e-01 4.276841580867767334e-01
4.842584133148193359e-01 5.157415866851806641e-01
5.033916234970092773e-01 4.966083467006683350e-01
5.223342180252075195e-01 4.776657819747924805e-01
6.087500452995300293e-01 3.912499547004699707e-01
8.078838586807250977e-01 1.921160966157913208e-01
7.350659966468811035e-01 2.649340033531188965e-01
5.565282106399536133e-01 4.434717893600463867e-01
4.599055051803588867e-01 5.400945544242858887e-01
5.746431350708007812e-01 4.253569245338439941e-01
4.535166919231414795e-01 5.464832782745361328e-01
5.221090912818908691e-01 4.778908491134643555e-01
4.078502058982849121e-01 5.921497941017150879e-01
4.790960550308227539e-01 5.209039449691772461e-01
4.872786402702331543e-01 5.127213597297668457e-01
7.199743986129760742e-01 2.800256013870239258e-01
4.946520924568176270e-01 5.053479075431823730e-01
6.789485216140747070e-01 3.210514783859252930e-01
5.568712949752807617e-01 4.431287348270416260e-01
3.883918225765228271e-01 6.116082072257995605e-01
5.868383049964904785e-01 4.131617546081542969e-01
5.662656426429748535e-01 4.337343275547027588e-01
7.722913026809692383e-01 2.277086824178695679e-01
4.002873301506042480e-01 5.997126698493957520e-01
3.826647698879241943e-01 6.173352599143981934e-01
6.247531771659851074e-01 3.752467930316925049e-01
5.747340321540832520e-01 4.252659380435943604e-01
4.996176064014434814e-01 5.003823637962341309e-01
7.248765826225280762e-01 2.751234173774719238e-01
4.576232731342315674e-01 5.423767566680908203e-01
7.065725326538085938e-01 2.934274673461914062e-01
8.428297042846679688e-01 1.571703553199768066e-01
5.803701877593994141e-01 4.196297824382781982e-01
4.832448959350585938e-01 5.167551040649414062e-01
4.753059744834899902e-01 5.246940255165100098e-01
4.928311407566070557e-01 5.071688890457153320e-01
7.608348727226257324e-01 2.391650974750518799e-01
7.214702367782592773e-01 2.785297334194183350e-01
4.906148016452789307e-01 5.093851685523986816e-01
5.926786065101623535e-01 4.073214530944824219e-01
5.936170816421508789e-01 4.063829183578491211e-01
4.732790291309356689e-01 5.267209410667419434e-01
4.343020915985107422e-01 5.656979084014892578e-01
5.311180353164672852e-01 4.688819348812103271e-01
7.099944949150085449e-01 2.900054454803466797e-01
3.999887108802795410e-01 6.000112891197204590e-01
6.748118996620178223e-01 3.251880705356597900e-01
6.298975944519042969e-01 3.701024651527404785e-01
4.605774581432342529e-01 5.394225120544433594e-01
6.101114749908447266e-01 3.898885250091552734e-01
6.666736602783203125e-01 3.333263397216796875e-01
4.436895549297332764e-01 5.563104748725891113e-01
6.305406689643859863e-01 3.694593906402587891e-01
4.563007056713104248e-01 5.436992645263671875e-01
5.901029109954833984e-01 4.098971188068389893e-01
7.530059218406677246e-01 2.469940930604934692e-01
5.703440904617309570e-01 4.296559393405914307e-01
7.382906079292297363e-01 2.617093622684478760e-01
4.263963997364044189e-01 5.736035704612731934e-01
5.393633842468261719e-01 4.606366157531738281e-01
4.826201498508453369e-01 5.173798799514770508e-01
5.139861106872558594e-01 4.860138893127441406e-01
5.512902736663818359e-01 4.487097561359405518e-01
5.864438414573669434e-01 4.135561287403106689e-01
6.603340506553649902e-01 3.396658897399902344e-01
6.496099233627319336e-01 3.503900170326232910e-01
5.510114431381225586e-01 4.489885270595550537e-01
6.944715976715087891e-01 3.055284023284912109e-01
6.400799155235290527e-01 3.599201440811157227e-01
5.184923410415649414e-01 4.815076589584350586e-01
6.424844861030578613e-01 3.575154542922973633e-01
5.201655626296997070e-01 4.798344373703002930e-01
7.734364867210388184e-01 2.265634685754776001e-01
6.632682681083679199e-01 3.367317318916320801e-01
6.165944337844848633e-01 3.834056258201599121e-01
5.383180379867553711e-01 4.616819620132446289e-01
6.110125184059143066e-01 3.889875113964080811e-01
5.616070032119750977e-01 4.383930265903472900e-01
5.444556474685668945e-01 4.555443823337554932e-01
7.265706062316894531e-01 2.734293937683105469e-01
4.531672894954681396e-01 5.468327403068542480e-01
4.428328275680541992e-01 5.571672320365905762e-01
6.348427534103393555e-01 3.651572763919830322e-01
4.968813061714172363e-01 5.031186938285827637e-01
6.748252511024475098e-01 3.251748085021972656e-01
7.831227183341979980e-01 2.168772816658020020e-01
4.277901053428649902e-01 5.722098946571350098e-01
7.549610733985900879e-01 2.450388818979263306e-01
6.948634386062622070e-01 3.051365315914154053e-01
5.365857481956481934e-01 4.634142220020294189e-01
7.342008948326110840e-01 2.657990753650665283e-01
7.243836522102355957e-01 2.756163775920867920e-01
5.069463849067687988e-01 4.930535852909088135e-01
5.658482909202575684e-01 4.341517388820648193e-01
4.260597527027130127e-01 5.739402770996093750e-01
4.391243159770965576e-01 5.608756542205810547e-01
5.945839285850524902e-01 4.054161012172698975e-01
5.882980823516845703e-01 4.117018878459930420e-01
7.942680716514587402e-01 2.057320028543472290e-01
6.277309060096740723e-01 3.722691237926483154e-01
4.123513102531433105e-01 5.876487493515014648e-01
4.446166157722473145e-01 5.553833842277526855e-01
3.685005307197570801e-01 6.314994692802429199e-01
7.051170468330383301e-01 2.948829531669616699e-01
3.904284834861755371e-01 6.095715761184692383e-01
6.400510072708129883e-01 3.599489927291870117e-01
4.687124788761138916e-01 5.312874913215637207e-01
7.287321686744689941e-01 2.712678313255310059e-01
6.693247556686401367e-01 3.306751847267150879e-01
5.535419583320617676e-01 4.464581012725830078e-01
3.691323101520538330e-01 6.308677196502685547e-01
4.241445362567901611e-01 5.758554935455322266e-01
7.224851846694946289e-01 2.775148153305053711e-01
4.443175792694091797e-01 5.556823611259460449e-01
3.757269084453582764e-01 6.242731213569641113e-01
5.903184413909912109e-01 4.096815288066864014e-01
4.400176405906677246e-01 5.599823594093322754e-01
6.239597201347351074e-01 3.760402798652648926e-01
4.568136036396026611e-01 5.431864261627197266e-01
6.321930289268493652e-01 3.678069710731506348e-01
6.755778193473815918e-01 3.244221508502960205e-01
6.231100559234619141e-01 3.768899738788604736e-01
7.359069585800170898e-01 2.640929818153381348e-01
7.743115425109863281e-01 2.256884723901748657e-01
7.716081738471984863e-01 2.283918261528015137e-01
7.339873909950256348e-01 2.660126686096191406e-01
3.996617197990417480e-01 6.003382205963134766e-01
6.661872267723083496e-01 3.338128030300140381e-01
4.877687394618988037e-01 5.122312307357788086e-01
4.836729466915130615e-01 5.163270831108093262e-01
5.611025691032409668e-01 4.388974606990814209e-01
4.043426811695098877e-01 5.956572890281677246e-01
7.384488582611083984e-01 2.615511417388916016e-01
6.413483619689941406e-01 3.586516082286834717e-01
5.684656500816345215e-01 4.315342903137207031e-01
4.838568866252899170e-01 5.161431431770324707e-01
4.769013226032257080e-01 5.230986475944519043e-01
7.567639350891113281e-01 2.432360351085662842e-01
6.144176721572875977e-01 3.855823278427124023e-01
5.171193480491638184e-01 4.828806519508361816e-01
5.197352766990661621e-01 4.802647233009338379e-01
3.974471092224121094e-01 6.025528907775878906e-01
6.050729155540466309e-01 3.949270844459533691e-01
4.640625715255737305e-01 5.359374284744262695e-01
3.846397101879119873e-01 6.153603196144104004e-01
6.986407041549682617e-01 3.013593554496765137e-01
6.680240631103515625e-01 3.319759070873260498e-01
7.825123667716979980e-01 2.174876481294631958e-01
6.179473400115966797e-01 3.820526301860809326e-01
5.629650950431823730e-01 4.370349347591400146e-01
4.520169794559478760e-01 5.479830503463745117e-01
5.908114314079284668e-01 4.091885983943939209e-01
5.724159479141235352e-01 4.275840222835540771e-01
6.203613281250000000e-01 3.796387016773223877e-01
5.105562210083007812e-01 4.894437789916992188e-01
6.423733234405517578e-01 3.576266765594482422e-01
6.930173039436340332e-01 3.069826662540435791e-01
5.927945375442504883e-01 4.072054922580718994e-01
6.394203305244445801e-01 3.605796992778778076e-01
6.104557514190673828e-01 3.895442783832550049e-01
6.151317954063415527e-01 3.848682343959808350e-01
3.432305455207824707e-01 6.567695140838623047e-01
4.820865690708160400e-01 5.179134011268615723e-01
7.417030334472656250e-01 2.582969665527343750e-01
4.194333851337432861e-01 5.805665850639343262e-01
4.060101509094238281e-01 5.939897894859313965e-01
5.169684290885925293e-01 4.830316007137298584e-01
3.732518851757049561e-01 6.267480850219726562e-01
6.352720260620117188e-01 3.647280037403106689e-01
7.632328867912292480e-01 2.367670834064483643e-01
4.899120628833770752e-01 5.100879669189453125e-01
4.013165831565856934e-01 5.986834168434143066e-01
6.429158449172973633e-01 3.570841252803802490e-01
7.230796813964843750e-01 2.769203186035156250e-01
3.542581796646118164e-01 6.457418203353881836e-01
7.976330518722534180e-01 2.023669183254241943e-01
4.294387400150299072e-01 5.705612897872924805e-01
6.116836667060852051e-01 3.883163630962371826e-01
4.060755968093872070e-01 5.939243435859680176e-01
6.053372621536254883e-01 3.946626782417297363e-01
4.719190895557403564e-01 5.280808806419372559e-01
3.828805088996887207e-01 6.171194911003112793e-01
6.549134254455566406e-01 3.450865745544433594e-01
3.760150969028472900e-01 6.239848732948303223e-01
6.567998528480529785e-01 3.432001173496246338e-01
4.384228289127349854e-01 5.615772008895874023e-01
7.703655362129211426e-01 2.296345084905624390e-01
7.702931761741638184e-01 2.297067940235137939e-01
4.816617369651794434e-01 5.183382630348205566e-01
4.314810335636138916e-01 5.685189962387084961e-01
4.607208967208862305e-01 5.392791032791137695e-01
5.090372562408447266e-01 4.909627139568328857e-01
7.708950638771057129e-01 2.291049510240554810e-01
3.617092967033386230e-01 6.382907032966613770e-01
7.097189426422119141e-01 2.902810573577880859e-01
7.040233016014099121e-01 2.959766983985900879e-01
4.211446046829223633e-01 5.788553953170776367e-01
6.249118447303771973e-01 3.750881552696228027e-01
3.960592746734619141e-01 6.039407849311828613e-01
5.752463936805725098e-01 4.247535765171051025e-01
7.082059383392333984e-01 2.917940616607666016e-01
6.247119903564453125e-01 3.752880394458770752e-01
5.638788342475891113e-01 4.361211061477661133e-01
5.322276949882507324e-01 4.677723348140716553e-01
5.025084614753723145e-01 4.974915385246276855e-01
4.287442266941070557e-01 5.712558031082153320e-01
7.228754162788391113e-01 2.771246135234832764e-01
5.343499183654785156e-01 4.656500816345214844e-01
4.554413557052612305e-01 5.445586442947387695e-01
5.956779122352600098e-01 4.043221175670623779e-01
4.547608196735382080e-01 5.452392101287841797e-01
4.690880477428436279e-01 5.309119820594787598e-01
5.041612982749938965e-01 4.958387315273284912e-01
5.175541639328002930e-01 4.824458658695220947e-01
4.160386621952056885e-01 5.839613080024719238e-01
5.694558024406433105e-01 4.305442273616790771e-01
4.857177734375000000e-01 5.142822265625000000e-01
5.628735423088073730e-01 4.371264278888702393e-01
3.674311041831970215e-01 6.325688958168029785e-01
5.879375934600830078e-01 4.120624363422393799e-01
4.566696286201477051e-01 5.433303713798522949e-01
5.068102478981018066e-01 4.931897521018981934e-01
5.188289880752563477e-01 4.811710119247436523e-01
4.976410269737243652e-01 5.023589730262756348e-01
5.260298252105712891e-01 4.739702045917510986e-01
5.594919919967651367e-01 4.405080378055572510e-01
7.463837862014770508e-01 2.536162137985229492e-01
5.831670761108398438e-01 4.168329238891601562e-01
4.895980656147003174e-01 5.104019641876220703e-01
6.532779932022094727e-01 3.467219769954681396e-01
6.894404292106628418e-01 3.105595707893371582e-01
4.937668740749359131e-01 5.062331557273864746e-01
6.378861665725708008e-01 3.621138334274291992e-01
5.230266451835632324e-01 4.769733548164367676e-01
4.542010128498077393e-01 5.457989573478698730e-01
5.737124681472778320e-01 4.262875020503997803e-01
7.090677618980407715e-01 2.909322679042816162e-01
7.699686288833618164e-01 2.300313562154769897e-01
6.455017924308776855e-01 3.544982671737670898e-01
4.802763164043426514e-01 5.197237133979797363e-01
6.617377996444702148e-01 3.382622301578521729e-01
5.787634849548339844e-01 4.212365150451660156e-01
5.301193594932556152e-01 4.698805809020996094e-01
6.003978848457336426e-01 3.996020853519439697e-01
4.639295935630798340e-01 5.360704064369201660e-01
6.052139401435852051e-01 3.947860896587371826e-01
6.706724762916564941e-01 3.293275535106658936e-01
5.953799486160278320e-01 4.046201109886169434e-01
5.477789044380187988e-01 4.522211551666259766e-01
4.739431142807006836e-01 5.260568857192993164e-01
6.785080432891845703e-01 3.214919567108154297e-01
5.279505252838134766e-01 4.720494449138641357e-01
3.853253722190856934e-01 6.146746277809143066e-01
4.723053574562072754e-01 5.276946425437927246e-01
6.092271804809570312e-01 3.907728195190429688e-01
5.986377000808715820e-01 4.013622701168060303e-01
6.987277269363403320e-01 3.012722432613372803e-01
6.505562663078308105e-01 3.494437336921691895e-01
3.306175768375396729e-01 6.693823933601379395e-01
6.973090171813964844e-01 3.026910126209259033e-01
6.226800680160522461e-01 3.773198723793029785e-01
7.477281689643859863e-01 2.522718906402587891e-01
7.297499179840087891e-01 2.702500820159912109e-01
6.864827871322631836e-01 3.135172128677368164e-01
6.254493594169616699e-01 3.745506107807159424e-01
5.121468305587768555e-01 4.878531396389007568e-01
5.625375509262084961e-01 4.374624490737915039e-01
3.729812502861022949e-01 6.270187497138977051e-01
4.350284337997436523e-01 5.649716258049011230e-01
8.672086596488952637e-01 1.327913701534271240e-01
4.826088845729827881e-01 5.173910856246948242e-01
3.940106034278869629e-01 6.059893965721130371e-01
7.842601537704467773e-01 2.157398164272308350e-01
7.167279720306396484e-01 2.832720279693603516e-01
5.363731980323791504e-01 4.636268019676208496e-01
6.344866752624511719e-01 3.655133247375488281e-01
5.901343226432800293e-01 4.098656773567199707e-01
4.819368124008178711e-01 5.180631875991821289e-01
5.956891775131225586e-01 4.043107926845550537e-01
4.774516522884368896e-01 5.225483179092407227e-01
6.351833939552307129e-01 3.648165762424468994e-01
5.750327110290527344e-01 4.249672591686248779e-01
5.998708605766296387e-01 4.001291394233703613e-01
6.048337221145629883e-01 3.951662480831146240e-01
4.847210049629211426e-01 5.152789950370788574e-01
6.647037863731384277e-01 3.352962732315063477e-01
4.486515820026397705e-01 5.513484477996826172e-01
4.889155030250549316e-01 5.110844969749450684e-01
5.361984372138977051e-01 4.638015627861022949e-01
6.072695255279541016e-01 3.927304744720458984e-01
5.907855033874511719e-01 4.092145562171936035e-01
5.884811282157897949e-01 4.115189015865325928e-01
6.960374116897583008e-01 3.039625883102416992e-01
6.282692551612854004e-01 3.717307150363922119e-01
6.038635373115539551e-01 3.961364924907684326e-01
5.193766951560974121e-01 4.806233346462249756e-01
4.406569600105285645e-01 5.593430399894714355e-01
5.145515799522399902e-01 4.854484200477600098e-01
3.597137033939361572e-01 6.402863264083862305e-01
4.895128309726715088e-01 5.104871988296508789e-01
3.468350172042846680e-01 6.531649827957153320e-01
3.957806825637817383e-01 6.042193174362182617e-01
5.824102759361267090e-01 4.175897538661956787e-01
4.807577431201934814e-01 5.192422866821289062e-01
5.249739885330200195e-01 4.750259518623352051e-01
7.008840441703796387e-01 2.991158962249755859e-01
4.380111694335937500e-01 5.619888305664062500e-01
7.213913798332214355e-01 2.786086499691009521e-01
5.561908483505249023e-01 4.438091218471527100e-01
6.440597772598266602e-01 3.559402823448181152e-01
4.885700643062591553e-01 5.114299654960632324e-01
8.041136264801025391e-01 1.958864331245422363e-01
5.778473019599914551e-01 4.221526682376861572e-01
4.941730499267578125e-01 5.058269500732421875e-01
4.213663935661315918e-01 5.786336064338684082e-01
5.101890563964843750e-01 4.898109138011932373e-01
6.278452277183532715e-01 3.721547722816467285e-01
6.322212219238281250e-01 3.677787482738494873e-01
6.212072372436523438e-01 3.787927627563476562e-01
7.092907428741455078e-01 2.907092273235321045e-01
4.494939446449279785e-01 5.505060553550720215e-01
4.207769930362701416e-01 5.792229771614074707e-01
4.500795602798461914e-01 5.499204397201538086e-01
7.100716829299926758e-01 2.899282872676849365e-01
5.688728094100952148e-01 4.311271905899047852e-01
6.529681682586669922e-01 3.470318615436553955e-01
4.336867928504943848e-01 5.663132071495056152e-01
5.321937203407287598e-01 4.678062498569488525e-01
5.524433851242065430e-01 4.475566148757934570e-01
4.102693796157836914e-01 5.897306203842163086e-01
6.322212219238281250e-01 3.677787780761718750e-01
4.497787356376647949e-01 5.502212643623352051e-01
7.188150882720947266e-01 2.811849117279052734e-01
5.902232527732849121e-01 4.097767174243927002e-01
