3.273508846759796143e-01 6.726491451263427734e-01
7.441338896751403809e-01 2.558660507202148438e-01
4.742010831832885742e-01 5.257989168167114258e-01
1.141096353530883789e-01 8.858903050422668457e-01
6.546727418899536133e-01 3.453272581100463867e-01
9.568618237972259521e-02 9.043138623237609863e-01
5.667056441307067871e-01 4.332943260669708252e-01
1.377021521329879761e-01 8.622978925704956055e-01
3.666836023330688477e-01 6.333164572715759277e-01
8.729224801063537598e-01 1.270774602890014648e-01
4.658018648624420166e-01 5.341981649398803711e-01
6.707553267478942871e-01 3.292446136474609375e-01
5.829960703849792480e-01 4.170038998126983643e-01
7.261554598808288574e-01 2.738445401191711426e-01
8.134537339210510254e-01 1.865462511777877808e-01
8.251892328262329102e-01 1.748107224702835083e-01
2.746227979660034180e-01 7.253772020339965820e-01
6.807213276624679565e-02 9.319278597831726074e-01
8.939628601074218750e-01 1.060371249914169312e-01
7.009723782539367676e-01 2.990276515483856201e-01
9.707021713256835938e-01 2.929790876805782318e-02
4.117845296859741211e-01 5.882154703140258789e-01
7.254119217395782471e-02 9.274588227272033691e-01
8.995665907859802246e-01 1.004334166646003723e-01
5.036222934722900391e-02 9.496377706527709961e-01
9.477560520172119141e-01 5.224393308162689209e-02
4.590547084808349609e-01 5.409452915191650391e-01
6.605441570281982422e-01 3.394558727741241455e-01
5.263554453849792480e-01 4.736445546150207520e-01
9.222033619880676270e-01 7.779668271541595459e-02
5.239972472190856934e-01 4.760027229785919189e-01
9.500508308410644531e-01 4.994912818074226379e-02
2.762363478541374207e-02 9.723763465881347656e-01
8.504603803157806396e-02 9.149539470672607422e-01
1.183638498187065125e-01 8.816362023353576660e-01
9.682202339172363281e-01 3.177969157695770264e-02
1.575669646263122559e-01 8.424330353736877441e-01
8.207304477691650391e-01 1.792695671319961548e-01
4.012191295623779297e-02 9.598780870437622070e-01
9.592798948287963867e-01 4.072017595171928406e-02
7.677645683288574219e-01 2.322354763746261597e-01
8.018378615379333496e-01 1.981621086597442627e-01
1.435883790254592896e-01 8.564115762710571289e-01
9.025096893310546875e-01 9.749034792184829712e-02
4.466292560100555420e-01 5.533707737922668457e-01
7.296943664550781250e-01 2.703056037425994873e-01
1.564604789018630981e-01 8.435395956039428711e-01
2.637290060520172119e-01 7.362710237503051758e-01
9.021306633949279785e-01 9.786940366029739380e-02
5.126525163650512695e-01 4.873475134372711182e-01
7.423974871635437012e-01 2.576025426387786865e-01
8.549322485923767090e-01 1.450677514076232910e-01
9.811623394489288330e-02 9.018837213516235352e-01
8.810732960700988770e-01 1.189267113804817200e-01
3.971171379089355469e-01 6.028828024864196777e-01
4.737311005592346191e-01 5.262688994407653809e-01
1.077792942523956299e-01 8.922206759452819824e-01
5.995250940322875977e-01 4.004749059677124023e-01
3.055473864078521729e-01 6.944526433944702148e-01
9.159632921218872070e-01 8.403672277927398682e-02
5.497959256172180176e-02 9.450204372406005859e-01
9.045452475547790527e-01 9.545473009347915649e-02
4.928517341613769531e-01 5.071482658386230469e-01
9.404642581939697266e-01 5.953576415777206421e-02
1.537706255912780762e-01 8.462294340133666992e-01
2.828914523124694824e-01 7.171085476875305176e-01
1.954642236232757568e-01 8.045357465744018555e-01
7.433019280433654785e-01 2.566981017589569092e-01
4.167583882808685303e-01 5.832416415214538574e-01
9.133192300796508789e-01 8.668076992034912109e-02
9.247694015502929688e-01 7.523065805435180664e-02
9.914389848709106445e-01 8.560989052057266235e-03
2.655820921063423157e-02 9.734417796134948730e-01
5.126172900199890137e-01 4.873827099800109863e-01
3.012591004371643066e-01 6.987408995628356934e-01
3.989003002643585205e-01 6.010996699333190918e-01
5.578401684761047363e-01 4.421598315238952637e-01
8.014804124832153320e-01 1.985196471214294434e-01
2.013327628374099731e-01 7.986672520637512207e-01
4.520016312599182129e-01 5.479983687400817871e-01
2.517032027244567871e-01 7.482968568801879883e-01
9.535609483718872070e-01 4.643910750746726990e-02
1.127404868602752686e-01 8.872594833374023438e-01
4.491704404354095459e-01 5.508295297622680664e-01
1.057803034782409668e-01 8.942196965217590332e-01
4.675900340080261230e-01 5.324099659919738770e-01
9.642609953880310059e-01 3.573897108435630798e-02
9.760428667068481445e-01 2.395718544721603394e-02
6.001373529434204102e-01 3.998627066612243652e-01
9.722890853881835938e-01 2.771093696355819702e-02
3.291141390800476074e-01 6.708858609199523926e-01
9.054387807846069336e-01 9.456124156713485718e-02
1.445133835077285767e-01 8.554866909980773926e-01
7.998943328857421875e-01 2.001056522130966187e-01
1.863752752542495728e-01 8.136247396469116211e-01
9.681962132453918457e-01 3.180371597409248352e-02
8.715861439704895020e-01 1.284138858318328857e-01
8.112092018127441406e-01 1.887908279895782471e-01
7.297551035881042480e-01 2.702448964118957520e-01
8.875918388366699219e-01 1.124082058668136597e-01
1.491477787494659424e-01 8.508521914482116699e-01
9.768402576446533203e-01 2.315975166857242584e-02
1.531704068183898926e-01 8.468296527862548828e-01
5.932522416114807129e-01 4.067477583885192871e-01
8.578034490346908569e-02 9.142196774482727051e-01
4.537295699119567871e-01 5.462704896926879883e-01
1.200504750013351440e-01 8.799495100975036621e-01
7.939929962158203125e-01 2.060070037841796875e-01
7.330566048622131348e-01 2.669433653354644775e-01
4.864272177219390869e-01 5.135727524757385254e-01
5.456832051277160645e-01 4.543167650699615479e-01
2.534662485122680664e-01 7.465336918830871582e-01
4.109605550765991211e-01 5.890394449234008789e-01
9.252492785453796387e-01 7.475068420171737671e-02
5.129593014717102051e-01 4.870406687259674072e-01
8.075478672981262207e-01 1.924521028995513916e-01
4.029273986816406250e-01 5.970725417137145996e-01
7.197395563125610352e-01 2.802604734897613525e-01
6.437715888023376465e-01 3.562283813953399658e-01
4.584071636199951172e-01 5.415928363800048828e-01
9.547249674797058105e-01 4.527499526739120483e-02
9.021658897399902344e-01 9.783412516117095947e-02
7.476292252540588379e-01 2.523708045482635498e-01
9.366688728332519531e-01 6.333110481500625610e-02
8.381336927413940430e-01 1.618663221597671509e-01
9.723905324935913086e-01 2.760949358344078064e-02
6.605985760688781738e-02 9.339401125907897949e-01
3.753257989883422852e-01 6.246741414070129395e-01
8.994256854057312012e-01 1.005742922425270081e-01
5.483172461390495300e-02 9.451683163642883301e-01
7.102441787719726562e-01 2.897558510303497314e-01
9.012711048126220703e-01 9.872890263795852661e-02
2.362193018198013306e-01 7.637807130813598633e-01
7.516003251075744629e-01 2.483996897935867310e-01
1.502925455570220947e-01 8.497074842453002930e-01
6.841790676116943359e-01 3.158209621906280518e-01
5.607073903083801270e-01 4.392925500869750977e-01
6.562290191650390625e-01 3.437709510326385498e-01
3.706435263156890869e-01 6.293564438819885254e-01
8.485716581344604492e-01 1.514282971620559692e-01
1.934454292058944702e-01 8.065545558929443359e-01
7.328807115554809570e-01 2.671193480491638184e-01
8.804495334625244141e-01 1.195504739880561829e-01
7.206456661224365234e-01 2.793543934822082520e-01
4.841319918632507324e-01 5.158680081367492676e-01
2.299433946609497070e-01 7.700565457344055176e-01
6.773341298103332520e-01 3.226658403873443604e-01
3.784088492393493652e-01 6.215911507606506348e-01
4.025018811225891113e-01 5.974981188774108887e-01
1.204570457339286804e-01 8.795430064201354980e-01
1.168029904365539551e-01 8.831970095634460449e-01
5.822678208351135254e-01 4.177321493625640869e-01
3.155650496482849121e-01 6.844348907470703125e-01
9.475006461143493652e-01 5.249936133623123169e-02
3.379265069961547852e-01 6.620735526084899902e-01
5.072833895683288574e-01 4.927166104316711426e-01
3.280406892299652100e-01 6.719592809677124023e-01
9.714112281799316406e-01 2.858877927064895630e-02
3.767544329166412354e-01 6.232455968856811523e-01
8.864324092864990234e-01 1.135675907135009766e-01
5.776668787002563477e-01 4.223331511020660400e-01
7.212574481964111328e-01 2.787425220012664795e-01
5.412228703498840332e-01 4.587770998477935791e-01
1.436036229133605957e-01 8.563963770866394043e-01
8.709282279014587402e-01 1.290717422962188721e-01
9.621914029121398926e-01 3.780857473611831665e-02
7.285502552986145020e-01 2.714497148990631104e-01
4.794141650199890137e-01 5.205858349800109863e-01
1.623919457197189331e-01 8.376080989837646484e-01
4.407063424587249756e-01 5.592936873435974121e-01
9.219666719436645508e-01 7.803327590227127075e-02
8.644331693649291992e-01 1.355668753385543823e-01
4.126144945621490479e-01 5.873854756355285645e-01
3.579886555671691895e-01 6.420114040374755859e-01
8.652569055557250977e-01 1.347430944442749023e-01
4.186690449714660645e-01 5.813309550285339355e-01
2.996406853199005127e-01 7.003592848777770996e-01
9.195063114166259766e-01 8.049373328685760498e-02
4.851070344448089600e-01 5.148929357528686523e-01
9.617305397987365723e-01 3.826946020126342773e-02
1.775285005569458008e-01 8.224714994430541992e-01
8.203677535057067871e-01 1.796322017908096313e-01
5.431132912635803223e-01 4.568867087364196777e-01
9.524882435798645020e-01 4.751174896955490112e-02
3.779326677322387695e-01 6.220673322677612305e-01
6.575874090194702148e-01 3.424125909805297852e-01
3.766211271286010742e-01 6.233788728713989258e-01
8.492063283920288086e-01 1.507937163114547729e-01
6.472682952880859375e-01 3.527317047119140625e-01
8.351988792419433594e-01 1.648011207580566406e-01
8.249620199203491211e-01 1.750380396842956543e-01
9.297021627426147461e-01 7.029776275157928467e-02
2.834511399269104004e-01 7.165488600730895996e-01
9.543225765228271484e-01 4.567745700478553772e-02
