9.992044568061828613e-01 7.956249173730611801e-04
7.016574144363403320e-01 2.983425259590148926e-01
2.657526433467864990e-01 7.342473864555358887e-01
2.703880965709686279e-01 7.296119332313537598e-01
9.994371533393859863e-01 5.627811769954860210e-04
9.999998807907104492e-01 1.567288023807122954e-07
6.109727546572685242e-04 9.993890523910522461e-01
9.960648417472839355e-01 3.935188520699739456e-03
9.991199374198913574e-01 8.800244540907442570e-04
9.999997615814208984e-01 1.914280005621549208e-07
1.162511706352233887e-01 8.837487697601318359e-01
9.999809265136718750e-01 1.912968400574754924e-05
8.072431199252605438e-03 9.919275045394897461e-01
8.452765345573425293e-01 1.547234505414962769e-01
3.126719221472740173e-02 9.687327742576599121e-01
9.999737739562988281e-01 2.624046828714199364e-05
9.998577833175659180e-01 1.422505301889032125e-04
9.997524619102478027e-01 2.475834335200488567e-04
9.669095873832702637e-01 3.309033811092376709e-02
8.782260119915008545e-02 9.121774435043334961e-01
4.128681421279907227e-01 5.871318578720092773e-01
4.249460697174072266e-01 5.750539302825927734e-01
9.939715964719653130e-04 9.990060925483703613e-01
4.322638362646102905e-02 9.567735791206359863e-01
2.583497762680053711e-02 9.741650223731994629e-01
2.889693677425384521e-01 7.110306620597839355e-01
6.894918680191040039e-01 3.105081319808959961e-01
9.995006322860717773e-01 4.993753391318023205e-04
2.146927872672677040e-03 9.978531002998352051e-01
8.891024589538574219e-01 1.108975484967231750e-01
1.163242533802986145e-01 8.836756944656372070e-01
6.656565517187118530e-02 9.334343075752258301e-01
1.999333762796595693e-04 9.998001456260681152e-01
4.295376129448413849e-03 9.957045912742614746e-01
9.882193803787231445e-01 1.178065687417984009e-02
1.427052635699510574e-02 9.857294559478759766e-01
1.200671540573239326e-03 9.987993240356445312e-01
9.910027980804443359e-01 8.997172117233276367e-03
9.229341745376586914e-01 7.706575095653533936e-02
1.531480848789215088e-01 8.468518853187561035e-01
9.232338666915893555e-01 7.676611840724945068e-02
9.999926090240478516e-01 7.358599759754724801e-06
7.342311143875122070e-01 2.657688856124877930e-01
9.975262284278869629e-01 2.473826752975583076e-03
6.628660857677459717e-02 9.337133765220642090e-01
9.999998807907104492e-01 9.267772327348211547e-08
4.188505709171295166e-01 5.811494588851928711e-01
1.389717945130541921e-04 9.998610019683837891e-01
9.989853501319885254e-01 1.014578039757907391e-03
9.968738555908203125e-01 3.126066643744707108e-03
4.827668145298957825e-02 9.517232775688171387e-01
9.999938011169433594e-01 6.161025794426677749e-06
9.990467429161071777e-01 9.532719268463551998e-04
9.999909400939941406e-01 9.053444046003278345e-06
2.382997423410415649e-01 7.617002725601196289e-01
6.076748371124267578e-01 3.923251330852508545e-01
3.398908674716949463e-01 6.601091027259826660e-01
8.330423235893249512e-01 1.669576615095138550e-01
3.005936145782470703e-01 6.994063854217529297e-01
2.795545442495495081e-04 9.997203946113586426e-01
5.817172527313232422e-01 4.182827174663543701e-01
5.406231805682182312e-02 9.459377527236938477e-01
6.074141263961791992e-01 3.925859034061431885e-01
9.806919097900390625e-01 1.930804923176765442e-02
2.317854613065719604e-01 7.682145833969116211e-01
9.977726340293884277e-01 2.227321034297347069e-03
7.324296832084655762e-01 2.675702869892120361e-01
8.447223901748657227e-01 1.552776098251342773e-01
5.493170647241640836e-06 9.999945163726806641e-01
9.990620017051696777e-01 9.380020201206207275e-04
9.726830124855041504e-01 2.731694467365741730e-02
9.999890327453613281e-01 1.095482548407744616e-05
1.343753486871719360e-01 8.656247258186340332e-01
2.210407052189111710e-03 9.977896213531494141e-01
2.476339694112539291e-03 9.975236058235168457e-01
9.999945163726806641e-01 5.493757271324284375e-06
2.172521948814392090e-01 7.827478051185607910e-01
1.661604153923690319e-03 9.983383417129516602e-01
7.693984508514404297e-01 2.306015938520431519e-01
2.120994031429290771e-04 9.997878670692443848e-01
9.706907868385314941e-01 2.930924668908119202e-02
9.961996674537658691e-01 3.800314618274569511e-03
9.402238726615905762e-01 5.977614969015121460e-02
6.069386843591928482e-03 9.939305782318115234e-01
4.479171335697174072e-02 9.552083015441894531e-01
9.680240750312805176e-01 3.197595849633216858e-02
1.180263906717300415e-01 8.819736242294311523e-01
9.999907016754150391e-01 9.298186341766268015e-06
4.476970527321100235e-03 9.955230951309204102e-01
9.999883174896240234e-01 1.167972914117854089e-05
1.761201024055480957e-02 9.823879599571228027e-01
9.999601840972900391e-01 3.986323281424120069e-05
8.168834447860717773e-01 1.831165701150894165e-01
2.156953811645507812e-01 7.843046188354492188e-01
3.866579849272966385e-03 9.961334466934204102e-01
9.998127818107604980e-01 1.871895801741629839e-04
9.701032638549804688e-01 2.989668771624565125e-02
6.383953243494033813e-02 9.361604452133178711e-01
8.253411054611206055e-01 1.746588498353958130e-01
1.699973940849304199e-01 8.300026059150695801e-01
9.620919823646545410e-01 3.790805861353874207e-02
9.766432046890258789e-01 2.335684373974800110e-02
1.273045199923217297e-03 9.987269043922424316e-01
5.578575730323791504e-01 4.421424567699432373e-01
1.184134744107723236e-02 9.881586432456970215e-01
8.379922248423099518e-03 9.916200637817382812e-01
9.602874517440795898e-03 9.903970956802368164e-01
1.420710235834121704e-01 8.579289317131042480e-01
9.417523145675659180e-01 5.824764817953109741e-02
9.912999272346496582e-01 8.700101636350154877e-03
5.686157383024692535e-04 9.994313120841979980e-01
5.001186582376249135e-05 9.999499320983886719e-01
1.140936929732561111e-02 9.885906577110290527e-01
1.306678820401430130e-02 9.869332313537597656e-01
9.954633116722106934e-01 4.536654334515333176e-03
9.939414262771606445e-01 6.058563943952322006e-03
9.999965429306030273e-01 3.406752966839121655e-06
9.988920092582702637e-01 1.107973046600818634e-03
5.006817518733441830e-04 9.994993209838867188e-01
3.805923042818903923e-04 9.996193647384643555e-01
5.912149548530578613e-01 4.087850153446197510e-01
9.999605417251586914e-01 3.947909135604277253e-05
3.134464845061302185e-03 9.968655705451965332e-01
9.971850514411926270e-01 2.814969047904014587e-03
5.066277384757995605e-01 4.933722615242004395e-01
9.998018145561218262e-01 1.981860987143591046e-04
6.765678408555686474e-04 9.993234872817993164e-01
9.170106798410415649e-02 9.082989692687988281e-01
9.926297664642333984e-01 7.370240520685911179e-03
8.518940955400466919e-02 9.148105978965759277e-01
4.204117227345705032e-03 9.957958459854125977e-01
1.732503250241279602e-02 9.826750159263610840e-01
9.667897224426269531e-01 3.321028128266334534e-02
8.018266558647155762e-01 1.981733292341232300e-01
4.138244548812508583e-04 9.995861649513244629e-01
2.390664964914321899e-01 7.609335184097290039e-01
6.699136495590209961e-01 3.300863206386566162e-01
9.761767387390136719e-01 2.382329478859901428e-02
2.288816729560494423e-03 9.977111816406250000e-01
7.448140978813171387e-01 2.551859319210052490e-01
2.026235684752464294e-02 9.797376990318298340e-01
6.714434857713058591e-05 9.999328851699829102e-01
9.980142116546630859e-01 1.985775539651513100e-03
2.958999872207641602e-01 7.041000127792358398e-01
5.781903266906738281e-01 4.218096733093261719e-01
9.710429310798645020e-01 2.895708195865154266e-02
3.386562457308173180e-04 9.996613264083862305e-01
9.220846295356750488e-01 7.791531831026077271e-02
4.527712762355804443e-01 5.472286939620971680e-01
2.239719182252883911e-01 7.760281562805175781e-01
3.222061395645141602e-01 6.777938604354858398e-01
1.461134233977645636e-04 9.998538494110107422e-01
9.996746778488159180e-01 3.252807364333420992e-04
9.999284744262695312e-01 7.148517033783718944e-05
9.573029279708862305e-01 4.269712790846824646e-02
9.891005158424377441e-01 1.089947950094938278e-02
6.263788938522338867e-01 3.736210465431213379e-01
1.294022351503372192e-01 8.705977201461791992e-01
1.939625944942235947e-04 9.998061060905456543e-01
9.991756081581115723e-01 8.244055206887423992e-04
1.107805408537387848e-03 9.988922476768493652e-01
9.848653078079223633e-01 1.513472944498062134e-02
9.994515776634216309e-01 5.484657012857496738e-04
9.985053539276123047e-01 1.494717667810618877e-03
1.851936429738998413e-02 9.814806580543518066e-01
9.999405145645141602e-01 5.953869185759685934e-05
1.751077175140380859e-02 9.824892282485961914e-01
9.981185793876647949e-01 1.881381613202393055e-03
9.748245477676391602e-01 2.517542243003845215e-02
1.511454135179519653e-01 8.488546013832092285e-01
9.049285650253295898e-01 9.507143497467041016e-02
3.876111656427383423e-02 9.612389206886291504e-01
9.793418049812316895e-01 2.065818756818771362e-02
9.466734528541564941e-01 5.332650616765022278e-02
4.091827943921089172e-02 9.590817093849182129e-01
3.550131022930145264e-01 6.449868679046630859e-01
4.872025456279516220e-04 9.995127916336059570e-01
9.999996423721313477e-01 3.568274848930741427e-07
6.796843081247061491e-05 9.999320507049560547e-01
9.880867004394531250e-01 1.191325765103101730e-02
9.982554316520690918e-01 1.744608976878225803e-03
6.533304986078292131e-05 9.999346733093261719e-01
3.442986905574798584e-01 6.557013392448425293e-01
8.457623720169067383e-01 1.542376428842544556e-01
5.393249914050102234e-02 9.460674524307250977e-01
7.451745271682739258e-01 2.548254430294036865e-01
4.029534459114074707e-01 5.970465540885925293e-01
9.999248981475830078e-01 7.505535177187994123e-05
4.691130518913269043e-01 5.308870077133178711e-01
9.973560571670532227e-01 2.643950050696730614e-03
9.996398687362670898e-01 3.601200587581843138e-04
9.916357994079589844e-01 8.364194072782993317e-03
1.829734444618225098e-02 9.817026853561401367e-01
9.861913919448852539e-01 1.380858477205038071e-02
