1.119365356862545013e-02 9.888063669204711914e-01
3.579427357180975378e-06 9.999964237213134766e-01
7.681945338845252991e-03 9.923180341720581055e-01
7.099383310560369864e-06 9.999928474426269531e-01
1.853801659308373928e-04 9.998146891593933105e-01
2.722575345615041442e-06 9.999972581863403320e-01
3.007703980983933434e-06 9.999970197677612305e-01
4.285432441974990070e-05 9.999570846557617188e-01
1.220437043230049312e-04 9.998779296875000000e-01
9.067036330634437036e-07 9.999990463256835938e-01
2.660347148776054382e-03 9.973396658897399902e-01
4.984752649761503562e-06 9.999949932098388672e-01
9.566837549209594727e-01 4.331627860665321350e-02
7.313023786991834641e-03 9.926869869232177734e-01
2.867883769795298576e-03 9.971320629119873047e-01
1.034789718687534332e-03 9.989652633666992188e-01
3.220929727376642404e-07 9.999996423721313477e-01
1.770512312759819906e-06 9.999982118606567383e-01
4.840993136167526245e-02 9.515900611877441406e-01
7.890847045928239822e-04 9.992108345031738281e-01
9.596474228601437062e-07 9.999990463256835938e-01
5.577893927693367004e-03 9.944221377372741699e-01
1.034807355608791113e-04 9.998965263366699219e-01
1.039384151226840913e-04 9.998960494995117188e-01
6.335383659461513162e-05 9.999366998672485352e-01
3.581482768058776855e-01 6.418517231941223145e-01
9.973884224891662598e-01 2.611565403640270233e-03
5.123155117034912109e-01 4.876845180988311768e-01
4.518352914601564407e-03 9.954816102981567383e-01
9.976308345794677734e-01 2.369134454056620598e-03
5.551644335355376825e-06 9.999943971633911133e-01
9.289101399190258235e-06 9.999907016754150391e-01
1.447886315872892737e-04 9.998551607131958008e-01
9.997388720512390137e-01 2.611305972095578909e-04
5.055009387433528900e-03 9.949449896812438965e-01
2.864943598979152739e-05 9.999713897705078125e-01
1.232987362891435623e-02 9.876700639724731445e-01
2.900614868849515915e-03 9.970993995666503906e-01
3.411932539165718481e-06 9.999965429306030273e-01
2.014625642914324999e-04 9.997985959053039551e-01
6.688987463712692261e-02 9.331101775169372559e-01
9.999787807464599609e-01 2.117252370226196945e-05
5.612063407897949219e-01 4.387937188148498535e-01
9.986630678176879883e-01 1.336969784460961819e-03
1.508439595454547089e-06 9.999984502792358398e-01
9.217715705744922161e-05 9.999078512191772461e-01
5.347601836547255516e-04 9.994652867317199707e-01
6.399722769856452942e-03 9.936002492904663086e-01
3.652772866189479828e-03 9.963472485542297363e-01
7.576054334640502930e-02 9.242394566535949707e-01
1.969866752915550023e-05 9.999803304672241211e-01
1.036948710680007935e-02 9.896305203437805176e-01
1.489011651756300125e-06 9.999985694885253906e-01
8.231602311134338379e-01 1.768397688865661621e-01
5.850003435625694692e-05 9.999414682388305664e-01
2.746590325841680169e-05 9.999725818634033203e-01
9.425630420446395874e-02 9.057437181472778320e-01
3.312425405965768732e-06 9.999966621398925781e-01
8.960846571426372975e-06 9.999910593032836914e-01
6.781706470064818859e-04 9.993218183517456055e-01
3.125457838177680969e-02 9.687454700469970703e-01
2.817530685206293128e-06 9.999971389770507812e-01
1.207992881536483765e-01 8.792007565498352051e-01
6.776129603385925293e-01 3.223870396614074707e-01
5.579647677222965285e-06 9.999943971633911133e-01
8.470267988741397858e-03 9.915297031402587891e-01
2.323431544937193394e-05 9.999767541885375977e-01
2.999921515583992004e-02 9.700008630752563477e-01
4.765673074871301651e-03 9.952343106269836426e-01
1.647424697875976562e-02 9.835257530212402344e-01
1.223780418513342738e-04 9.998775720596313477e-01
5.616208654828369617e-04 9.994383454322814941e-01
3.299640866316622123e-06 9.999966621398925781e-01
1.483502128394320607e-04 9.998515844345092773e-01
4.697396434494294226e-06 9.999953508377075195e-01
6.418436765670776367e-02 9.358155727386474609e-01
2.228811830282211304e-01 7.771188616752624512e-01
3.798089222982525826e-03 9.962019324302673340e-01
1.117016267926373985e-06 9.999989271163940430e-01
1.101773753762245178e-01 8.898226618766784668e-01
2.726633846759796143e-01 7.273365855216979980e-01
3.724696580320596695e-04 9.996274709701538086e-01
2.713960362598299980e-03 9.972860813140869141e-01
1.185833534691482782e-04 9.998813867568969727e-01
8.218101859092712402e-01 1.781898289918899536e-01
1.024102908559143543e-03 9.989758729934692383e-01
8.561428189277648926e-01 1.438571661710739136e-01
9.963890314102172852e-01 3.611053572967648506e-03
2.634340262375189923e-06 9.999973773956298828e-01
3.069793137910892256e-06 9.999969005584716797e-01
1.133310049772262573e-01 8.866690397262573242e-01
2.273404598236083984e-01 7.726594805717468262e-01
2.985545506817288697e-05 9.999701976776123047e-01
4.467901308089494705e-04 9.995531439781188965e-01
2.091798342007678002e-05 9.999791383743286133e-01
1.655456610023975372e-02 9.834454655647277832e-01
3.756841123104095459e-01 6.243159174919128418e-01
2.519061863422393799e-01 7.480938434600830078e-01
9.795476216822862625e-04 9.990204572677612305e-01
4.961346276104450226e-03 9.950386881828308105e-01
5.231812338024610654e-06 9.999947547912597656e-01
7.307863143068971112e-06 9.999927282333374023e-01
7.727958261966705322e-02 9.227203726768493652e-01
9.964314699172973633e-01 3.568533342331647873e-03
7.413133280351758003e-04 9.992586970329284668e-01
5.673462965205544606e-06 9.999942779541015625e-01
9.431820362806320190e-03 9.905682206153869629e-01
9.998924732208251953e-01 1.075001418939791620e-04
4.796910161530831829e-06 9.999952316284179688e-01
6.488100189017131925e-05 9.999351501464843750e-01
7.802245818311348557e-06 9.999922513961791992e-01
2.499698666724725626e-06 9.999974966049194336e-01
1.501267403364181519e-02 9.849873185157775879e-01
7.534600445069372654e-05 9.999246597290039062e-01
2.228816039860248566e-03 9.977712631225585938e-01
1.468646928515227046e-06 9.999985694885253906e-01
2.194414410041645169e-04 9.997805953025817871e-01
8.313358193845488131e-06 9.999916553497314453e-01
1.974676176905632019e-02 9.802532196044921875e-01
4.000006914138793945e-01 5.999993085861206055e-01
4.248442947864532471e-01 5.751556754112243652e-01
6.805094890296459198e-03 9.931949377059936523e-01
2.004020614549517632e-03 9.979959726333618164e-01
6.189666601130738854e-05 9.999381303787231445e-01
2.460887480992823839e-04 9.997538924217224121e-01
9.647152182878926396e-05 9.999035596847534180e-01
8.760879039764404297e-01 1.239121332764625549e-01
3.135149427180294879e-06 9.999969005584716797e-01
3.256613910198211670e-01 6.743386387825012207e-01
1.726654409139882773e-05 9.999827146530151367e-01
6.436487287282943726e-02 9.356351494789123535e-01
1.671398931648582220e-04 9.998328685760498047e-01
7.819538116455078125e-01 2.180461585521697998e-01
9.991185069084167480e-01 8.814889006316661835e-04
7.447640299797058105e-01 2.552359998226165771e-01
2.606543239380698651e-05 9.999738931655883789e-01
1.428780406713485718e-01 8.571219444274902344e-01
9.347382001578807831e-03 9.906526803970336914e-01
2.905992914747912437e-06 9.999971389770507812e-01
9.991810917854309082e-01 8.188936044462025166e-04
2.986053936183452606e-03 9.970139265060424805e-01
7.520483904954744503e-06 9.999924898147583008e-01
1.840578508563339710e-03 9.981594681739807129e-01
4.646996603696607053e-05 9.999535083770751953e-01
4.537491500377655029e-02 9.546251296997070312e-01
8.380676736123859882e-04 9.991619586944580078e-01
5.671860184520483017e-03 9.943282008171081543e-01
1.759319275151938200e-06 9.999982118606567383e-01
7.841920256614685059e-01 2.158079892396926880e-01
2.124310958606656641e-05 9.999787807464599609e-01
2.833631242538103834e-06 9.999971389770507812e-01
9.389480352401733398e-01 6.105189025402069092e-02
3.272089362144470215e-01 6.727910637855529785e-01
3.518156409263610840e-01 6.481843590736389160e-01
9.545012744638370350e-07 9.999990463256835938e-01
1.433434681530343369e-05 9.999856948852539062e-01
1.132439449429512024e-02 9.886755943298339844e-01
2.486256562406197190e-06 9.999974966049194336e-01
9.725626707077026367e-01 2.743732742965221405e-02
9.343139390693977475e-05 9.999065399169921875e-01
3.573426045477390289e-03 9.964265227317810059e-01
3.626966848969459534e-02 9.637303948402404785e-01
1.790990238077938557e-03 9.982089996337890625e-01
5.139043423696421087e-05 9.999486207962036133e-01
2.787050616461783648e-04 9.997212290763854980e-01
1.058089947036933154e-05 9.999893903732299805e-01
9.995384216308593750e-01 4.616503138095140457e-04
1.135017201304435730e-01 8.864982724189758301e-01
2.432588860392570496e-02 9.756740927696228027e-01
1.893598164315335453e-05 9.999810457229614258e-01
9.988916516304016113e-01 1.108374912291765213e-03
9.999850988388061523e-01 1.486449764342978597e-05
6.777024100301787257e-05 9.999321699142456055e-01
7.058499380946159363e-03 9.929414987564086914e-01
2.389615774154663086e-02 9.761038422584533691e-01
3.269624430686235428e-04 9.996730089187622070e-01
2.262291309307329357e-05 9.999773502349853516e-01
5.045108537160558626e-06 9.999949932098388672e-01
2.998539712280035019e-03 9.970014691352844238e-01
7.570728063583374023e-01 2.429272085428237915e-01
7.919879257678985596e-02 9.208012223243713379e-01
3.006657352671027184e-03 9.969933032989501953e-01
1.628421159693971276e-04 9.998371601104736328e-01
1.220715581439435482e-03 9.987792372703552246e-01
1.003287956118583679e-01 8.996711969375610352e-01
2.258556038141250610e-01 7.741444110870361328e-01
3.319309353828430176e-01 6.680690646171569824e-01
2.953032526420429349e-05 9.999704360961914062e-01
5.658657300955383107e-06 9.999943971633911133e-01
8.020285964012145996e-01 1.979713588953018188e-01
1.779086596798151731e-05 9.999822378158569336e-01
1.026102527976036072e-01 8.973897099494934082e-01
3.022039867937564850e-02 9.697796106338500977e-01
9.938003420829772949e-01 6.199667695909738541e-03
