4.711527228355407715e-01 5.288472771644592285e-01
5.877799987792968750e-01 4.122200310230255127e-01
2.085871696472167969e-01 7.914128303527832031e-01
3.608869016170501709e-01 6.391131281852722168e-01
3.953629434108734131e-01 6.046370863914489746e-01
5.383033752441406250e-01 4.616966247558593750e-01
2.449519038200378418e-01 7.550480961799621582e-01
5.486273765563964844e-01 4.513726234436035156e-01
3.234016597270965576e-01 6.765983104705810547e-01
7.552688717842102051e-01 2.447311729192733765e-01
2.874863743782043457e-01 7.125136256217956543e-01
7.516539096832275391e-01 2.483461350202560425e-01
3.580600023269653320e-01 6.419399380683898926e-01
7.034520506858825684e-01 2.965479493141174316e-01
6.389741897583007812e-01 3.610257804393768311e-01
5.455387830734252930e-01 4.544611871242523193e-01
2.511878609657287598e-01 7.488121390342712402e-01
5.419006943702697754e-01 4.580993056297302246e-01
3.074193894863128662e-01 6.925805807113647461e-01
3.518172502517700195e-01 6.481827497482299805e-01
3.918288052082061768e-01 6.081712245941162109e-01
4.336295723915100098e-01 5.663703680038452148e-01
2.802879810333251953e-01 7.197120189666748047e-01
2.633036971092224121e-01 7.366963028907775879e-01
2.295787483453750610e-01 7.704212069511413574e-01
4.536201059818267822e-01 5.463798642158508301e-01
3.949041366577148438e-01 6.050959229469299316e-01
7.826485633850097656e-01 2.173514217138290405e-01
1.920797228813171387e-01 8.079202771186828613e-01
3.893952071666717529e-01 6.106047630310058594e-01
2.544740736484527588e-01 7.455258965492248535e-01
5.957505702972412109e-01 4.042493999004364014e-01
2.579280436038970947e-01 7.420719861984252930e-01
2.176794111728668213e-01 7.823206186294555664e-01
2.915301918983459473e-01 7.084697484970092773e-01
6.105454564094543457e-01 3.894545137882232666e-01
2.492122203111648560e-01 7.507877349853515625e-01
4.523054063320159912e-01 5.476946234703063965e-01
1.654845029115676880e-01 8.345154523849487305e-01
7.425349950790405273e-01 2.574650347232818604e-01
2.309205681085586548e-01 7.690794467926025391e-01
3.168579339981079102e-01 6.831420660018920898e-01
2.619959712028503418e-01 7.380040287971496582e-01
6.694865822792053223e-01 3.305133879184722900e-01
2.202840298414230347e-01 7.797158956527709961e-01
5.952831506729125977e-01 4.047168493270874023e-01
2.773480415344238281e-01 7.226519584655761719e-01
6.233320832252502441e-01 3.766679167747497559e-01
1.759769320487976074e-01 8.240230083465576172e-01
6.289993524551391602e-01 3.710006177425384521e-01
1.985656172037124634e-01 8.014343976974487305e-01
7.503511905670166016e-01 2.496487796306610107e-01
2.103817909955978394e-01 7.896182537078857422e-01
6.073122620582580566e-01 3.926877379417419434e-01
2.031799107789993286e-01 7.968201041221618652e-01
5.546373128890991211e-01 4.453626871109008789e-01
2.586102187633514404e-01 7.413898110389709473e-01
6.452279090881347656e-01 3.547720909118652344e-01
3.906930685043334961e-01 6.093069911003112793e-01
7.451997995376586914e-01 2.548002004623413086e-01
3.220811486244201660e-01 6.779188513755798340e-01
6.664096117019653320e-01 3.335904479026794434e-01
2.791399061679840088e-01 7.208601236343383789e-01
5.714611411094665527e-01 4.285388588905334473e-01
2.165078818798065186e-01 7.834920883178710938e-01
6.565122008323669434e-01 3.434878289699554443e-01
2.916046679019927979e-01 7.083953619003295898e-01
6.896039247512817383e-01 3.103961348533630371e-01
2.946030199527740479e-01 7.053969502449035645e-01
4.507537484169006348e-01 5.492462515830993652e-01
2.336108982563018799e-01 7.663891315460205078e-01
4.873076677322387695e-01 5.126923322677612305e-01
2.936419248580932617e-01 7.063580751419067383e-01
3.519150614738464355e-01 6.480849385261535645e-01
3.923991024494171143e-01 6.076009273529052734e-01
7.427782416343688965e-01 2.572217583656311035e-01
3.419091701507568359e-01 6.580908298492431641e-01
4.033424556255340576e-01 5.966575741767883301e-01
2.593587040901184082e-01 7.406412959098815918e-01
5.246106982231140137e-01 4.753892719745635986e-01
2.286798655986785889e-01 7.713201642036437988e-01
8.478896617889404297e-01 1.521103680133819580e-01
2.467272728681564331e-01 7.532727718353271484e-01
5.606536269187927246e-01 4.393464028835296631e-01
3.574314713478088379e-01 6.425685286521911621e-01
4.298552274703979492e-01 5.701448321342468262e-01
2.671803534030914307e-01 7.328196763992309570e-01
5.640586614608764648e-01 4.359413087368011475e-01
3.779683709144592285e-01 6.220316290855407715e-01
4.346074163913726807e-01 5.653926134109497070e-01
3.499388396739959717e-01 6.500611901283264160e-01
2.988856136798858643e-01 7.011144161224365234e-01
2.547941803932189941e-01 7.452058196067810059e-01
7.824331521987915039e-01 2.175668627023696899e-01
3.020379543304443359e-01 6.979621052742004395e-01
7.043680548667907715e-01 2.956319451332092285e-01
2.887814044952392578e-01 7.112185955047607422e-01
2.727251350879669189e-01 7.272748947143554688e-01
2.296036332845687866e-01 7.703963518142700195e-01
6.947894096374511719e-01 3.052106201648712158e-01
3.657974302768707275e-01 6.342025995254516602e-01
6.689493656158447266e-01 3.310506343841552734e-01
1.811362802982330322e-01 8.188637495040893555e-01
5.480318069458007812e-01 4.519681334495544434e-01
2.453188300132751465e-01 7.546811699867248535e-01
5.193657279014587402e-01 4.806342422962188721e-01
2.556562125682830811e-01 7.443438172340393066e-01
5.728572010993957520e-01 4.271428287029266357e-01
3.865734934806823730e-01 6.134264469146728516e-01
6.614613533020019531e-01 3.385386466979980469e-01
1.495391726493835449e-01 8.504608273506164551e-01
7.658350467681884766e-01 2.341648936271667480e-01
2.876500785350799561e-01 7.123498916625976562e-01
6.485687494277954102e-01 3.514312505722045898e-01
4.139271676540374756e-01 5.860728025436401367e-01
4.255523681640625000e-01 5.744476318359375000e-01
2.142606228590011597e-01 7.857394218444824219e-01
6.253121495246887207e-01 3.746878504753112793e-01
3.836303353309631348e-01 6.163697242736816406e-01
3.102977871894836426e-01 6.897022128105163574e-01
3.511492311954498291e-01 6.488507986068725586e-01
4.566091895103454590e-01 5.433908104896545410e-01
3.613581061363220215e-01 6.386418938636779785e-01
6.394771933555603027e-01 3.605228066444396973e-01
2.641101181507110596e-01 7.358899116516113281e-01
6.209543943405151367e-01 3.790455758571624756e-01
2.010205239057540894e-01 7.989794015884399414e-01
3.509272336959838867e-01 6.490728259086608887e-01
3.026700615882873535e-01 6.973299384117126465e-01
6.852930188179016113e-01 3.147069811820983887e-01
2.984631359577178955e-01 7.015368342399597168e-01
6.903154850006103516e-01 3.096845448017120361e-01
2.211331576108932495e-01 7.788668870925903320e-01
3.805860579013824463e-01 6.194139719009399414e-01
2.451267987489700317e-01 7.548731565475463867e-01
8.462296724319458008e-01 1.537703275680541992e-01
2.623036801815032959e-01 7.376962900161743164e-01
6.950162053108215332e-01 3.049837648868560791e-01
2.639946639537811279e-01 7.360053062438964844e-01
6.699513792991638184e-01 3.300486505031585693e-01
2.980879247188568115e-01 7.019120454788208008e-01
7.623953223228454590e-01 2.376046776771545410e-01
2.536598742008209229e-01 7.463401556015014648e-01
3.881847560405731201e-01 6.118152141571044922e-01
2.950251996517181396e-01 7.049748301506042480e-01
6.121623516082763672e-01 3.878376185894012451e-01
2.450623512268066406e-01 7.549377083778381348e-01
6.413394212722778320e-01 3.586605489253997803e-01
2.818020880222320557e-01 7.181979417800903320e-01
7.154394984245300293e-01 2.845605313777923584e-01
2.107864469289779663e-01 7.892135977745056152e-01
4.518807828426361084e-01 5.481191873550415039e-01
2.403801530599594116e-01 7.596198320388793945e-01
4.726549386978149414e-01 5.273450613021850586e-01
2.250577807426452637e-01 7.749422192573547363e-01
6.868496537208557129e-01 3.131503462791442871e-01
2.313988208770751953e-01 7.686011791229248047e-01
7.189105749130249023e-01 2.810894846916198730e-01
2.106501907110214233e-01 7.893497943878173828e-01
6.402012705802917480e-01 3.597987294197082520e-01
2.545997202396392822e-01 7.454002499580383301e-01
4.085209667682647705e-01 5.914790034294128418e-01
2.695552408695220947e-01 7.304447293281555176e-01
6.062706708908081055e-01 3.937293291091918945e-01
2.040302157402038574e-01 7.959697842597961426e-01
4.995652437210083008e-01 5.004347562789916992e-01
2.816279828548431396e-01 7.183719873428344727e-01
6.215798854827880859e-01 3.784200847148895264e-01
2.342409342527389526e-01 7.657590508460998535e-01
6.401949524879455566e-01 3.598050475120544434e-01
3.938590288162231445e-01 6.061409711837768555e-01
5.916774868965148926e-01 4.083225727081298828e-01
2.606591582298278809e-01 7.393407821655273438e-01
6.435048580169677734e-01 3.564951121807098389e-01
2.816450893878936768e-01 7.183548808097839355e-01
6.089578866958618164e-01 3.910421431064605713e-01
2.156867235898971558e-01 7.843133211135864258e-01
5.316070914268493652e-01 4.683928787708282471e-01
2.413649111986160278e-01 7.586351633071899414e-01
4.044970273971557617e-01 5.955029726028442383e-01
2.163386791944503784e-01 7.836613655090332031e-01
6.053742170333862305e-01 3.946257829666137695e-01
2.773178815841674805e-01 7.226821184158325195e-01
4.215801358222961426e-01 5.784198641777038574e-01
2.966729998588562012e-01 7.033270001411437988e-01
7.243968248367309570e-01 2.756032049655914307e-01
2.493130415678024292e-01 7.506870031356811523e-01
6.459507346153259277e-01 3.540493249893188477e-01
3.437125384807586670e-01 6.562874317169189453e-01
4.701018631458282471e-01 5.298981666564941406e-01
3.223930895328521729e-01 6.776068806648254395e-01
7.367213368415832520e-01 2.632786929607391357e-01
2.295455336570739746e-01 7.704544663429260254e-01
3.945653736591339111e-01 6.054346561431884766e-01
