1.071632777893682942e-05 9.999892711639404297e-01
3.572124289348721504e-03 9.964278340339660645e-01
1.107986554416129366e-05 9.999889135360717773e-01
9.915509508573450148e-06 9.999901056289672852e-01
2.513751387596130371e-04 9.997486472129821777e-01
1.126946415752172470e-03 9.988730549812316895e-01
8.080910447461064905e-06 9.999918937683105469e-01
2.698100161069305614e-06 9.999972581863403320e-01
3.696954308907152154e-06 9.999963045120239258e-01
1.166772835858864710e-05 9.999883174896240234e-01
7.783294677210506052e-06 9.999922513961791992e-01
4.948504738422343507e-06 9.999949932098388672e-01
4.789852027897723019e-06 9.999952316284179688e-01
2.230858081020414829e-05 9.999777078628540039e-01
1.359481539111584425e-04 9.998639822006225586e-01
3.763439735848805867e-06 9.999961853027343750e-01
1.197753135784296319e-05 9.999880790710449219e-01
2.815024799929233268e-06 9.999971389770507812e-01
1.523394370451569557e-03 9.984765648841857910e-01
1.097804306482430547e-05 9.999890327453613281e-01
7.189483767433557659e-06 9.999928474426269531e-01
4.679814992414321750e-06 9.999953508377075195e-01
9.758174201124347746e-06 9.999902248382568359e-01
2.305467887708800845e-06 9.999977350234985352e-01
4.058682861796114594e-06 9.999959468841552734e-01
5.270694146020105109e-06 9.999947547912597656e-01
4.222287330776453018e-03 9.957777261734008789e-01
2.001062239287421107e-05 9.999799728393554688e-01
4.955791155225597322e-06 9.999949932098388672e-01
4.209235157759394497e-06 9.999958276748657227e-01
2.505695447325706482e-03 9.974943399429321289e-01
9.260839223861694336e-01 7.391603291034698486e-02
8.923119821702130139e-06 9.999910593032836914e-01
3.026959893759340048e-05 9.999697208404541016e-01
6.594205842702649534e-06 9.999934434890747070e-01
9.036175470100715756e-06 9.999909400939941406e-01
8.418583869934082031e-01 1.581416130065917969e-01
6.890008535265224054e-06 9.999930858612060547e-01
1.096268370747566223e-02 9.890373349189758301e-01
2.984573711728444323e-06 9.999970197677612305e-01
1.056036489899270236e-05 9.999893903732299805e-01
9.502205066382884979e-04 9.990497231483459473e-01
5.183223493077093735e-06 9.999948740005493164e-01
6.152506102807819843e-06 9.999938011169433594e-01
3.336444706292240880e-06 9.999966621398925781e-01
5.695715299225412309e-05 9.999430179595947266e-01
4.066478140885010362e-06 9.999959468841552734e-01
9.954684227705001831e-02 9.004531502723693848e-01
9.955325126647949219e-01 4.467493388801813126e-03
1.681579306023195386e-06 9.999983310699462891e-01
1.877984573184221517e-06 9.999980926513671875e-01
3.405047891646972857e-06 9.999965429306030273e-01
9.990289211273193359e-01 9.710985468700528145e-04
7.948196071083657444e-06 9.999920129776000977e-01
9.273991054215002805e-06 9.999907016754150391e-01
1.264304228243418038e-05 9.999873638153076172e-01
1.897430820463341661e-06 9.999980926513671875e-01
2.422112402200582437e-06 9.999976158142089844e-01
4.551015535980695859e-06 9.999954700469970703e-01
4.197581802145577967e-06 9.999958276748657227e-01
3.307387714812648483e-06 9.999966621398925781e-01
1.248214539373293519e-05 9.999874830245971680e-01
4.037411144963698462e-06 9.999959468841552734e-01
4.120203852653503418e-02 9.587979912757873535e-01
2.636900535435415804e-05 9.999736547470092773e-01
2.390266672591678798e-06 9.999976158142089844e-01
6.244062205951195210e-06 9.999938011169433594e-01
1.960175484418869019e-01 8.039824366569519043e-01
9.789156138140242547e-06 9.999902248382568359e-01
6.092199328122660518e-06 9.999939203262329102e-01
5.072442069649696350e-02 9.492756128311157227e-01
9.104510354518424720e-06 9.999909400939941406e-01
1.612404230399988592e-05 9.999839067459106445e-01
7.049524690955877304e-03 9.929504394531250000e-01
7.158489432185888290e-03 9.928414821624755859e-01
5.580467131949262694e-06 9.999943971633911133e-01
1.439736570318927988e-05 9.999855756759643555e-01
1.794624608919548336e-06 9.999982118606567383e-01
4.988024556951131672e-06 9.999949932098388672e-01
5.851921741850674152e-06 9.999941587448120117e-01
1.948013050423469394e-06 9.999980926513671875e-01
1.047162004397250712e-05 9.999895095825195312e-01
6.806727469665929675e-05 9.999319314956665039e-01
2.169636218241066672e-06 9.999978542327880859e-01
4.533813353191362694e-06 9.999954700469970703e-01
3.313398565296665765e-06 9.999966621398925781e-01
3.984598151873797178e-06 9.999960660934448242e-01
1.128794701799051836e-05 9.999886751174926758e-01
9.539421625959221274e-06 9.999904632568359375e-01
2.173749180656159297e-06 9.999978542327880859e-01
1.561716453579720110e-05 9.999843835830688477e-01
3.135671615600585938e-01 6.864328980445861816e-01
2.910039029302424751e-06 9.999971389770507812e-01
9.998089671134948730e-01 1.910618593683466315e-04
1.090669775294372812e-05 9.999891519546508789e-01
2.391404450463596731e-06 9.999976158142089844e-01
9.269181464333087206e-05 9.999072551727294922e-01
6.421191501431167126e-04 9.993578791618347168e-01
1.994581225517322309e-06 9.999979734420776367e-01
4.227745812386274338e-04 9.995772242546081543e-01
2.585258516774047166e-05 9.999741315841674805e-01
9.951127171516418457e-01 4.887264687567949295e-03
8.931522965431213379e-01 1.068476960062980652e-01
7.675198721699416637e-04 9.992325305938720703e-01
3.141230990877375007e-06 9.999969005584716797e-01
2.375178155489265919e-06 9.999976158142089844e-01
9.410301572643220425e-06 9.999905824661254883e-01
4.946641183778410777e-06 9.999951124191284180e-01
9.518910701444838196e-06 9.999904632568359375e-01
1.160215197160141543e-05 9.999884366989135742e-01
8.514244655088987201e-06 9.999915361404418945e-01
1.479883394495118409e-06 9.999985694885253906e-01
1.498501223977655172e-04 9.998501539230346680e-01
4.637245183403138071e-06 9.999953508377075195e-01
4.700829322246136144e-06 9.999953508377075195e-01
1.122056801250437275e-05 9.999887943267822266e-01
3.717722620422136970e-06 9.999963045120239258e-01
2.386972710155532695e-06 9.999976158142089844e-01
9.039252290676813573e-06 9.999909400939941406e-01
6.547788871102966368e-06 9.999934434890747070e-01
3.557846639523631893e-06 9.999964237213134766e-01
9.925842285156250000e-01 7.415839005261659622e-03
2.488109021214768291e-05 9.999750852584838867e-01
9.193847290589474142e-06 9.999908208847045898e-01
2.455147523505729623e-06 9.999974966049194336e-01
3.856649982481030747e-06 9.999961853027343750e-01
3.325744473841041327e-04 9.996674060821533203e-01
2.300772466696798801e-04 9.997699856758117676e-01
6.085213954065693542e-06 9.999939203262329102e-01
6.247830390930175781e-02 9.375216364860534668e-01
8.557277033105492592e-04 9.991441965103149414e-01
4.522629454731941223e-02 9.547736644744873047e-01
2.989077074744272977e-06 9.999970197677612305e-01
5.720026820199564099e-06 9.999942779541015625e-01
3.693316248245537281e-04 9.996306896209716797e-01
7.848992936487775296e-06 9.999921321868896484e-01
6.651541298197116703e-06 9.999933242797851562e-01
2.260611290694214404e-05 9.999773502349853516e-01
8.060374966589733958e-06 9.999918937683105469e-01
5.736196726502384990e-06 9.999942779541015625e-01
4.511957522481679916e-04 9.995487332344055176e-01
1.337526919087395072e-05 9.999866485595703125e-01
3.553048827598104253e-06 9.999964237213134766e-01
3.289147116447566077e-06 9.999966621398925781e-01
1.368408175039803609e-05 9.999862909317016602e-01
7.438640750478953123e-06 9.999926090240478516e-01
1.917830104503082111e-06 9.999980926513671875e-01
2.606758382171392441e-03 9.973932504653930664e-01
1.907180376292672008e-06 9.999980926513671875e-01
5.699949724657926708e-06 9.999942779541015625e-01
5.882067853235639632e-06 9.999941587448120117e-01
3.356043889652937651e-04 9.996644258499145508e-01
1.855576329035102390e-06 9.999980926513671875e-01
2.271290213684551418e-06 9.999977350234985352e-01
5.216497356741456315e-06 9.999947547912597656e-01
2.188680582548840903e-06 9.999978542327880859e-01
5.901086751691764221e-06 9.999940395355224609e-01
2.925967692135600373e-06 9.999970197677612305e-01
4.068254565936513245e-05 9.999593496322631836e-01
3.179242412443272769e-05 9.999681711196899414e-01
1.249066786840558052e-03 9.987509250640869141e-01
6.362049589370144531e-06 9.999936819076538086e-01
3.351545310579240322e-04 9.996649026870727539e-01
1.207259902002988383e-05 9.999879598617553711e-01
2.979841156047768891e-06 9.999970197677612305e-01
5.977944965707138181e-06 9.999940395355224609e-01
9.432583283341955394e-06 9.999905824661254883e-01
7.751337761874310672e-06 9.999922513961791992e-01
4.315171390771865845e-04 9.995685219764709473e-01
4.297120085539063439e-06 9.999957084655761719e-01
3.473080596450017765e-06 9.999965429306030273e-01
3.140556827929685824e-06 9.999969005584716797e-01
4.777003545314073563e-03 9.952229857444763184e-01
6.425444098567822948e-06 9.999935626983642578e-01
4.673342406749725342e-02 9.532666206359863281e-01
1.629894599318504333e-02 9.837010502815246582e-01
7.545807875430909917e-06 9.999924898147583008e-01
1.073719613486900926e-05 9.999892711639404297e-01
2.231327891349792480e-01 7.768672108650207520e-01
3.223140311092720367e-06 9.999967813491821289e-01
7.426887805195292458e-06 9.999926090240478516e-01
9.605400846339762211e-04 9.990394711494445801e-01
6.208992090250831097e-06 9.999938011169433594e-01
3.725462302099913359e-04 9.996274709701538086e-01
4.088421352207660675e-03 9.959115982055664062e-01
6.664424745395081118e-06 9.999933242797851562e-01
1.319230341323418543e-05 9.999867677688598633e-01
1.869120637820742559e-06 9.999980926513671875e-01
9.744255244731903076e-02 9.025574326515197754e-01
1.536670606583356857e-05 9.999846220016479492e-01
2.874957621097564697e-01 7.125042676925659180e-01
3.259578988945577294e-06 9.999967813491821289e-01
5.248459056019783020e-04 9.994751811027526855e-01
3.450235681157209910e-06 9.999965429306030273e-01
2.819858127622865140e-05 9.999717473983764648e-01
9.898949265480041504e-01 1.010504271835088730e-02
3.459342224232386798e-06 9.999965429306030273e-01
3.224871761631220579e-05 9.999676942825317383e-01
3.623589464041288011e-06 9.999964237213134766e-01
1.628595200600102544e-04 9.998371601104736328e-01
9.708074331283569336e-01 2.919255755841732025e-02
1.014625071547925472e-03 9.989853501319885254e-01
2.533466386012150906e-06 9.999974966049194336e-01
5.770511052105575800e-06 9.999942779541015625e-01
7.575290055683581159e-06 9.999923706054687500e-01
3.246400272473692894e-03 9.967536330223083496e-01
9.673954546451568604e-02 9.032604694366455078e-01
3.806622089541633613e-06 9.999961853027343750e-01
5.404438979894621298e-06 9.999946355819702148e-01
6.975800715736113489e-06 9.999929666519165039e-01
1.985711605811957270e-05 9.999800920486450195e-01
2.859559344869921915e-06 9.999971389770507812e-01
2.624094804559717886e-06 9.999973773956298828e-01
1.293441951274871826e-01 8.706558346748352051e-01
5.733595753554254770e-05 9.999426603317260742e-01
7.450735662132501602e-03 9.925493001937866211e-01
3.515233629514114000e-06 9.999965429306030273e-01
8.009618795767892152e-06 9.999920129776000977e-01
1.360061014565872028e-05 9.999864101409912109e-01
5.019586751586757600e-06 9.999949932098388672e-01
1.861343548625882249e-06 9.999980926513671875e-01
2.588687038951320574e-06 9.999973773956298828e-01
3.662476592580787838e-05 9.999634027481079102e-01
9.691530067357234657e-06 9.999903440475463867e-01
2.219067482656100765e-06 9.999977350234985352e-01
2.575356326997280121e-02 9.742465019226074219e-01
9.986232519149780273e-01 1.376799889840185642e-03
3.996752639068290591e-06 9.999959468841552734e-01
3.952767656301148236e-06 9.999960660934448242e-01
4.159538366366177797e-04 9.995840191841125488e-01
6.245080840017180890e-06 9.999938011169433594e-01
3.792631105170585215e-06 9.999961853027343750e-01
1.146065071225166321e-01 8.853934407234191895e-01
1.531112138764001429e-05 9.999847412109375000e-01
1.388808246701955795e-03 9.986112117767333984e-01
1.192768453620374203e-03 9.988071918487548828e-01
6.365739409375237301e-06 9.999936819076538086e-01
4.877815626969095320e-06 9.999951124191284180e-01
2.364574538660235703e-05 9.999763965606689453e-01
2.377440454438328743e-03 9.976225495338439941e-01
7.036145329475402832e-01 2.963854074478149414e-01
5.115378735354170203e-05 9.999488592147827148e-01
9.716673957882449031e-06 9.999902248382568359e-01
2.021602540480671450e-06 9.999979734420776367e-01
7.125099748373031616e-02 9.287490248680114746e-01
5.681838956661522388e-06 9.999942779541015625e-01
2.791389988487935625e-06 9.999972581863403320e-01
8.795570465736091137e-06 9.999911785125732422e-01
4.257521504769101739e-05 9.999574422836303711e-01
4.612826614902587608e-06 9.999953508377075195e-01
5.496592166309710592e-06 9.999945163726806641e-01
4.130105025978991762e-06 9.999958276748657227e-01
5.163261903362581506e-06 9.999948740005493164e-01
2.345993607377749868e-06 9.999976158142089844e-01
8.329157829284667969e-01 1.670842170715332031e-01
1.338910260528791696e-05 9.999866485595703125e-01
1.187659334391355515e-03 9.988123178482055664e-01
9.290616617363411933e-06 9.999907016754150391e-01
6.195234618644462898e-06 9.999938011169433594e-01
7.187982191680930555e-06 9.999928474426269531e-01
2.692275156732648611e-04 9.997307658195495605e-01
1.363034425594378263e-05 9.999864101409912109e-01
1.906972102005966008e-05 9.999809265136718750e-01
8.165286999428644776e-06 9.999918937683105469e-01
4.957416877005016431e-06 9.999949932098388672e-01
1.766036803019233048e-05 9.999823570251464844e-01
5.081284143670927733e-06 9.999948740005493164e-01
2.253486454719677567e-04 9.997746348381042480e-01
1.847383081912994385e-01 8.152616620063781738e-01
2.943841536762192845e-06 9.999970197677612305e-01
1.482041398048750125e-06 9.999985694885253906e-01
1.580186835781205446e-05 9.999841451644897461e-01
1.801186474040150642e-03 9.981988072395324707e-01
2.925075023085810244e-06 9.999970197677612305e-01
1.289187115617096424e-03 9.987108707427978516e-01
9.521485567092895508e-01 4.785142466425895691e-02
6.771988410037010908e-06 9.999932050704956055e-01
1.718942621664609760e-05 9.999828338623046875e-01
1.118214055895805359e-01 8.881785869598388672e-01
1.618391722440719604e-01 8.381608724594116211e-01
4.659200840251287445e-06 9.999953508377075195e-01
7.357834874710533768e-06 9.999926090240478516e-01
4.466555310500552878e-06 9.999955892562866211e-01
6.493091350421309471e-04 9.993507266044616699e-01
1.339494735002517700e-01 8.660505414009094238e-01
2.473702579663950019e-06 9.999974966049194336e-01
2.364339479754562490e-06 9.999976158142089844e-01
1.862416070252947975e-06 9.999980926513671875e-01
1.574554853141307831e-02 9.842544794082641602e-01
7.649045983271207660e-06 9.999923706054687500e-01
1.971497567865299061e-06 9.999979734420776367e-01
3.178497763656196184e-06 9.999967813491821289e-01
6.865791874588467181e-06 9.999930858612060547e-01
3.505999757180688903e-06 9.999965429306030273e-01
4.780528797709848732e-06 9.999952316284179688e-01
2.012227241721120663e-06 9.999979734420776367e-01
3.147717143292538822e-05 9.999685287475585938e-01
5.327489376068115234e-01 4.672510623931884766e-01
2.052650870609795675e-06 9.999979734420776367e-01
2.385013431194238365e-05 9.999761581420898438e-01
6.440044671762734652e-06 9.999935626983642578e-01
5.022732693760190159e-06 9.999949932098388672e-01
1.751892341417260468e-05 9.999824762344360352e-01
7.257822289830073714e-05 9.999274015426635742e-01
2.865237320293090306e-06 9.999971389770507812e-01
9.954017400741577148e-01 4.598219413310289383e-03
6.873824077047174796e-06 9.999930858612060547e-01
2.765172894214629196e-06 9.999972581863403320e-01
9.361721458844840527e-04 9.990637898445129395e-01
2.299701463925885037e-06 9.999977350234985352e-01
1.530712142994161695e-05 9.999847412109375000e-01
9.990513920783996582e-01 9.486411581747233868e-04
2.440188291075173765e-05 9.999755620956420898e-01
1.610565504961414263e-06 9.999983310699462891e-01
2.130387127399444580e-01 7.869613170623779297e-01
4.386274376884102821e-04 9.995613694190979004e-01
1.029473380185663700e-03 9.989705085754394531e-01
1.118555519497022033e-05 9.999887943267822266e-01
9.948830604553222656e-01 5.116971209645271301e-03
2.467889544277568348e-06 9.999974966049194336e-01
5.200335979461669922e-01 4.799664318561553955e-01
4.513945441431133077e-06 9.999954700469970703e-01
6.543460488319396973e-01 3.456538915634155273e-01
1.090323901735246181e-03 9.989097118377685547e-01
2.778464853763580322e-01 7.221534848213195801e-01
5.630842224491061643e-06 9.999943971633911133e-01
4.729093983769416809e-03 9.952709078788757324e-01
6.290388228080701083e-06 9.999936819076538086e-01
5.169672476768027991e-06 9.999948740005493164e-01
2.692717544050537981e-06 9.999972581863403320e-01
2.743591267062583938e-06 9.999972581863403320e-01
5.504466116690309718e-06 9.999945163726806641e-01
1.006398451863788068e-05 9.999899864196777344e-01
1.685252027527894825e-05 9.999831914901733398e-01
2.913837988671730272e-06 9.999971389770507812e-01
2.883298520828248002e-06 9.999971389770507812e-01
9.935532808303833008e-01 6.446746643632650375e-03
3.332743290229700506e-06 9.999966621398925781e-01
2.439315430819988251e-03 9.975607395172119141e-01
1.178803667426109314e-02 9.882119297981262207e-01
2.654503099620342255e-03 9.973455071449279785e-01
1.214607982547022402e-05 9.999878406524658203e-01
5.538545337913092226e-06 9.999945163726806641e-01
4.943349722452694550e-06 9.999951124191284180e-01
3.332368123665219173e-06 9.999966621398925781e-01
4.210255156067432836e-06 9.999958276748657227e-01
6.334092176984995604e-06 9.999936819076538086e-01
3.655347427411470562e-06 9.999963045120239258e-01
1.439033803762868047e-05 9.999855756759643555e-01
4.044147317472379655e-06 9.999959468841552734e-01
6.094457507133483887e-01 3.905542492866516113e-01
8.511176929459907115e-06 9.999915361404418945e-01
4.931225907057523727e-03 9.950687885284423828e-01
1.260959106730297208e-05 9.999873638153076172e-01
1.112329191528260708e-03 9.988877177238464355e-01
3.915253728337120265e-06 9.999960660934448242e-01
8.077812708506826311e-06 9.999918937683105469e-01
1.622902345843613148e-05 9.999837875366210938e-01
1.871453605417627841e-06 9.999980926513671875e-01
2.534874714910984039e-03 9.974651336669921875e-01
9.439532756805419922e-01 5.604675412178039551e-02
3.741196451301220804e-06 9.999963045120239258e-01
7.084828615188598633e-01 2.915171384811401367e-01
1.644069328904151917e-02 9.835593104362487793e-01
9.494813680648803711e-01 5.051861330866813660e-02
6.167727708816528320e-01 3.832272589206695557e-01
8.529995102435350418e-05 9.999146461486816406e-01
6.835282874817494303e-06 9.999932050704956055e-01
3.594341478674323298e-06 9.999964237213134766e-01
1.662422619119752198e-05 9.999834299087524414e-01
2.750428848230512813e-06 9.999972581863403320e-01
3.090920299291610718e-02 9.690908193588256836e-01
2.607199803605908528e-06 9.999973773956298828e-01
7.242194897116860375e-06 9.999927282333374023e-01
2.014205892919562757e-05 9.999798536300659180e-01
1.357711425953311846e-05 9.999864101409912109e-01
6.276181011344306171e-06 9.999936819076538086e-01
8.781389624346047640e-06 9.999911785125732422e-01
2.224698801001068205e-05 9.999777078628540039e-01
6.648609414696693420e-04 9.993351101875305176e-01
2.249196950288023800e-05 9.999774694442749023e-01
3.058462971239350736e-05 9.999693632125854492e-01
1.259982946066884324e-05 9.999873638153076172e-01
3.137401790809235536e-06 9.999969005584716797e-01
5.416037514805793762e-02 9.458395838737487793e-01
2.792010491248220205e-06 9.999972581863403320e-01
2.871348215194302611e-06 9.999971389770507812e-01
1.852844616223592311e-05 9.999815225601196289e-01
6.844427844043821096e-06 9.999932050704956055e-01
6.901806955283973366e-06 9.999930858612060547e-01
8.126004104269668460e-06 9.999918937683105469e-01
1.400216296315193176e-02 9.859977960586547852e-01
2.464700401105801575e-06 9.999974966049194336e-01
7.749940778012387455e-06 9.999922513961791992e-01
1.837206036725547165e-05 9.999816417694091797e-01
7.809233466105069965e-06 9.999921321868896484e-01
4.558391083264723420e-06 9.999954700469970703e-01
3.503820607875240967e-06 9.999965429306030273e-01
2.975545612571295351e-05 9.999701976776123047e-01
2.042843561866902746e-06 9.999979734420776367e-01
2.609729790492565371e-06 9.999973773956298828e-01
1.749912007653620094e-05 9.999824762344360352e-01
9.740489076648373157e-06 9.999902248382568359e-01
9.890805482864379883e-01 1.091946475207805634e-02
9.996800422668457031e-01 3.199170751031488180e-04
9.025168765219859779e-06 9.999909400939941406e-01
3.340335297252750024e-06 9.999966621398925781e-01
3.193952125002397224e-06 9.999967813491821289e-01
1.066710046870866790e-05 9.999893903732299805e-01
3.567989324437803589e-06 9.999964237213134766e-01
6.488982762675732374e-06 9.999935626983642578e-01
1.558403482704306953e-06 9.999984502792358398e-01
5.623844117508269846e-06 9.999943971633911133e-01
3.203301730536622927e-06 9.999967813491821289e-01
1.547517967992462218e-06 9.999984502792358398e-01
5.333077297109412029e-06 9.999946355819702148e-01
2.506262944734771736e-06 9.999974966049194336e-01
7.238570135086774826e-03 9.927614331245422363e-01
4.367059562355279922e-03 9.956329464912414551e-01
2.266844511032104492e-01 7.733155488967895508e-01
4.086514763912418857e-06 9.999959468841552734e-01
2.352342789890826680e-06 9.999976158142089844e-01
4.607709342963062227e-06 9.999953508377075195e-01
3.703419224621029571e-06 9.999963045120239258e-01
8.405515472986735404e-06 9.999915361404418945e-01
2.979619239340536296e-06 9.999970197677612305e-01
4.954718406224856153e-06 9.999949932098388672e-01
2.859651885955827311e-06 9.999971389770507812e-01
1.251855337613960728e-05 9.999874830245971680e-01
5.876013347005937248e-06 9.999941587448120117e-01
7.130070007406175137e-04 9.992870688438415527e-01
1.094402796297799796e-05 9.999890327453613281e-01
5.837418029841501266e-06 9.999941587448120117e-01
3.989367559552192688e-02 9.601063132286071777e-01
8.569139936298597604e-06 9.999914169311523438e-01
2.486299308657180518e-06 9.999974966049194336e-01
5.455641658045351505e-04 9.994544386863708496e-01
1.403587986715137959e-03 9.985963702201843262e-01
2.167998218283173628e-06 9.999978542327880859e-01
2.817823542500264011e-06 9.999971389770507812e-01
4.666933044791221619e-02 9.533306360244750977e-01
9.652994776843115687e-05 9.999034404754638672e-01
2.971139736473560333e-03 9.970288872718811035e-01
1.244679765477485489e-06 9.999988079071044922e-01
3.598412126302719116e-02 9.640159010887145996e-01
2.408820182608906180e-05 9.999759197235107422e-01
9.788905117602553219e-06 9.999902248382568359e-01
5.937412424827925861e-06 9.999940395355224609e-01
2.173027951357653365e-06 9.999978542327880859e-01
1.394012724631465971e-05 9.999860525131225586e-01
3.195534736732952297e-05 9.999680519104003906e-01
2.563180487413774244e-06 9.999973773956298828e-01
2.024152763624442741e-06 9.999979734420776367e-01
1.834357739426195621e-03 9.981656670570373535e-01
1.080738184100482613e-05 9.999891519546508789e-01
5.259015233605168760e-05 9.999474287033081055e-01
3.816908065346069634e-05 9.999618530273437500e-01
4.872390127275139093e-04 9.995127916336059570e-01
3.701368719339370728e-02 9.629862904548645020e-01
2.593689032437396236e-06 9.999973773956298828e-01
4.793096195498947054e-06 9.999952316284179688e-01
1.366558990412158892e-05 9.999862909317016602e-01
3.487235971988411620e-06 9.999965429306030273e-01
5.957115718047134578e-06 9.999940395355224609e-01
4.891249318461632356e-06 9.999951124191284180e-01
4.133214133617002517e-06 9.999958276748657227e-01
5.882785899302689359e-06 9.999941587448120117e-01
1.334867719560861588e-02 9.866513013839721680e-01
6.038986612111330032e-06 9.999939203262329102e-01
6.101280450820922852e-05 9.999389648437500000e-01
2.165574369428213686e-05 9.999783039093017578e-01
6.653522141277790070e-04 9.993346333503723145e-01
1.190267357742413878e-05 9.999880790710449219e-01
9.992528557777404785e-01 7.471288554370403290e-04
4.679645371652441099e-06 9.999953508377075195e-01
7.096824701875448227e-03 9.929031729698181152e-01
2.873778385037439875e-06 9.999971389770507812e-01
7.851298505556769669e-06 9.999921321868896484e-01
3.961292804888216779e-06 9.999960660934448242e-01
9.640039024816360325e-06 9.999903440475463867e-01
4.629679460776969790e-05 9.999537467956542969e-01
1.270240500161889941e-05 9.999872446060180664e-01
4.139585144002921879e-06 9.999958276748657227e-01
1.007392165774945170e-05 9.999898672103881836e-01
1.989445445360615849e-04 9.998010993003845215e-01
6.310254335403442383e-02 9.368974566459655762e-01
1.421428169123828411e-05 9.999858140945434570e-01
2.023238039328134619e-06 9.999979734420776367e-01
6.638379545620409772e-06 9.999933242797851562e-01
1.100545432564103976e-05 9.999890327453613281e-01
9.944662451744079590e-01 5.533776246011257172e-03
2.335421868338016793e-06 9.999976158142089844e-01
1.345897885585145559e-06 9.999986886978149414e-01
3.151868668282986619e-06 9.999969005584716797e-01
2.988022288263891824e-06 9.999970197677612305e-01
1.106159295886754990e-02 9.889384508132934570e-01
7.026861567283049226e-05 9.999297857284545898e-01
2.272098299727076665e-06 9.999977350234985352e-01
4.475466084841173142e-06 9.999954700469970703e-01
1.599399605765938759e-03 9.984006285667419434e-01
9.372460226586554199e-06 9.999905824661254883e-01
4.879124462604522705e-01 5.120875239372253418e-01
6.238752044737339020e-03 9.937612414360046387e-01
6.976978056627558544e-06 9.999929666519165039e-01
9.933094978332519531e-01 6.690528243780136108e-03
1.664448632254789118e-06 9.999983310699462891e-01
2.951161377495736815e-06 9.999970197677612305e-01
4.239579084241995588e-06 9.999957084655761719e-01
4.194444954919163138e-06 9.999958276748657227e-01
8.495730435242876410e-05 9.999150037765502930e-01
2.098495679092593491e-05 9.999790191650390625e-01
3.884418219968210906e-06 9.999960660934448242e-01
2.932521283582900651e-06 9.999970197677612305e-01
5.038915787736186758e-06 9.999949932098388672e-01
2.002860419452190399e-03 9.979971051216125488e-01
8.127024193527176976e-05 9.999186992645263672e-01
1.002669669105671346e-04 9.998997449874877930e-01
4.293769507057731971e-06 9.999957084655761719e-01
2.318125098099699244e-06 9.999977350234985352e-01
3.247487484259181656e-06 9.999967813491821289e-01
6.963624855416128412e-06 9.999930858612060547e-01
3.815282980212941766e-06 9.999961853027343750e-01
1.023668119159992784e-05 9.999897480010986328e-01
4.122561676922487095e-06 9.999958276748657227e-01
5.164054982742527500e-06 9.999948740005493164e-01
3.474379127510474063e-06 9.999965429306030273e-01
5.892920853511895984e-06 9.999941587448120117e-01
3.016369873876101337e-06 9.999970197677612305e-01
7.289035238500218838e-06 9.999927282333374023e-01
1.915797383844619617e-06 9.999980926513671875e-01
8.598431013524532318e-04 9.991401433944702148e-01
9.203735316987149417e-06 9.999908208847045898e-01
1.170227278635138646e-05 9.999883174896240234e-01
1.731801239657215774e-05 9.999827146530151367e-01
1.125185644923476502e-05 9.999887943267822266e-01
9.093056178244296461e-06 9.999909400939941406e-01
1.321846139035187662e-05 9.999867677688598633e-01
1.329942506345105357e-06 9.999986886978149414e-01
3.060682793147861958e-04 9.996939897537231445e-01
1.565233571454882622e-03 9.984347224235534668e-01
6.644155291724018753e-06 9.999933242797851562e-01
1.242573216586606577e-05 9.999876022338867188e-01
4.173647994321072474e-06 9.999958276748657227e-01
1.676444298936985433e-06 9.999983310699462891e-01
3.982725502282846719e-06 9.999960660934448242e-01
2.043926997430389747e-06 9.999979734420776367e-01
4.899050054518738762e-06 9.999951124191284180e-01
2.276301756864995696e-06 9.999977350234985352e-01
8.101930689008440822e-06 9.999918937683105469e-01
3.582483714126283303e-06 9.999964237213134766e-01
5.908412731514545158e-06 9.999940395355224609e-01
4.940748112858273089e-06 9.999951124191284180e-01
2.619344286358682439e-06 9.999973773956298828e-01
8.322489520651288331e-06 9.999916553497314453e-01
4.639885901269735768e-06 9.999953508377075195e-01
4.234228981658816338e-06 9.999957084655761719e-01
1.145505939348367974e-05 9.999885559082031250e-01
7.573156617581844330e-04 9.992426633834838867e-01
7.242457286338321865e-06 9.999927282333374023e-01
5.654951110045658424e-06 9.999943971633911133e-01
9.519046216155402362e-06 9.999904632568359375e-01
4.229197202221257612e-06 9.999958276748657227e-01
4.884313966613262892e-06 9.999951124191284180e-01
6.091246177675202489e-06 9.999939203262329102e-01
6.284465780481696129e-05 9.999371767044067383e-01
9.895105904433876276e-06 9.999901056289672852e-01
1.115115126594901085e-03 9.988848567008972168e-01
2.929876927737495862e-06 9.999970197677612305e-01
7.430284167639911175e-04 9.992569088935852051e-01
7.006413070484995842e-04 9.992992877960205078e-01
1.664811861701309681e-05 9.999833106994628906e-01
1.812306727515533566e-04 9.998187422752380371e-01
9.759169188328087330e-06 9.999902248382568359e-01
8.166111911123152822e-06 9.999917745590209961e-01
1.180401250167051330e-05 9.999881982803344727e-01
9.988770216295961291e-06 9.999899864196777344e-01
1.976414750970434397e-06 9.999979734420776367e-01
8.559417128562927246e-01 1.440582424402236938e-01
3.543779939718660899e-06 9.999964237213134766e-01
3.586315642678528093e-06 9.999964237213134766e-01
3.336308054713299498e-06 9.999966621398925781e-01
1.371458056382834911e-03 9.986286163330078125e-01
1.473423391580581665e-01 8.526576757431030273e-01
2.543047230574302375e-06 9.999974966049194336e-01
3.277193400208489038e-06 9.999967813491821289e-01
9.191840035782661289e-06 9.999908208847045898e-01
4.635481218429049477e-06 9.999953508377075195e-01
2.334357532163267024e-06 9.999976158142089844e-01
2.884878485929220915e-04 9.997114539146423340e-01
6.451458320952951908e-04 9.993548989295959473e-01
6.616890459554269910e-05 9.999338388442993164e-01
5.546008196688489988e-06 9.999943971633911133e-01
4.903439275949494913e-06 9.999951124191284180e-01
4.065058419655542821e-06 9.999959468841552734e-01
4.333764536568196490e-06 9.999957084655761719e-01
9.565793909132480621e-03 9.904341697692871094e-01
5.107294782646931708e-06 9.999948740005493164e-01
5.708778644475387409e-06 9.999942779541015625e-01
6.123415005276910961e-06 9.999939203262329102e-01
2.019502062466926873e-06 9.999979734420776367e-01
1.893127318908227608e-06 9.999980926513671875e-01
1.808250635804142803e-05 9.999818801879882812e-01
7.227298738143872470e-06 9.999927282333374023e-01
7.692410690651740879e-06 9.999922513961791992e-01
9.479241271037608385e-06 9.999904632568359375e-01
8.592847734689712524e-06 9.999914169311523438e-01
1.797715776774566621e-05 9.999819993972778320e-01
9.680084986030124128e-06 9.999903440475463867e-01
8.169940701918676496e-05 9.999183416366577148e-01
7.153331353038083762e-06 9.999928474426269531e-01
4.490489573072409257e-06 9.999954700469970703e-01
1.245418025064282119e-05 9.999876022338867188e-01
5.767029360868036747e-04 9.994232654571533203e-01
5.543808583752252162e-06 9.999943971633911133e-01
6.134739669505506754e-05 9.999386072158813477e-01
5.312801931722788140e-06 9.999946355819702148e-01
3.086575816269032657e-06 9.999969005584716797e-01
1.919908245326951146e-04 9.998080134391784668e-01
4.286380772100528702e-06 9.999957084655761719e-01
5.257685184478759766e-01 4.742315411567687988e-01
1.001236378215253353e-03 9.989988207817077637e-01
7.515601282648276538e-06 9.999924898147583008e-01
1.623139178263954818e-05 9.999837875366210938e-01
2.051623770967125893e-03 9.979483485221862793e-01
5.121084977872669697e-04 9.994878768920898438e-01
7.107051715138368309e-06 9.999928474426269531e-01
1.660941165937401820e-06 9.999983310699462891e-01
5.512934876605868340e-06 9.999945163726806641e-01
7.608108717249706388e-06 9.999923706054687500e-01
2.745805832091718912e-04 9.997254014015197754e-01
3.388035809621214867e-03 9.966118931770324707e-01
5.559448254643939435e-06 9.999943971633911133e-01
1.109642562369117513e-05 9.999889135360717773e-01
6.463771114795235917e-06 9.999935626983642578e-01
8.091220479400362819e-06 9.999918937683105469e-01
2.169127355955424719e-06 9.999978542327880859e-01
1.350016282231081277e-05 9.999865293502807617e-01
1.157924532890319824e-02 9.884207248687744141e-01
1.734888769533426967e-06 9.999982118606567383e-01
9.829007467487826943e-06 9.999902248382568359e-01
3.088135719299316406e-01 6.911864280700683594e-01
1.798058656277135015e-05 9.999819993972778320e-01
7.987725439306814224e-06 9.999920129776000977e-01
7.144209575926652178e-06 9.999928474426269531e-01
3.896891772747039795e-01 6.103108525276184082e-01
2.676194981177104637e-06 9.999973773956298828e-01
2.112096581186051480e-06 9.999978542327880859e-01
4.375329808681271970e-06 9.999955892562866211e-01
5.708609241992235184e-04 9.994291663169860840e-01
2.454495406709611416e-04 9.997546076774597168e-01
6.563531314895953983e-06 9.999934434890747070e-01
8.401661034440621734e-06 9.999916553497314453e-01
1.781946366463671438e-06 9.999982118606567383e-01
3.496116733003873378e-06 9.999965429306030273e-01
1.335128490609349683e-05 9.999866485595703125e-01
9.832288924371823668e-06 9.999902248382568359e-01
1.630615770409349352e-05 9.999836683273315430e-01
1.784711703658103943e-02 9.821528792381286621e-01
2.416800335049629211e-02 9.758319854736328125e-01
4.906665417365729809e-04 9.995093345642089844e-01
9.928337335586547852e-01 7.166240829974412918e-03
4.916058514936594293e-06 9.999951124191284180e-01
9.583501196175348014e-06 9.999904632568359375e-01
9.147111995844170451e-06 9.999908208847045898e-01
1.738397550070658326e-04 9.998261332511901855e-01
7.688628102187067270e-06 9.999923706054687500e-01
1.063627041730796918e-05 9.999893903732299805e-01
6.506636509584495798e-06 9.999934434890747070e-01
7.109193575161043555e-06 9.999928474426269531e-01
2.686797415663022548e-06 9.999972581863403320e-01
1.039355993270874023e-05 9.999896287918090820e-01
9.360482181364204735e-06 9.999905824661254883e-01
2.101782683894271031e-06 9.999978542327880859e-01
1.778133264451753348e-05 9.999822378158569336e-01
2.058883728750515729e-05 9.999793767929077148e-01
6.075495093682548031e-06 9.999939203262329102e-01
9.992249011993408203e-01 7.751169614493846893e-04
7.087865378707647324e-03 9.929121136665344238e-01
4.524819814832881093e-06 9.999954700469970703e-01
5.396734195528551936e-06 9.999946355819702148e-01
4.510450735688209534e-02 9.548954963684082031e-01
4.217094556224765256e-06 9.999958276748657227e-01
4.300399723433656618e-06 9.999957084655761719e-01
3.011747496202588081e-03 9.969882369041442871e-01
2.464677527314051986e-05 9.999753236770629883e-01
3.758102820938802324e-06 9.999961853027343750e-01
6.912056505825603381e-06 9.999930858612060547e-01
8.342577530129346997e-06 9.999916553497314453e-01
1.619228555682639126e-06 9.999983310699462891e-01
9.413772204425185919e-05 9.999058246612548828e-01
6.145229935646057129e-02 9.385477304458618164e-01
9.241784027835819870e-06 9.999907016754150391e-01
3.135406814180896617e-06 9.999969005584716797e-01
7.596921932417899370e-06 9.999923706054687500e-01
3.993571226601488888e-06 9.999959468841552734e-01
4.337912287155631930e-06 9.999957084655761719e-01
7.508802355005173013e-06 9.999924898147583008e-01
4.355300916358828545e-06 9.999955892562866211e-01
6.977650173212168738e-06 9.999929666519165039e-01
1.278931631532032043e-05 9.999872446060180664e-01
3.235369831600110047e-06 9.999967813491821289e-01
2.269168589918990619e-06 9.999977350234985352e-01
5.081836661702254787e-06 9.999948740005493164e-01
5.959451300441287458e-06 9.999940395355224609e-01
7.375173026957781985e-06 9.999926090240478516e-01
2.519061581551795825e-06 9.999974966049194336e-01
2.819355586325400509e-06 9.999971389770507812e-01
5.967236575088463724e-06 9.999940395355224609e-01
1.925222750287503004e-04 9.998075366020202637e-01
1.411251141689717770e-04 9.998588562011718750e-01
1.353915195068111643e-05 9.999864101409912109e-01
6.282693939283490181e-04 9.993717074394226074e-01
2.043910091742873192e-03 9.979560375213623047e-01
8.066947013139724731e-02 9.193305373191833496e-01
8.522807547706179321e-06 9.999915361404418945e-01
4.188892489764839411e-06 9.999958276748657227e-01
1.433850229659583420e-05 9.999856948852539062e-01
8.797407645033672452e-06 9.999911785125732422e-01
9.582657366991043091e-04 9.990417361259460449e-01
5.000617875339230523e-06 9.999949932098388672e-01
9.873490333557128906e-01 1.265102252364158630e-02
3.327887043269583955e-06 9.999966621398925781e-01
1.253171917051076889e-02 9.874682426452636719e-01
2.734010195126757026e-05 9.999727010726928711e-01
9.912766218185424805e-01 8.723350241780281067e-03
1.917563378810882568e-02 9.808243513107299805e-01
2.242026312160305679e-06 9.999977350234985352e-01
6.367263267748057842e-06 9.999936819076538086e-01
8.378951861232053488e-06 9.999916553497314453e-01
5.487614998855860904e-06 9.999945163726806641e-01
1.058425004885066301e-05 9.999893903732299805e-01
3.241310187149792910e-04 9.996758699417114258e-01
2.782651281449943781e-04 9.997217059135437012e-01
3.554241857273154892e-06 9.999964237213134766e-01
6.716912139381747693e-06 9.999933242797851562e-01
2.588989911600947380e-03 9.974110722541809082e-01
7.075473666191101074e-03 9.929245710372924805e-01
6.589635177078889683e-06 9.999934434890747070e-01
6.607009254366857931e-06 9.999934434890747070e-01
1.082621165551245213e-04 9.998917579650878906e-01
9.846978355199098587e-04 9.990153312683105469e-01
3.043708602490369231e-06 9.999969005584716797e-01
5.211425559537019581e-06 9.999947547912597656e-01
2.127286052200361155e-06 9.999978542327880859e-01
3.101326001342386007e-06 9.999969005584716797e-01
2.139008138328790665e-03 9.978609681129455566e-01
4.803154297405853868e-06 9.999952316284179688e-01
1.495378091931343079e-04 9.998503923416137695e-01
4.531338345259428024e-04 9.995468258857727051e-01
1.214639269164763391e-05 9.999878406524658203e-01
1.056132532539777458e-06 9.999989271163940430e-01
9.193329788104165345e-06 9.999908208847045898e-01
1.111510428017936647e-04 9.998887777328491211e-01
1.289020001422613859e-04 9.998711347579956055e-01
3.688570810481905937e-03 9.963113665580749512e-01
5.061112460680305958e-06 9.999949932098388672e-01
1.613682616152800620e-05 9.999839067459106445e-01
1.935495492944028229e-05 9.999806880950927734e-01
3.055953584407689050e-06 9.999969005584716797e-01
3.757128297365852632e-06 9.999961853027343750e-01
2.970333525809110142e-06 9.999970197677612305e-01
1.265908053937891964e-06 9.999986886978149414e-01
2.854951617337064818e-06 9.999971389770507812e-01
4.386300588521407917e-06 9.999955892562866211e-01
2.557826064730761573e-06 9.999974966049194336e-01
4.777267167810350657e-05 9.999521970748901367e-01
4.397326847538352013e-04 9.995602965354919434e-01
1.837344029809173662e-06 9.999982118606567383e-01
2.136164084731717594e-06 9.999978542327880859e-01
5.948554644419346005e-06 9.999940395355224609e-01
4.469754912861390039e-06 9.999955892562866211e-01
3.668156523417565040e-06 9.999963045120239258e-01
9.947751095751300454e-06 9.999901056289672852e-01
5.886439248570241034e-05 9.999411106109619141e-01
3.859089247271185741e-06 9.999961853027343750e-01
5.706986121367663145e-05 9.999428987503051758e-01
5.046138085162965581e-06 9.999949932098388672e-01
1.689940108917653561e-05 9.999830722808837891e-01
2.056202152743935585e-03 9.979438185691833496e-01
3.244481604269822128e-06 9.999967813491821289e-01
7.612260105815948918e-06 9.999923706054687500e-01
7.725036703050136566e-04 9.992275238037109375e-01
1.665650415816344321e-05 9.999833106994628906e-01
7.450880275428062305e-06 9.999924898147583008e-01
1.507248380221426487e-04 9.998492002487182617e-01
3.386593307368457317e-04 9.996613264083862305e-01
9.981586337089538574e-01 1.841418794356286526e-03
3.611531838032533415e-06 9.999964237213134766e-01
7.301154255401343107e-06 9.999927282333374023e-01
1.790268230251967907e-03 9.982097148895263672e-01
9.005050742416642606e-06 9.999909400939941406e-01
3.442313754931092262e-04 9.996557235717773438e-01
4.186113073956221342e-06 9.999958276748657227e-01
1.219792102347128093e-05 9.999878406524658203e-01
1.048821490257978439e-02 9.895117878913879395e-01
7.401952520012855530e-03 9.925980567932128906e-01
8.161460573319345713e-05 9.999183416366577148e-01
5.673518776893615723e-02 9.432648420333862305e-01
1.135502952820388600e-05 9.999886751174926758e-01
1.053129322826862335e-03 9.989468455314636230e-01
6.363536813296377659e-04 9.993636012077331543e-01
4.185170837445184588e-06 9.999958276748657227e-01
4.154055204708129168e-06 9.999958276748657227e-01
1.128256644733482972e-05 9.999886751174926758e-01
1.354362325400870759e-06 9.999986886978149414e-01
4.245373020239640027e-06 9.999957084655761719e-01
2.776194151010713540e-06 9.999972581863403320e-01
5.844879342475906014e-05 9.999415874481201172e-01
9.946053069143090397e-06 9.999901056289672852e-01
6.331935765047091991e-06 9.999936819076538086e-01
3.762771189212799072e-02 9.623723626136779785e-01
6.185015990922693163e-06 9.999938011169433594e-01
2.031296162385842763e-06 9.999979734420776367e-01
9.672697186470031738e-01 3.273032605648040771e-02
3.560131062840810046e-06 9.999964237213134766e-01
4.492091193242231384e-06 9.999954700469970703e-01
5.848243017680943012e-04 9.994151592254638672e-01
1.711351238191127777e-02 9.828864932060241699e-01
3.347504161865799688e-06 9.999966621398925781e-01
6.134116556495428085e-04 9.993865489959716797e-01
7.865388397476635873e-06 9.999921321868896484e-01
5.271277586871292442e-06 9.999947547912597656e-01
2.912421223300043494e-06 9.999971389770507812e-01
3.326119622215628624e-03 9.966738224029541016e-01
8.097605132206808776e-06 9.999918937683105469e-01
2.519234612918808125e-06 9.999974966049194336e-01
6.987623783061280847e-05 9.999301433563232422e-01
1.849290697464311961e-06 9.999980926513671875e-01
6.737104267813265324e-04 9.993263483047485352e-01
3.039584044017829001e-06 9.999970197677612305e-01
1.061060720530804247e-05 9.999893903732299805e-01
5.057995167589979246e-06 9.999949932098388672e-01
9.999389648437500000e-01 6.098261656006798148e-05
2.308607463419320993e-06 9.999977350234985352e-01
5.049989795224973932e-06 9.999949932098388672e-01
1.229430472449166700e-05 9.999877214431762695e-01
9.993682503700256348e-01 6.317716324701905251e-04
9.907598495483398438e-01 9.240182116627693176e-03
5.826776027679443359e-01 4.173223376274108887e-01
4.648096819437341765e-06 9.999953508377075195e-01
1.705928480078000575e-05 9.999829530715942383e-01
1.128633175540016964e-05 9.999886751174926758e-01
6.637693732045590878e-04 9.993361830711364746e-01
2.572260855231434107e-04 9.997428059577941895e-01
3.807467919614282437e-06 9.999961853027343750e-01
7.540261776739498600e-06 9.999924898147583008e-01
9.094721463043242693e-06 9.999909400939941406e-01
5.150121978658717126e-06 9.999948740005493164e-01
1.857706365626654588e-06 9.999980926513671875e-01
4.266543783160159364e-06 9.999957084655761719e-01
3.085180878770188428e-06 9.999969005584716797e-01
1.810277353797573596e-06 9.999982118606567383e-01
2.950975613202899694e-06 9.999970197677612305e-01
9.642815712140873075e-06 9.999903440475463867e-01
1.907461410155519843e-05 9.999809265136718750e-01
8.947594324126839638e-06 9.999910593032836914e-01
2.544522430980578065e-06 9.999974966049194336e-01
4.434827587829204276e-06 9.999955892562866211e-01
5.733606667490676045e-05 9.999426603317260742e-01
6.288792937994003296e-04 9.993711113929748535e-01
3.461299456830602139e-06 9.999965429306030273e-01
3.628776767072849907e-06 9.999964237213134766e-01
9.770223186933435500e-06 9.999902248382568359e-01
8.974360227584838867e-01 1.025639846920967102e-01
2.865936949092429131e-06 9.999971389770507812e-01
8.257849913206882775e-06 9.999917745590209961e-01
1.478938884247327223e-05 9.999852180480957031e-01
2.107509089910308830e-06 9.999978542327880859e-01
6.746171948179835454e-06 9.999932050704956055e-01
7.340222509810701013e-06 9.999926090240478516e-01
3.554944694042205811e-02 9.644505977630615234e-01
5.328420229488983750e-06 9.999946355819702148e-01
1.112144855142105371e-05 9.999889135360717773e-01
3.508294412313262001e-06 9.999965429306030273e-01
8.744010301597882062e-06 9.999912977218627930e-01
1.170288760476978496e-05 9.999883174896240234e-01
2.119279542966978624e-06 9.999978542327880859e-01
4.941388033330440521e-04 9.995058774948120117e-01
8.528563739673700184e-06 9.999914169311523438e-01
1.209865877171978354e-05 9.999879598617553711e-01
1.474339478590991348e-05 9.999852180480957031e-01
9.370807674713432789e-06 9.999905824661254883e-01
1.108587002818239853e-05 9.999889135360717773e-01
1.403040550940204412e-05 9.999859333038330078e-01
5.406692253018263727e-06 9.999946355819702148e-01
1.135723869083449244e-05 9.999886751174926758e-01
6.480621323134982958e-06 9.999935626983642578e-01
7.820927748980466276e-06 9.999921321868896484e-01
4.509995505941333249e-06 9.999954700469970703e-01
4.146987339481711388e-05 9.999585151672363281e-01
1.534715374873485416e-05 9.999846220016479492e-01
9.684959053993225098e-01 3.150409832596778870e-02
7.136310614441754296e-06 9.999928474426269531e-01
9.555530548095703125e-01 4.444700852036476135e-02
2.029584493357106112e-06 9.999979734420776367e-01
1.527669610368320718e-06 9.999984502792358398e-01
1.030317253025714308e-05 9.999897480010986328e-01
2.861220764316385612e-06 9.999971389770507812e-01
6.577448402822483331e-06 9.999934434890747070e-01
4.938684469379950315e-06 9.999951124191284180e-01
1.194275318994186819e-05 9.999880790710449219e-01
3.051890871574869379e-06 9.999969005584716797e-01
7.390804512397153303e-06 9.999926090240478516e-01
1.193780008179601282e-05 9.999880790710449219e-01
6.812219908169936389e-06 9.999932050704956055e-01
1.027541118673980236e-03 9.989724159240722656e-01
9.157996828434988856e-06 9.999908208847045898e-01
2.818706561811268330e-04 9.997181296348571777e-01
9.298018085246440023e-06 9.999907016754150391e-01
6.134774908423423767e-02 9.386522769927978516e-01
4.308617917558876798e-06 9.999957084655761719e-01
6.702559858240419999e-06 9.999933242797851562e-01
7.899651791376527399e-06 9.999921321868896484e-01
9.916057933878619224e-06 9.999901056289672852e-01
7.781068234180565923e-06 9.999922513961791992e-01
4.071716830367222428e-05 9.999592304229736328e-01
2.844361402094364166e-02 9.715563654899597168e-01
1.023047298076562583e-05 9.999897480010986328e-01
1.208993944601388648e-05 9.999879598617553711e-01
1.949298894032835960e-05 9.999804496765136719e-01
9.753261110745370388e-06 9.999902248382568359e-01
1.257812953554093838e-03 9.987421631813049316e-01
6.354869583446998149e-06 9.999936819076538086e-01
1.023006370814982802e-05 9.999897480010986328e-01
2.806601696647703648e-04 9.997193217277526855e-01
4.817453373107127845e-05 9.999518394470214844e-01
1.983747324629803188e-06 9.999979734420776367e-01
7.587783784401835874e-06 9.999923706054687500e-01
5.614193014480406418e-06 9.999943971633911133e-01
1.061970851878868416e-05 9.999893903732299805e-01
9.429022611584514380e-06 9.999905824661254883e-01
3.146153630950720981e-06 9.999969005584716797e-01
4.055505996802821755e-06 9.999959468841552734e-01
1.007419996312819421e-05 9.999898672103881836e-01
4.242250361130572855e-05 9.999575614929199219e-01
5.589036845776718110e-06 9.999943971633911133e-01
1.429466101399157196e-05 9.999856948852539062e-01
5.997783318889560178e-06 9.999940395355224609e-01
4.671351689466973767e-06 9.999953508377075195e-01
2.844087021003360860e-06 9.999971389770507812e-01
9.367849997943267226e-06 9.999905824661254883e-01
1.335964043391868472e-05 9.999866485595703125e-01
5.407378012023400515e-06 9.999946355819702148e-01
1.520282385172322392e-04 9.998480081558227539e-01
1.127900928258895874e-02 9.887209534645080566e-01
4.520942184171872213e-06 9.999954700469970703e-01
1.668789684772491455e-01 8.331210017204284668e-01
2.182032403652556241e-05 9.999781847000122070e-01
5.208454240346327424e-06 9.999947547912597656e-01
6.099467277526855469e-01 3.900532722473144531e-01
1.521122067060787231e-05 9.999847412109375000e-01
8.775200247764587402e-01 1.224799677729606628e-01
5.670509381161537021e-06 9.999942779541015625e-01
7.184589776443317533e-06 9.999928474426269531e-01
7.987713813781738281e-02 9.201228022575378418e-01
1.948287945197080262e-06 9.999980926513671875e-01
2.082151622744277120e-04 9.997918009757995605e-01
1.378336828202009201e-02 9.862166643142700195e-01
1.628223799343686551e-06 9.999983310699462891e-01
4.865912160312291235e-06 9.999951124191284180e-01
2.132443152368068695e-02 9.786755442619323730e-01
3.245694642828311771e-06 9.999967813491821289e-01
3.077346946156467311e-06 9.999969005584716797e-01
1.240316669282037765e-05 9.999876022338867188e-01
5.538287041417788714e-06 9.999945163726806641e-01
5.560784302360843867e-06 9.999943971633911133e-01
6.792116437281947583e-06 9.999932050704956055e-01
1.074619012797484174e-05 9.999892711639404297e-01
3.303562998771667480e-01 6.696437001228332520e-01
2.150425189029192552e-06 9.999978542327880859e-01
2.098785807902459055e-05 9.999790191650390625e-01
8.728571629035286605e-06 9.999912977218627930e-01
1.261525630980031565e-05 9.999873638153076172e-01
4.066222118126461282e-06 9.999959468841552734e-01
8.308689757541287690e-06 9.999916553497314453e-01
1.882738501990388613e-06 9.999980926513671875e-01
3.186594403814524412e-05 9.999681711196899414e-01
6.090607712394557893e-06 9.999939203262329102e-01
5.147343017597449943e-06 9.999948740005493164e-01
7.604648544656811282e-06 9.999923706054687500e-01
6.328591098281322047e-06 9.999936819076538086e-01
3.606154132285155356e-05 9.999638795852661133e-01
1.682819402049062774e-06 9.999983310699462891e-01
6.287934866122668609e-06 9.999936819076538086e-01
2.490533006493933499e-06 9.999974966049194336e-01
5.345369118003873155e-06 9.999946355819702148e-01
2.412328967693611048e-06 9.999976158142089844e-01
4.041818556288490072e-06 9.999959468841552734e-01
1.574485941091552377e-05 9.999842643737792969e-01
4.701035322796087712e-06 9.999953508377075195e-01
2.494010232112486847e-06 9.999974966049194336e-01
7.813964657543692738e-06 9.999921321868896484e-01
1.628315658308565617e-05 9.999836683273315430e-01
1.726940899970941246e-05 9.999827146530151367e-01
5.622607204713858664e-05 9.999437332153320312e-01
7.756920997053384781e-03 9.922431111335754395e-01
1.469165340495237615e-06 9.999985694885253906e-01
3.419258291614823975e-06 9.999965429306030273e-01
9.144454598426818848e-01 8.555450290441513062e-02
2.241378524558967911e-06 9.999977350234985352e-01
2.545046620070934296e-03 9.974549412727355957e-01
1.431837426935089752e-05 9.999856948852539062e-01
6.980179477977799252e-06 9.999929666519165039e-01
2.924519404768943787e-02 9.707548618316650391e-01
1.294372975826263428e-02 9.870562553405761719e-01
3.528379238559864461e-06 9.999964237213134766e-01
9.080932068172842264e-05 9.999091625213623047e-01
1.082994549506111071e-05 9.999891519546508789e-01
4.751434971694834530e-06 9.999952316284179688e-01
7.133006304502487183e-02 9.286699891090393066e-01
1.640561735257506371e-03 9.983593821525573730e-01
2.966664624182158150e-06 9.999970197677612305e-01
7.241428647830616683e-06 9.999927282333374023e-01
9.254889846488367766e-06 9.999907016754150391e-01
3.682955821204814129e-06 9.999963045120239258e-01
2.029205006692791358e-06 9.999979734420776367e-01
5.250656158750643954e-06 9.999947547912597656e-01
2.444722689688205719e-03 9.975553154945373535e-01
5.932923613727325574e-06 9.999940395355224609e-01
6.689379461022326723e-06 9.999933242797851562e-01
3.138281681458465755e-05 9.999686479568481445e-01
3.026957301699439995e-06 9.999970197677612305e-01
4.083351541339652613e-06 9.999959468841552734e-01
1.112122190534137189e-04 9.998887777328491211e-01
5.980967671348480508e-06 9.999940395355224609e-01
8.416616765316575766e-06 9.999915361404418945e-01
3.005037342518335208e-06 9.999970197677612305e-01
2.180603360102395527e-06 9.999978542327880859e-01
1.113688176701543853e-05 9.999889135360717773e-01
4.534334948402829468e-05 9.999547004699707031e-01
1.433034148067235947e-02 9.856696724891662598e-01
1.411530683981254697e-05 9.999859333038330078e-01
1.953053924808045849e-06 9.999980926513671875e-01
1.363973296975018457e-05 9.999864101409912109e-01
2.095792069667368196e-06 9.999978542327880859e-01
1.719482243061065674e-01 8.280517458915710449e-01
1.172735392174217850e-05 9.999883174896240234e-01
3.771973715629428625e-04 9.996228218078613281e-01
1.483816304244101048e-04 9.998515844345092773e-01
8.414433978032320738e-06 9.999915361404418945e-01
9.898644748318474740e-06 9.999901056289672852e-01
6.926692549313884228e-06 9.999930858612060547e-01
3.518675453960895538e-03 9.964812994003295898e-01
2.591513475636020303e-05 9.999741315841674805e-01
2.380312253080774099e-05 9.999761581420898438e-01
5.659051537513732910e-01 4.340948760509490967e-01
2.005828036999446340e-06 9.999979734420776367e-01
6.090607712394557893e-06 9.999939203262329102e-01
9.474254511587787420e-06 9.999905824661254883e-01
2.963905222713947296e-03 9.970360994338989258e-01
1.204977797897299752e-05 9.999879598617553711e-01
5.488576789502985775e-05 9.999451637268066406e-01
1.412595884175971150e-05 9.999859333038330078e-01
8.538043402950279415e-06 9.999914169311523438e-01
4.752880613523302600e-06 9.999952316284179688e-01
9.992552804760634899e-06 9.999899864196777344e-01
1.370161953673232347e-05 9.999862909317016602e-01
3.017785502379410900e-06 9.999970197677612305e-01
6.503891944885253906e-02 9.349610805511474609e-01
1.568337029311805964e-05 9.999842643737792969e-01
2.028064409387297928e-05 9.999797344207763672e-01
7.104449196049245074e-06 9.999928474426269531e-01
3.265216946601867676e-06 9.999967813491821289e-01
3.651410224847495556e-06 9.999963045120239258e-01
5.720741683035157621e-06 9.999942779541015625e-01
7.663260698318481445e-01 2.336740046739578247e-01
1.031962256092811003e-05 9.999896287918090820e-01
6.581570687558269128e-06 9.999934434890747070e-01
7.254672254930483177e-06 9.999927282333374023e-01
5.106559910927899182e-06 9.999948740005493164e-01
1.380839603370986879e-05 9.999861717224121094e-01
8.273094863398000598e-06 9.999917745590209961e-01
4.322053791838698089e-05 9.999567270278930664e-01
2.363028191030025482e-02 9.763696789741516113e-01
6.138715744018554688e-01 3.861284255981445312e-01
8.881961548468098044e-06 9.999910593032836914e-01
1.374902967654634267e-05 9.999862909317016602e-01
7.668074965476989746e-01 2.331925183534622192e-01
1.026260270009515807e-05 9.999897480010986328e-01
3.226274566259235144e-04 9.996774196624755859e-01
1.456354675610782579e-05 9.999854564666748047e-01
5.466768470796523616e-06 9.999945163726806641e-01
4.719220101833343506e-01 5.280779600143432617e-01
2.246003532491158694e-05 9.999775886535644531e-01
8.173839449882507324e-01 1.826160550117492676e-01
5.008406787965213880e-06 9.999949932098388672e-01
7.441057823598384857e-03 9.925589561462402344e-01
1.046317538566654548e-05 9.999895095825195312e-01
1.158943541668122634e-05 9.999884366989135742e-01
4.737024482892593369e-06 9.999952316284179688e-01
8.160815387964248657e-02 9.183918833732604980e-01
2.716882136155618355e-06 9.999972581863403320e-01
7.256699518620735034e-06 9.999927282333374023e-01
1.666444586589932442e-05 9.999833106994628906e-01
5.699987468688050285e-06 9.999942779541015625e-01
1.895734271784021985e-06 9.999980926513671875e-01
4.787943453266052529e-06 9.999952316284179688e-01
2.166030753869563341e-06 9.999978542327880859e-01
1.915863094836822711e-06 9.999980926513671875e-01
4.505099241214338690e-06 9.999954700469970703e-01
8.023441296245437115e-06 9.999920129776000977e-01
1.036473622662015259e-05 9.999896287918090820e-01
1.190860075439559296e-05 9.999880790710449219e-01
1.765293651260435581e-03 9.982346296310424805e-01
9.939140677452087402e-01 6.085898261517286301e-03
8.407062850892543793e-04 9.991593360900878906e-01
1.803100349206943065e-05 9.999819993972778320e-01
3.033346729353070259e-06 9.999970197677612305e-01
1.152058393927291036e-05 9.999884366989135742e-01
9.445619070902466774e-06 9.999905824661254883e-01
8.619545951660256833e-06 9.999914169311523438e-01
9.796394806471653283e-06 9.999902248382568359e-01
3.043830702154082246e-06 9.999969005584716797e-01
9.040984878083691001e-06 9.999909400939941406e-01
8.092693860817234963e-06 9.999918937683105469e-01
2.433475665748119354e-02 9.756652712821960449e-01
1.351379696279764175e-02 9.864861965179443359e-01
3.752387783606536686e-06 9.999963045120239258e-01
2.296078946528723463e-06 9.999977350234985352e-01
3.707260766532272100e-04 9.996292591094970703e-01
1.190040347864851356e-05 9.999880790710449219e-01
2.059649341390468180e-05 9.999793767929077148e-01
9.977272152900695801e-01 2.272770740091800690e-03
1.308636001340346411e-05 9.999868869781494141e-01
2.243652033939724788e-06 9.999977350234985352e-01
8.738632459426298738e-06 9.999912977218627930e-01
1.065185188053874299e-05 9.999893903732299805e-01
8.757458925247192383e-01 1.242540925741195679e-01
8.736683412280399352e-06 9.999912977218627930e-01
3.015547463292023167e-06 9.999970197677612305e-01
2.869344949722290039e-01 7.130655050277709961e-01
2.530790652599534951e-06 9.999974966049194336e-01
9.120622053160332143e-06 9.999908208847045898e-01
1.337141839030664414e-05 9.999866485595703125e-01
1.709899697743821889e-05 9.999829530715942383e-01
5.568999313254607841e-06 9.999943971633911133e-01
7.727836418780498207e-06 9.999922513961791992e-01
8.995833923108875751e-06 9.999910593032836914e-01
1.119595071941148490e-05 9.999887943267822266e-01
5.015127044316614047e-06 9.999949932098388672e-01
2.564790891483426094e-03 9.974352717399597168e-01
9.903435707092285156e-01 9.656503796577453613e-03
6.798668437113519758e-06 9.999932050704956055e-01
1.450856871088035405e-05 9.999854564666748047e-01
1.059208534570643678e-05 9.999893903732299805e-01
4.708187589130830020e-06 9.999953508377075195e-01
2.780499471555231139e-06 9.999972581863403320e-01
6.814247171860188246e-06 9.999932050704956055e-01
9.976557493209838867e-01 2.344193635508418083e-03
6.017136456648586318e-06 9.999940395355224609e-01
5.563542345043970272e-06 9.999943971633911133e-01
8.356097168871201575e-06 9.999916553497314453e-01
2.183551941925543360e-06 9.999978542327880859e-01
4.953220923198387027e-06 9.999949932098388672e-01
1.204209365823771805e-05 9.999879598617553711e-01
9.208441042574122548e-06 9.999908208847045898e-01
3.091982307523721829e-06 9.999969005584716797e-01
2.374066752963699400e-05 9.999762773513793945e-01
7.193505298346281052e-04 9.992806315422058105e-01
5.753377990913577378e-06 9.999942779541015625e-01
5.595516995526850224e-06 9.999943971633911133e-01
2.368390369156259112e-06 9.999976158142089844e-01
5.843204689881531522e-06 9.999941587448120117e-01
5.294422408042009920e-06 9.999947547912597656e-01
7.470902801287593320e-06 9.999924898147583008e-01
1.322528260061517358e-05 9.999867677688598633e-01
4.431135486811399460e-03 9.955689311027526855e-01
9.645593308960087597e-06 9.999903440475463867e-01
9.792620403459295630e-06 9.999902248382568359e-01
1.649778459977824241e-05 9.999835491180419922e-01
2.699533524719299749e-06 9.999972581863403320e-01
1.186237750516738743e-05 9.999880790710449219e-01
5.156567692756652832e-02 9.484343528747558594e-01
2.384801973676076159e-06 9.999976158142089844e-01
6.718821168760769069e-06 9.999933242797851562e-01
2.112459242198383436e-06 9.999978542327880859e-01
4.895262463833205402e-06 9.999951124191284180e-01
1.108584910980425775e-05 9.999889135360717773e-01
3.097371291005401872e-06 9.999969005584716797e-01
7.431634912791196257e-06 9.999926090240478516e-01
2.110169816660345532e-06 9.999978542327880859e-01
7.407907396554946899e-04 9.992591738700866699e-01
4.145914317632559687e-06 9.999958276748657227e-01
7.125891897885594517e-06 9.999928474426269531e-01
9.418597073818091303e-06 9.999905824661254883e-01
4.580545425415039062e-01 5.419454574584960938e-01
9.758842736482620239e-02 9.024115800857543945e-01
5.199248334974981844e-06 9.999947547912597656e-01
2.121637407981324941e-06 9.999978542327880859e-01
9.686260819435119629e-01 3.137393295764923096e-02
4.139814336667768657e-06 9.999958276748657227e-01
2.154567710022092797e-06 9.999978542327880859e-01
1.722856541164219379e-05 9.999827146530151367e-01
7.794882549205794930e-06 9.999922513961791992e-01
1.310634343099081889e-05 9.999868869781494141e-01
5.235835487837903202e-06 9.999947547912597656e-01
2.762023314062389545e-06 9.999972581863403320e-01
5.349025286705000326e-06 9.999946355819702148e-01
4.926463134324876592e-06 9.999951124191284180e-01
1.337907178822206333e-05 9.999866485595703125e-01
5.629156021313974634e-06 9.999943971633911133e-01
6.753053185093449429e-06 9.999932050704956055e-01
1.111879737436538562e-05 9.999889135360717773e-01
1.326950490474700928e-01 8.673049211502075195e-01
2.383487753832014278e-06 9.999976158142089844e-01
6.118481906014494598e-06 9.999939203262329102e-01
1.853344315350113902e-06 9.999980926513671875e-01
1.594482921063899994e-03 9.984055161476135254e-01
9.528965165372937918e-06 9.999904632568359375e-01
2.706182422116398811e-03 9.972937703132629395e-01
6.212646439962554723e-06 9.999938011169433594e-01
3.766545705730095506e-05 9.999623298645019531e-01
2.889740513637661934e-03 9.971103072166442871e-01
1.774819429556373507e-05 9.999822378158569336e-01
3.358847461640834808e-03 9.966411590576171875e-01
7.472926517948508263e-05 9.999252557754516602e-01
4.763985089084599167e-06 9.999952316284179688e-01
5.972839062451384962e-06 9.999940395355224609e-01
8.668569535075221211e-06 9.999912977218627930e-01
1.752042771840933710e-05 9.999824762344360352e-01
3.787025434576207772e-06 9.999961853027343750e-01
2.107581622112775221e-06 9.999978542327880859e-01
1.326676738244714215e-05 9.999867677688598633e-01
1.239741959579987451e-05 9.999876022338867188e-01
4.662352239392930642e-06 9.999953508377075195e-01
9.679685463197529316e-04 9.990320205688476562e-01
2.144645577573101036e-06 9.999978542327880859e-01
3.976823336415691301e-06 9.999960660934448242e-01
9.591414332389831543e-01 4.085852950811386108e-02
2.845573817467084154e-06 9.999971389770507812e-01
1.488881571276579052e-05 9.999850988388061523e-01
1.717709665172151290e-06 9.999983310699462891e-01
4.150301265326561406e-06 9.999958276748657227e-01
7.725800969637930393e-05 9.999227523803710938e-01
6.731128451065160334e-06 9.999933242797851562e-01
9.656029760662931949e-06 9.999903440475463867e-01
5.475962097989395261e-06 9.999945163726806641e-01
4.066695055371383205e-06 9.999959468841552734e-01
1.752158976159989834e-03 9.982478618621826172e-01
6.456784376496216282e-06 9.999935626983642578e-01
1.435739337466657162e-03 9.985643029212951660e-01
5.704110264778137207e-01 4.295889735221862793e-01
3.220660573788336478e-06 9.999967813491821289e-01
4.345592969912104309e-06 9.999957084655761719e-01
1.936455191753339022e-05 9.999806880950927734e-01
2.150021146007929929e-06 9.999978542327880859e-01
2.215722133769304492e-06 9.999977350234985352e-01
8.138147677527740598e-06 9.999918937683105469e-01
2.388024540778133087e-06 9.999976158142089844e-01
2.339643742743646726e-06 9.999976158142089844e-01
1.123920264944899827e-05 9.999887943267822266e-01
2.089672989313839935e-06 9.999978542327880859e-01
3.204135964551824145e-06 9.999967813491821289e-01
9.172304089588578790e-06 9.999908208847045898e-01
3.000435526701039635e-06 9.999970197677612305e-01
1.954855861185933463e-06 9.999980926513671875e-01
9.803525244933553040e-06 9.999902248382568359e-01
4.277576408640015870e-06 9.999957084655761719e-01
5.509689071914181113e-05 9.999449253082275391e-01
1.012674511002842337e-05 9.999898672103881836e-01
1.223218077939236537e-06 9.999988079071044922e-01
2.749504745006561279e-01 7.250494956970214844e-01
6.888221378176240250e-06 9.999930858612060547e-01
2.027419668593211100e-06 9.999979734420776367e-01
2.211811542510986328e-01 7.788188457489013672e-01
6.189104624354513362e-06 9.999938011169433594e-01
3.956403361371485516e-06 9.999960660934448242e-01
