8.468739542877301574e-05 9.999153614044189453e-01
9.830151796340942383e-01 1.698483154177665710e-02
5.512032508850097656e-01 4.487967789173126221e-01
2.762590907514095306e-02 9.723740816116333008e-01
3.244225978851318359e-01 6.755774021148681641e-01
6.210410594940185547e-01 3.789588809013366699e-01
9.990546107292175293e-01 9.453911916352808475e-04
1.894096058094874024e-04 9.998106360435485840e-01
1.336553366854786873e-03 9.986634254455566406e-01
1.939500565640628338e-03 9.980605244636535645e-01
9.356444478034973145e-01 6.435552984476089478e-02
1.611013780348002911e-03 9.983890056610107422e-01
2.060859091579914093e-02 9.793913960456848145e-01
8.090780973434448242e-01 1.909219473600387573e-01
9.816383123397827148e-01 1.836167834699153900e-02
9.970397353172302246e-01 2.960252109915018082e-03
1.657432876527309418e-03 9.983425140380859375e-01
6.075520534068346024e-03 9.939244389533996582e-01
1.900108307600021362e-01 8.099891543388366699e-01
6.762265227735042572e-03 9.932377338409423828e-01
9.404301643371582031e-01 5.956983938813209534e-02
1.697930693626403809e-01 8.302069902420043945e-01
9.426597952842712402e-01 5.734016746282577515e-02
1.939681358635425568e-03 9.980602860450744629e-01
8.653713739477097988e-04 9.991346001625061035e-01
9.841684699058532715e-01 1.583157293498516083e-02
9.812726639211177826e-03 9.901872277259826660e-01
6.930751204490661621e-01 3.069248199462890625e-01
2.680598059669137001e-03 9.973194003105163574e-01
1.323843025602400303e-03 9.986761212348937988e-01
6.599155068397521973e-01 3.400845527648925781e-01
1.465742886066436768e-01 8.534256815910339355e-01
1.375481206923723221e-02 9.862451553344726562e-01
8.037672378122806549e-04 9.991962313652038574e-01
6.971814036369323730e-01 3.028186261653900146e-01
9.570226669311523438e-01 4.297739267349243164e-02
3.140687569975852966e-02 9.685931205749511719e-01
2.725341437326278538e-05 9.999727010726928711e-01
1.051022263709455729e-04 9.998948574066162109e-01
1.162751432275399566e-04 9.998836517333984375e-01
2.106456607580184937e-01 7.893543839454650879e-01
7.571640014648437500e-01 2.428360134363174438e-01
3.096587657928466797e-01 6.903412342071533203e-01
9.433815479278564453e-01 5.661846697330474854e-02
9.492808580398559570e-01 5.071908980607986450e-02
2.690416388213634491e-02 9.730958938598632812e-01
1.825840445235371590e-03 9.981741905212402344e-01
9.987913966178894043e-01 1.208614790812134743e-03
3.976118192076683044e-02 9.602388143539428711e-01
6.127371639013290405e-02 9.387262463569641113e-01
3.368554462213069201e-04 9.996631145477294922e-01
5.997348125674761832e-05 9.999400377273559570e-01
6.450758576393127441e-01 3.549241721630096436e-01
9.321830272674560547e-01 6.781695038080215454e-02
4.304869472980499268e-01 5.695130228996276855e-01
9.752023816108703613e-01 2.479761838912963867e-02
1.985557191073894501e-02 9.801443815231323242e-01
1.028853580355644226e-01 8.971146941184997559e-01
3.268385771661996841e-03 9.967316389083862305e-01
5.600542761385440826e-03 9.943994879722595215e-01
2.203914918936789036e-04 9.997796416282653809e-01
1.517542114015668631e-04 9.998482465744018555e-01
6.136651635169982910e-01 3.863347768783569336e-01
9.998387098312377930e-01 1.612821506569162011e-04
2.410454675555229187e-02 9.758954644203186035e-01
4.675402343273162842e-01 5.324597358703613281e-01
8.853772655129432678e-03 9.911462664604187012e-01
1.916044652462005615e-01 8.083955049514770508e-01
1.933490186929702759e-01 8.066509962081909180e-01
8.651902675628662109e-01 1.348096728324890137e-01
4.931688681244850159e-02 9.506831169128417969e-01
9.943641424179077148e-01 5.635815206915140152e-03
1.041483730077743530e-01 8.958516716957092285e-01
9.770238995552062988e-01 2.297614514827728271e-02
2.658599913120269775e-01 7.341399788856506348e-01
7.563442736864089966e-02 9.243655204772949219e-01
6.873667240142822266e-01 3.126332759857177734e-01
3.133946331217885017e-03 9.968660473823547363e-01
9.071688691619783640e-05 9.999092817306518555e-01
3.670567530207335949e-04 9.996329545974731445e-01
1.646139658987522125e-02 9.835386276245117188e-01
9.869531393051147461e-01 1.304692775011062622e-02
6.555818021297454834e-03 9.934442043304443359e-01
9.879187941551208496e-01 1.208125986158847809e-02
4.259969573467969894e-03 9.957400560379028320e-01
9.845796012086793780e-05 9.999015331268310547e-01
2.731065265834331512e-03 9.972688555717468262e-01
1.779248239472508430e-03 9.982207417488098145e-01
1.744986772537231445e-01 8.255013227462768555e-01
9.850157499313354492e-01 1.498422026634216309e-02
5.823522806167602539e-03 9.941765069961547852e-01
2.668785746209323406e-04 9.997331500053405762e-01
1.338723115622997284e-03 9.986612796783447266e-01
9.996104836463928223e-01 3.895215922966599464e-04
6.458919029682874680e-03 9.935410022735595703e-01
2.905320227146148682e-01 7.094680070877075195e-01
8.995131850242614746e-01 1.004868820309638977e-01
5.934430956840515137e-01 4.065569341182708740e-01
4.607943817973136902e-02 9.539206027984619141e-01
2.690853178501129150e-01 7.309147119522094727e-01
7.780860364437103271e-02 9.221913814544677734e-01
9.660096764564514160e-01 3.399034589529037476e-02
8.829818107187747955e-04 9.991169571876525879e-01
8.439474913757294416e-05 9.999155998229980469e-01
1.020189141854643822e-03 9.989797472953796387e-01
9.471532702445983887e-01 5.284675955772399902e-02
8.833732604980468750e-01 1.166267395019531250e-01
9.420514106750488281e-01 5.794858559966087341e-02
4.176644980907440186e-01 5.823354721069335938e-01
9.828137159347534180e-01 1.718632318079471588e-02
4.676792013924568892e-05 9.999532699584960938e-01
1.928246492752805352e-04 9.998071789741516113e-01
3.250141441822052002e-02 9.674985408782958984e-01
4.984279803466051817e-05 9.999501705169677734e-01
8.700275421142578125e-01 1.299725025892257690e-01
1.129339728504419327e-02 9.887065887451171875e-01
4.977515898644924164e-03 9.950225353240966797e-01
7.075734902173280716e-04 9.992923736572265625e-01
1.902665128000080585e-03 9.980973601341247559e-01
2.163187018595635891e-04 9.997836947441101074e-01
2.363505074754357338e-03 9.976365566253662109e-01
8.074532151222229004e-01 1.925467699766159058e-01
3.048009239137172699e-04 9.996951818466186523e-01
5.660965293645858765e-02 9.433903098106384277e-01
9.960139989852905273e-01 3.985984250903129578e-03
2.821022877469658852e-03 9.971790313720703125e-01
2.152954228222370148e-02 9.784704446792602539e-01
1.730546791804954410e-04 9.998269677162170410e-01
2.282397076487541199e-02 9.771760702133178711e-01
9.902821779251098633e-01 9.717833250761032104e-03
4.804524651262909174e-04 9.995195865631103516e-01
1.521638943813741207e-03 9.984783530235290527e-01
4.476902540773153305e-03 9.955230951309204102e-01
9.971422553062438965e-01 2.857756800949573517e-03
9.874174594879150391e-01 1.258248277008533478e-02
9.785276055335998535e-01 2.147241495549678802e-02
1.454848051071166992e-01 8.545151948928833008e-01
2.880839201679918915e-05 9.999711513519287109e-01
1.600661780685186386e-03 9.983993172645568848e-01
8.015774935483932495e-02 9.198422431945800781e-01
6.788924336433410645e-02 9.321107268333435059e-01
8.320782780647277832e-01 1.679216772317886353e-01
2.835843861103057861e-01 7.164156436920166016e-01
5.084114074707031250e-01 4.915885627269744873e-01
1.043935492634773254e-02 9.895606040954589844e-01
8.865054249763488770e-01 1.134945973753929138e-01
1.865711994469165802e-02 9.813428521156311035e-01
2.214211272075772285e-03 9.977858066558837891e-01
9.608491659164428711e-01 3.915088996291160583e-02
9.274641424417495728e-02 9.072535634040832520e-01
1.266477629542350769e-02 9.873352050781250000e-01
1.138232910307124257e-04 9.998861551284790039e-01
2.430318389087915421e-03 9.975696206092834473e-01
2.998920381069183350e-01 7.001079320907592773e-01
2.602289244532585144e-02 9.739771485328674316e-01
4.409293457865715027e-02 9.559070467948913574e-01
9.958617091178894043e-01 4.138289019465446472e-03
5.724101141095161438e-02 9.427589774131774902e-01
3.806636086665093899e-04 9.996193647384643555e-01
9.985728263854980469e-01 1.427190029062330723e-03
7.987715601921081543e-01 2.012284100055694580e-01
1.174686327576637268e-01 8.825313448905944824e-01
1.402597688138484955e-02 9.859740138053894043e-01
9.646603465080261230e-01 3.533963859081268311e-02
2.437093062326312065e-03 9.975628852844238281e-01
9.934892654418945312e-01 6.510721519589424133e-03
4.492411389946937561e-03 9.955075979232788086e-01
7.622715234756469727e-01 2.377285212278366089e-01
2.055227160453796387e-01 7.944773435592651367e-01
9.946558475494384766e-01 5.344175733625888824e-03
1.012600492686033249e-03 9.989873766899108887e-01
9.872867465019226074e-01 1.271333172917366028e-02
3.064242899417877197e-01 6.935756802558898926e-01
9.740446805953979492e-01 2.595538645982742310e-02
1.728669507429003716e-03 9.982713460922241211e-01
2.604195661842823029e-02 9.739580154418945312e-01
2.153588086366653442e-02 9.784641265869140625e-01
9.953508377075195312e-01 4.649097565561532974e-03
1.567975431680679321e-01 8.432024717330932617e-01
9.080072045326232910e-01 9.199286252260208130e-02
1.047813217155635357e-03 9.989521503448486328e-01
9.962205290794372559e-01 3.779485123232007027e-03
9.350472246296703815e-04 9.990649819374084473e-01
9.804977178573608398e-01 1.950229890644550323e-02
1.580665935762226582e-03 9.984192848205566406e-01
9.997742772102355957e-01 2.256868610857054591e-04
4.271196201443672180e-03 9.957287907600402832e-01
8.926426768302917480e-01 1.073572486639022827e-01
1.704926416277885437e-02 9.829507470130920410e-01
9.525870084762573242e-01 4.741299152374267578e-02
2.729199267923831940e-02 9.727080464363098145e-01
4.433732032775878906e-01 5.566267967224121094e-01
4.185396537650376558e-04 9.995815157890319824e-01
9.939333796501159668e-01 6.066560279577970505e-03
