9.999183416366577148e-01 8.169667853508144617e-05
4.398913681507110596e-02 9.560108184814453125e-01
9.994903802871704102e-01 5.095677915960550308e-04
9.991453886032104492e-01 8.545760065317153931e-04
9.987065792083740234e-01 1.293466542847454548e-03
9.977381229400634766e-01 2.261923160403966904e-03
2.544003725051879883e-02 9.745600223541259766e-01
9.998277425765991211e-01 1.722404704196378589e-04
1.919564418494701385e-02 9.808043837547302246e-01
9.985180497169494629e-01 1.481959479860961437e-03
9.998399019241333008e-01 1.600496616447344422e-04
7.921432256698608398e-01 2.078567445278167725e-01
1.741878106258809566e-03 9.982581734657287598e-01
9.999278783798217773e-01 7.212959462776780128e-05
9.999021291732788086e-01 9.784799476619809866e-05
3.971917089074850082e-03 9.960280656814575195e-01
9.976341724395751953e-01 2.365799620747566223e-03
9.956243634223937988e-01 4.375715740025043488e-03
1.161043122410774231e-01 8.838957548141479492e-01
1.400493085384368896e-01 8.599506616592407227e-01
9.780791997909545898e-01 2.192077785730361938e-02
9.994316697120666504e-01 5.682744085788726807e-04
9.918681979179382324e-01 8.131843991577625275e-03
9.969875216484069824e-01 3.012540983036160469e-03
9.953750967979431152e-01 4.624985158443450928e-03
9.946014881134033203e-01 5.398516077548265457e-03
6.525025367736816406e-01 3.474974632263183594e-01
9.685759544372558594e-01 3.142404183745384216e-02
9.997242093086242676e-01 2.757290785666555166e-04
9.981901049613952637e-01 1.809931825846433640e-03
7.105440599843859673e-04 9.992893934249877930e-01
9.882425665855407715e-01 1.175739150494337082e-02
9.997852444648742676e-01 2.147805935237556696e-04
9.998425245285034180e-01 1.574300986248999834e-04
9.999034404754638672e-01 9.659193165134638548e-05
9.994978904724121094e-01 5.020554526709020138e-04
9.978080391883850098e-01 2.192015526816248894e-03
4.757815040647983551e-04 9.995242357254028320e-01
9.998929500579833984e-01 1.069928985089063644e-04
2.735620737075805664e-01 7.264379858970642090e-01
9.997001886367797852e-01 2.998446580022573471e-04
9.785514473915100098e-01 2.144851163029670715e-02
9.686695933341979980e-01 3.133036941289901733e-02
9.966686367988586426e-01 3.331357846036553383e-03
9.960001111030578613e-01 3.999884705990552902e-03
9.998514652252197266e-01 1.485299726482480764e-04
9.999049901962280273e-01 9.505393973086029291e-05
1.411899807862937450e-03 9.985880255699157715e-01
6.568250060081481934e-01 3.431749641895294189e-01
4.045532271265983582e-02 9.595446586608886719e-01
9.977205395698547363e-01 2.279449719935655594e-03
9.955276846885681152e-01 4.472319036722183228e-03
9.969043135643005371e-01 3.095713676884770393e-03
5.443255305290222168e-01 4.556744694709777832e-01
9.914612770080566406e-01 8.538697846233844757e-03
9.343872070312500000e-01 6.561277806758880615e-02
9.969124794006347656e-01 3.087471937760710716e-03
9.978833794593811035e-01 2.116589574143290520e-03
9.856400489807128906e-01 1.435991004109382629e-02
9.998525381088256836e-01 1.474269811296835542e-04
1.235839677974581718e-03 9.987641572952270508e-01
9.998198151588439941e-01 1.801761827664449811e-04
6.971807479858398438e-01 3.028192222118377686e-01
9.993724226951599121e-01 6.276398198679089546e-04
9.983894824981689453e-01 1.610541366972029209e-03
9.976621866226196289e-01 2.337823621928691864e-03
9.918131828308105469e-01 8.186805993318557739e-03
9.990537762641906738e-01 9.462341549806296825e-04
9.283952116966247559e-01 7.160481065511703491e-02
5.511880293488502502e-02 9.448812007904052734e-01
9.899820685386657715e-01 1.001790072768926620e-02
9.986994266510009766e-01 1.300507574342191219e-03
6.182577833533287048e-02 9.381742477416992188e-01
9.928348064422607422e-01 7.165175396949052811e-03
9.998468160629272461e-01 1.532053865958005190e-04
9.975609779357910156e-01 2.439047442749142647e-03
6.589900255203247070e-01 3.410099446773529053e-01
8.255324363708496094e-01 1.744675785303115845e-01
9.997211098670959473e-01 2.788124547805637121e-04
9.992544054985046387e-01 7.455655722878873348e-04
9.912981986999511719e-01 8.701812475919723511e-03
1.728129573166370392e-03 9.982718229293823242e-01
9.258499741554260254e-01 7.415004819631576538e-02
9.770614504814147949e-01 2.293849922716617584e-02
9.820765256881713867e-01 1.792345382273197174e-02
1.015534624457359314e-01 8.984465599060058594e-01
1.358892172574996948e-01 8.641108274459838867e-01
6.032093167304992676e-01 3.967906832695007324e-01
6.808198094367980957e-01 3.191802203655242920e-01
9.967923760414123535e-01 3.207560628652572632e-03
9.904663562774658203e-01 9.533622302114963531e-03
9.958606362342834473e-01 4.139334429055452347e-03
2.569153308868408203e-01 7.430846095085144043e-01
9.998125433921813965e-01 1.875297311926260591e-04
9.956603646278381348e-01 4.339568782597780228e-03
8.309649825096130371e-01 1.690350323915481567e-01
2.377861738204956055e-02 9.762213826179504395e-01
9.980871677398681641e-01 1.912813982926309109e-03
2.293074727058410645e-01 7.706925272941589355e-01
7.497968524694442749e-02 9.250203371047973633e-01
6.025059148669242859e-02 9.397493600845336914e-01
8.810506761074066162e-02 9.118949174880981445e-01
9.849843978881835938e-01 1.501552294939756393e-02
3.911981880664825439e-01 6.088017821311950684e-01
9.978929162025451660e-01 2.107092412188649178e-03
4.005010426044464111e-01 5.994989871978759766e-01
9.997988343238830566e-01 2.012055192608386278e-04
8.690708130598068237e-02 9.130928516387939453e-01
9.963143384084105492e-04 9.990037083625793457e-01
6.588658690452575684e-02 9.341133832931518555e-01
1.591376774013042450e-02 9.840862154960632324e-01
2.060814586002379656e-04 9.997939467430114746e-01
9.998345375061035156e-01 1.654294173931702971e-04
9.996096491813659668e-01 3.903628385160118341e-04
8.611883223056793213e-02 9.138812422752380371e-01
4.185909405350685120e-03 9.958140254020690918e-01
7.013546228408813477e-01 2.986454069614410400e-01
9.848371148109436035e-01 1.516295876353979111e-02
3.077662782743573189e-03 9.969223141670227051e-01
8.441068348474800587e-05 9.999155998229980469e-01
5.061108991503715515e-02 9.493889212608337402e-01
8.354865312576293945e-01 1.645134538412094116e-01
9.996870756149291992e-01 3.128922253381460905e-04
9.998270869255065918e-01 1.729296491248533130e-04
2.236592173576354980e-01 7.763407826423645020e-01
5.958454012870788574e-01 4.041546583175659180e-01
5.185743048787117004e-02 9.481425881385803223e-01
6.994542479515075684e-01 3.005457520484924316e-01
3.045670501887798309e-02 9.695433378219604492e-01
2.431551180779933929e-02 9.756844639778137207e-01
9.979904890060424805e-01 2.009506104514002800e-03
9.993828535079956055e-01 6.171659915708005428e-04
4.511860013008117676e-02 9.548813700675964355e-01
9.911618232727050781e-01 8.838211186230182648e-03
9.959583878517150879e-01 4.041584674268960953e-03
7.171787619590759277e-01 2.828212380409240723e-01
1.004245504736900330e-02 9.899575114250183105e-01
9.980912804603576660e-01 1.908739213831722736e-03
2.379222307354211807e-03 9.976207613945007324e-01
7.836961187422275543e-03 9.921631217002868652e-01
9.967226386070251465e-01 3.277408191934227943e-03
9.998749494552612305e-01 1.250943023478612304e-04
9.991028308868408203e-01 8.971546776592731476e-04
9.653917700052261353e-02 9.034608006477355957e-01
9.998857975006103516e-01 1.141552493209019303e-04
9.481915235519409180e-01 5.180848017334938049e-02
5.232941111898981035e-05 9.999476671218872070e-01
9.143263697624206543e-01 8.567363023757934570e-02
9.999321699142456055e-01 6.785166624467819929e-05
9.997877478599548340e-01 2.122628648066893220e-04
9.932251572608947754e-01 6.774779874831438065e-03
9.990068078041076660e-01 9.931934764608740807e-04
7.450534612871706486e-04 9.992548823356628418e-01
9.998053908348083496e-01 1.946724078152328730e-04
9.996433258056640625e-01 3.566700906958431005e-04
9.997326731681823730e-01 2.672666450962424278e-04
9.245575070381164551e-01 7.544253021478652954e-02
8.982792496681213379e-03 9.910172224044799805e-01
9.992402791976928711e-01 7.597031653858721256e-04
1.941027939319610596e-01 8.058971762657165527e-01
9.999471902847290039e-01 5.275153307593427598e-05
9.988424181938171387e-01 1.157592283561825752e-03
7.162893190979957581e-03 9.928371310234069824e-01
9.973829388618469238e-01 2.617064863443374634e-03
9.853532910346984863e-01 1.464669406414031982e-02
9.951791763305664062e-01 4.820786882191896439e-03
1.691002864390611649e-03 9.983090162277221680e-01
9.986996650695800781e-01 1.300315023399889469e-03
6.448559165000915527e-01 3.551440834999084473e-01
1.283511985093355179e-03 9.987164735794067383e-01
2.212699735537171364e-03 9.977872371673583984e-01
9.570653438568115234e-01 4.293458908796310425e-02
9.354296922683715820e-01 6.457031518220901489e-02
1.009065881371498108e-01 8.990933895111083984e-01
8.652426302433013916e-02 9.134756922721862793e-01
7.683783769607543945e-02 9.231621026992797852e-01
9.944977164268493652e-01 5.502349697053432465e-03
9.982842803001403809e-01 1.715679187327623367e-03
3.439087187871336937e-03 9.965608716011047363e-01
9.930886626243591309e-01 6.911295931786298752e-03
9.999378919601440430e-01 6.210762512637302279e-05
9.951910972595214844e-01 4.808903671801090240e-03
3.155004084110260010e-01 6.844995617866516113e-01
9.802122116088867188e-01 1.978780515491962433e-02
6.744647771120071411e-02 9.325535297393798828e-01
3.097583353519439697e-01 6.902416944503784180e-01
9.996097683906555176e-01 3.902430180460214615e-04
2.418088540434837341e-02 9.758191704750061035e-01
9.128349423408508301e-01 8.716505020856857300e-02
9.659805297851562500e-01 3.401939943432807922e-02
8.164080977439880371e-01 1.835918724536895752e-01
9.954011440277099609e-01 4.598837345838546753e-03
3.581985533237457275e-01 6.418014168739318848e-01
9.999065399169921875e-01 9.342257544631138444e-05
2.794154919683933258e-03 9.972057938575744629e-01
8.659512400627136230e-01 1.340488344430923462e-01
9.975014328956604004e-01 2.498508431017398834e-03
5.116459354758262634e-02 9.488353729248046875e-01
9.994520545005798340e-01 5.479676765389740467e-04
9.995996356010437012e-01 4.003843059763312340e-04
4.302783310413360596e-01 5.697216391563415527e-01
9.592177867889404297e-01 4.078220203518867493e-02
1.013168320059776306e-02 9.898682832717895508e-01
9.990549683570861816e-01 9.450173820368945599e-04
3.489981871098279953e-03 9.965099692344665527e-01
9.989504218101501465e-01 1.049618120305240154e-03
2.182354219257831573e-02 9.781764149665832520e-01
9.428942799568176270e-01 5.710576847195625305e-02
9.922502636909484863e-01 7.749667391180992126e-03
2.763562649488449097e-02 9.723643660545349121e-01
9.997302889823913574e-01 2.697387826628983021e-04
9.656977653503417969e-01 3.430222347378730774e-02
7.178104519844055176e-01 2.821895480155944824e-01
9.047938585281372070e-01 9.520613402128219604e-02
9.979769587516784668e-01 2.023027045652270317e-03
6.097911973483860493e-04 9.993902444839477539e-01
1.314435066888108850e-04 9.998685121536254883e-01
5.877094268798828125e-01 4.122905433177947998e-01
9.997109770774841309e-01 2.890528412535786629e-04
9.677848219871520996e-01 3.221517056226730347e-02
9.998815059661865234e-01 1.184841094072908163e-04
8.725709319114685059e-01 1.274290829896926880e-01
9.998242259025573730e-01 1.757673453539609909e-04
9.898485541343688965e-01 1.015145797282457352e-02
9.995457530021667480e-01 4.542622191365808249e-04
5.105264857411384583e-02 9.489473104476928711e-01
2.842028252780437469e-02 9.715797901153564453e-01
4.637933373451232910e-01 5.362066626548767090e-01
7.394589192699640989e-05 9.999260902404785156e-01
9.718789458274841309e-01 2.812108024954795837e-02
6.904558539390563965e-01 3.095441758632659912e-01
9.988877177238464355e-01 1.112306490540504456e-03
2.374387718737125397e-02 9.762561917304992676e-01
8.198728561401367188e-01 1.801270991563796997e-01
9.977592229843139648e-01 2.240723231807351112e-03
3.661960363388061523e-01 6.338039040565490723e-01
9.871966838836669922e-01 1.280335057526826859e-02
9.790765494108200073e-02 9.020923376083374023e-01
9.981537461280822754e-01 1.846204977482557297e-03
9.997926354408264160e-01 2.073351643048226833e-04
9.994199275970458984e-01 5.800873041152954102e-04
4.847097443416714668e-04 9.995152950286865234e-01
9.874901175498962402e-01 1.250987034291028976e-02
9.998034834861755371e-01 1.965108094736933708e-04
8.314087390899658203e-01 1.685913205146789551e-01
6.504842638969421387e-01 3.495157361030578613e-01
9.811550974845886230e-01 1.884490437805652618e-02
4.968272447586059570e-01 5.031727552413940430e-01
9.882432818412780762e-01 1.175672654062509537e-02
9.116526842117309570e-01 8.834730833768844604e-02
9.999357461929321289e-01 6.428091728594154119e-05
2.549586817622184753e-03 9.974504113197326660e-01
9.987718462944030762e-01 1.228117151185870171e-03
9.996682405471801758e-01 3.317381197120994329e-04
4.743986129760742188e-01 5.256013870239257812e-01
2.666771179065108299e-04 9.997332692146301270e-01
9.225845336914062500e-01 7.741553336381912231e-02
9.967023730278015137e-01 3.297629300504922867e-03
9.967689514160156250e-01 3.231122158467769623e-03
9.662367105484008789e-01 3.376326709985733032e-02
1.139940917491912842e-01 8.860058784484863281e-01
4.318466782569885254e-02 9.568153619766235352e-01
9.965282082557678223e-01 3.471787320449948311e-03
2.066362053155899048e-01 7.933637499809265137e-01
2.727498114109039307e-02 9.727249741554260254e-01
9.847424030303955078e-01 1.525763329118490219e-02
2.377840578556060791e-01 7.622159719467163086e-01
5.346019938588142395e-02 9.465398192405700684e-01
5.051669478416442871e-01 4.948330819606781006e-01
9.988510608673095703e-01 1.148966839537024498e-03
9.909832477569580078e-01 9.016781114041805267e-03
2.730329521000385284e-02 9.726966619491577148e-01
9.083065390586853027e-01 9.169339388608932495e-02
9.739851951599121094e-01 2.601477876305580139e-02
5.557267069816589355e-01 4.442732632160186768e-01
9.994600415229797363e-01 5.399938672780990601e-04
9.873104095458984375e-01 1.268959324806928635e-02
7.017567288130521774e-03 9.929823875427246094e-01
6.421076250262558460e-05 9.999357461929321289e-01
9.995952248573303223e-01 4.047935653943568468e-04
7.870278358459472656e-01 2.129721641540527344e-01
9.268353581428527832e-01 7.316461950540542603e-02
9.991915822029113770e-01 8.084583678282797337e-04
8.997271652333438396e-04 9.991003274917602539e-01
8.930380940437316895e-01 1.069618985056877136e-01
9.992313385009765625e-01 7.686894969083368778e-04
9.998669624328613281e-01 1.330718805547803640e-04
9.992038607597351074e-01 7.961223600432276726e-04
9.814225435256958008e-01 1.857747323811054230e-02
9.998129010200500488e-01 1.870655687525868416e-04
9.992070794105529785e-01 7.929985295049846172e-04
9.332026243209838867e-01 6.679737567901611328e-02
2.208742126822471619e-02 9.779125452041625977e-01
4.770101513713598251e-03 9.952299594879150391e-01
1.271734508918598294e-04 9.998728036880493164e-01
6.841957569122314453e-01 3.158042132854461670e-01
1.526806037873029709e-03 9.984732270240783691e-01
9.618263840675354004e-01 3.817364946007728577e-02
3.360482398420572281e-03 9.966394901275634766e-01
9.569386839866638184e-01 4.306125640869140625e-02
9.988646507263183594e-01 1.135418191552162170e-03
1.403220463544130325e-03 9.985967278480529785e-01
9.611731767654418945e-02 9.038826823234558105e-01
9.844723343849182129e-01 1.552772801369428635e-02
9.940624833106994629e-01 5.937527865171432495e-03
7.565991282463073730e-01 2.434009313583374023e-01
9.672703742980957031e-01 3.272955864667892456e-02
9.819040894508361816e-01 1.809592545032501221e-02
1.046372056007385254e-01 8.953627347946166992e-01
9.950199127197265625e-01 4.980033729225397110e-03
9.974173307418823242e-01 2.582630142569541931e-03
9.991669654846191406e-01 8.331036660820245743e-04
9.988150596618652344e-01 1.184948370791971684e-03
9.886369109153747559e-01 1.136311236768960953e-02
9.685562849044799805e-01 3.144370019435882568e-02
9.663873910903930664e-01 3.361256793141365051e-02
2.369503378868103027e-01 7.630496621131896973e-01
9.992414712905883789e-01 7.585615967400372028e-04
9.685347080230712891e-01 3.146529942750930786e-02
9.995361566543579102e-01 4.638113605324178934e-04
9.995037317276000977e-01 4.962970269843935966e-04
6.773050874471664429e-03 9.932269454002380371e-01
1.686217822134494781e-02 9.831378459930419922e-01
9.998872280120849609e-01 1.127656505559571087e-04
7.634959369897842407e-02 9.236504435539245605e-01
1.803250461816787720e-01 8.196749687194824219e-01
6.215608119964599609e-01 3.784391582012176514e-01
4.915044410154223442e-04 9.995085000991821289e-01
5.236667580902576447e-03 9.947633147239685059e-01
2.933745980262756348e-01 7.066254019737243652e-01
9.998390674591064453e-01 1.609340542927384377e-04
9.934251308441162109e-01 6.574808154255151749e-03
9.802174568176269531e-01 1.978254318237304688e-02
9.803854227066040039e-01 1.961455121636390686e-02
9.957270622253417969e-01 4.272961057722568512e-03
9.582639336585998535e-01 4.173611477017402649e-02
9.987025260925292969e-01 1.297478447668254375e-03
1.122255437076091766e-02 9.887774586677551270e-01
9.982610344886779785e-01 1.738951075822114944e-03
4.635772705078125000e-01 5.364226698875427246e-01
4.474675357341766357e-01 5.525324344635009766e-01
9.939861297607421875e-01 6.013793870806694031e-03
9.996678829193115234e-01 3.320779651403427124e-04
9.507750868797302246e-01 4.922485724091529846e-02
9.954442977905273438e-01 4.555711057037115097e-03
9.998311996459960938e-01 1.687883777776733041e-04
9.698820710182189941e-01 3.011791780591011047e-02
9.998860359191894531e-01 1.139305750257335603e-04
9.996246099472045898e-01 3.754078061319887638e-04
1.298881042748689651e-02 9.870111942291259766e-01
9.881667494773864746e-01 1.183327194303274155e-02
7.627772632986307144e-03 9.923722743988037109e-01
1.231775730848312378e-01 8.768224120140075684e-01
9.989446997642517090e-01 1.055340748280286789e-03
1.648301072418689728e-02 9.835169911384582520e-01
9.841457009315490723e-01 1.585434563457965851e-02
9.951742291450500488e-01 4.825818352401256561e-03
1.842521429061889648e-01 8.157479166984558105e-01
9.036372303962707520e-01 9.636279940605163574e-02
4.426811635494232178e-02 9.557319283485412598e-01
3.710066899657249451e-02 9.628993868827819824e-01
9.873184561729431152e-01 1.268159039318561554e-02
9.873452782630920410e-01 1.265472732484340668e-02
2.264118194580078125e-02 9.773588180541992188e-01
9.997317194938659668e-01 2.682162157725542784e-04
3.362779738381505013e-03 9.966372251510620117e-01
9.520199894905090332e-01 4.798001050949096680e-02
9.992815852165222168e-01 7.183959241956472397e-04
9.975201487541198730e-01 2.479774644598364830e-03
9.662954807281494141e-01 3.370459377765655518e-02
9.988967180252075195e-01 1.103311427868902683e-03
1.222071275115013123e-01 8.777928352355957031e-01
8.067837357521057129e-02 9.193216562271118164e-01
1.244559064507484436e-01 8.755440711975097656e-01
9.999297857284545898e-01 7.022392674116417766e-05
1.713041029870510101e-02 9.828695654869079590e-01
5.456898212432861328e-01 4.543101787567138672e-01
6.046685576438903809e-01 3.953314423561096191e-01
9.939216375350952148e-01 6.078385747969150543e-03
9.984265565872192383e-01 1.573460409417748451e-03
9.907823204994201660e-01 9.217745624482631683e-03
9.968119263648986816e-01 3.188068745657801628e-03
9.875103235244750977e-01 1.248961035162210464e-02
2.313693612813949585e-01 7.686306238174438477e-01
9.746419787406921387e-01 2.535801194608211517e-02
9.654912352561950684e-01 3.450873866677284241e-02
9.368680715560913086e-01 6.313193589448928833e-02
9.962969422340393066e-01 3.703095251694321632e-03
9.675357937812805176e-01 3.246417641639709473e-02
2.795184729620814323e-03 9.972048401832580566e-01
8.235138058662414551e-01 1.764862090349197388e-01
9.255436062812805176e-01 7.445635646581649780e-02
1.585779897868633270e-02 9.841422438621520996e-01
9.999212026596069336e-01 7.873719732742756605e-05
9.913309812545776367e-01 8.668979629874229431e-03
2.638419270515441895e-01 7.361580729484558105e-01
8.909615874290466309e-01 1.090384498238563538e-01
9.997617602348327637e-01 2.382337261224165559e-04
1.970739848911762238e-02 9.802926182746887207e-01
9.914735555648803711e-01 8.526487275958061218e-03
6.261296104639768600e-03 9.937387704849243164e-01
9.229310750961303711e-01 7.706897705793380737e-02
9.893338084220886230e-01 1.066619809716939926e-02
1.262167841196060181e-01 8.737832307815551758e-01
9.522575139999389648e-01 4.774245992302894592e-02
9.828087687492370605e-01 1.719127595424652100e-02
9.994727969169616699e-01 5.271969130262732506e-04
9.622333645820617676e-01 3.776666522026062012e-02
9.096685051918029785e-01 9.033148735761642456e-02
9.269227981567382812e-01 7.307713478803634644e-02
5.544810891151428223e-01 4.455188810825347900e-01
9.983559250831604004e-01 1.643996220082044601e-03
9.973914623260498047e-01 2.608547918498516083e-03
9.976928234100341797e-01 2.307147020474076271e-03
9.998955726623535156e-01 1.044391538016498089e-04
3.930596709251403809e-01 6.069402694702148438e-01
9.927176237106323242e-01 7.282380014657974243e-03
8.742749691009521484e-01 1.257250010967254639e-01
7.495539784431457520e-01 2.504460215568542480e-01
9.991346001625061035e-01 8.654319681227207184e-04
7.530261874198913574e-01 2.469738125801086426e-01
9.993885755538940430e-01 6.113860290497541428e-04
5.559051036834716797e-01 4.440949261188507080e-01
9.946731925010681152e-01 5.326774902641773224e-03
7.099007964134216309e-01 2.900992035865783691e-01
9.966905117034912109e-01 3.309484804049134254e-03
9.999485015869140625e-01 5.147862248122692108e-05
8.544362187385559082e-01 1.455637961626052856e-01
9.912756681442260742e-01 8.724365383386611938e-03
9.353061318397521973e-01 6.469389796257019043e-02
9.691632390022277832e-01 3.083669394254684448e-02
9.996700286865234375e-01 3.300155221950262785e-04
8.656127452850341797e-01 1.343872845172882080e-01
3.888782812282443047e-04 9.996111989021301270e-01
9.997271895408630371e-01 2.728076942730695009e-04
9.995810389518737793e-01 4.189064493402838707e-04
8.581501606386154890e-05 9.999141693115234375e-01
8.325838446617126465e-01 1.674161106348037720e-01
1.036969851702451706e-02 9.896302819252014160e-01
8.897610306739807129e-01 1.102389991283416748e-01
8.582445383071899414e-01 1.417554616928100586e-01
2.001831866800785065e-02 9.799817204475402832e-01
9.894626736640930176e-01 1.053733564913272858e-02
3.075219574384391308e-04 9.996925592422485352e-01
7.724688649177551270e-01 2.275311052799224854e-01
9.368560314178466797e-01 6.314397603273391724e-02
9.941117167472839355e-01 5.888226442039012909e-03
9.994383454322814941e-01 5.615895497612655163e-04
9.932876229286193848e-01 6.712410133332014084e-03
9.585968255996704102e-01 4.140312597155570984e-02
9.963201284408569336e-01 3.679872257634997368e-03
9.772633910179138184e-01 2.273658104240894318e-02
9.996775388717651367e-01 3.225004475098103285e-04
9.116767644882202148e-01 8.832326531410217285e-02
1.321393400430679321e-01 8.678606152534484863e-01
9.993562102317810059e-01 6.437991396524012089e-04
9.812628626823425293e-01 1.873715780675411224e-02
9.260754585266113281e-01 7.392454892396926880e-02
9.713922142982482910e-01 2.860776521265506744e-02
9.995700716972351074e-01 4.299045540392398834e-04
3.011967241764068604e-01 6.988033056259155273e-01
9.969497323036193848e-01 3.050284460186958313e-03
9.984915256500244141e-01 1.508453628048300743e-03
1.197867095470428467e-03 9.988021850585937500e-01
9.529538750648498535e-01 4.704609513282775879e-02
9.998633861541748047e-01 1.366008655168116093e-04
1.029462590813636780e-01 8.970537781715393066e-01
9.998427629470825195e-01 1.572397304698824883e-04
1.536082709208130836e-03 9.984639883041381836e-01
9.998606443405151367e-01 1.393214042764157057e-04
5.454661250114440918e-01 4.545338749885559082e-01
9.248919039964675903e-02 9.075108170509338379e-01
9.953476786613464355e-01 4.652339965105056763e-03
9.920075535774230957e-04 9.990079998970031738e-01
9.987779259681701660e-01 1.222109887748956680e-03
9.987383484840393066e-01 1.261622528545558453e-03
9.881405830383300781e-01 1.185946166515350342e-02
9.916328191757202148e-01 8.367149159312248230e-03
9.962190985679626465e-01 3.780901664867997169e-03
3.117017447948455811e-01 6.882982254028320312e-01
9.998927116394042969e-01 1.073116000043228269e-04
9.725859165191650391e-01 2.741405181586742401e-02
9.996199607849121094e-01 3.800290869548916817e-04
9.601170420646667480e-01 3.988293930888175964e-02
9.993156194686889648e-01 6.843973533250391483e-04
9.680603742599487305e-01 3.193959593772888184e-02
9.984799027442932129e-01 1.520108198747038841e-03
9.405761957168579102e-01 5.942374095320701599e-02
4.813194274902343750e-02 9.518681168556213379e-01
9.991610050201416016e-01 8.389964932575821877e-04
8.493974208831787109e-01 1.506025493144989014e-01
4.423842951655387878e-02 9.557614922523498535e-01
9.980431795120239258e-01 1.956845866516232491e-03
9.995561242103576660e-01 4.438060859683901072e-04
9.987953901290893555e-01 1.204636297188699245e-03
6.439586868509650230e-04 9.993560910224914551e-01
9.610564112663269043e-01 3.894352912902832031e-02
8.822841942310333252e-02 9.117715954780578613e-01
9.980751276016235352e-01 1.924826414324343204e-03
6.028879061341285706e-02 9.397111535072326660e-01
1.972866058349609375e-01 8.027133941650390625e-01
9.743413925170898438e-01 2.565856650471687317e-02
9.954586029052734375e-01 4.541362170130014420e-03
2.516468986868858337e-03 9.974835515022277832e-01
9.998617172241210938e-01 1.382118934998288751e-04
9.820607900619506836e-01 1.793922111392021179e-02
9.984127283096313477e-01 1.587302191182971001e-03
9.519156217575073242e-01 4.808436334133148193e-02
5.746513605117797852e-01 4.253486096858978271e-01
8.793766028247773647e-04 9.991206526756286621e-01
9.999544620513916016e-01 4.553270628093741834e-05
3.784328103065490723e-01 6.215671896934509277e-01
3.186087356880307198e-03 9.968139529228210449e-01
1.142712123692035675e-02 9.885728359222412109e-01
9.941030144691467285e-01 5.897019524127244949e-03
4.149506858084350824e-04 9.995850920677185059e-01
1.554232742637395859e-02 9.844576716423034668e-01
4.574901540763676167e-04 9.995425939559936523e-01
9.949917197227478027e-01 5.008292850106954575e-03
9.206000566482543945e-01 7.939997315406799316e-02
7.771007418632507324e-01 2.228993028402328491e-01
9.998416900634765625e-01 1.583145058248192072e-04
9.729408025741577148e-01 2.705918066203594208e-02
2.488282769918441772e-01 7.511717081069946289e-01
2.603218853473663330e-01 7.396780848503112793e-01
9.661531448364257812e-01 3.384684026241302490e-02
9.993348717689514160e-01 6.651264848187565804e-04
9.994879961013793945e-01 5.119718844071030617e-04
9.981758594512939453e-01 1.824095146730542183e-03
1.493547111749649048e-02 9.850645661354064941e-01
9.959465861320495605e-01 4.053423646837472916e-03
8.768911957740783691e-01 1.231088191270828247e-01
8.860490918159484863e-01 1.139509081840515137e-01
9.990449547767639160e-01 9.550788090564310551e-04
3.047614300157874823e-04 9.996953010559082031e-01
9.951698184013366699e-01 4.830200690776109695e-03
9.954088330268859863e-01 4.591095261275768280e-03
9.965538978576660156e-01 3.446136601269245148e-03
9.997227787971496582e-01 2.772048756014555693e-04
9.439635872840881348e-01 5.603642016649246216e-02
9.430203437805175781e-01 5.697970464825630188e-02
9.973247051239013672e-01 2.675259253010153770e-03
8.865483999252319336e-01 1.134515404701232910e-01
4.927488043904304504e-03 9.950725436210632324e-01
4.704076127381995320e-05 9.999529123306274414e-01
9.947598576545715332e-01 5.240088794380426407e-03
4.734354466199874878e-02 9.526564478874206543e-01
9.590051770210266113e-01 4.099482670426368713e-02
1.804932020604610443e-03 9.981951117515563965e-01
9.823560118675231934e-01 1.764396764338016510e-02
9.998866319656372070e-01 1.133369951276108623e-04
9.998076558113098145e-01 1.923252129927277565e-04
9.775239229202270508e-01 2.247601747512817383e-02
9.977430105209350586e-01 2.257045125588774681e-03
1.040000915527343750e-01 8.959998488426208496e-01
1.891105668619275093e-03 9.981088638305664062e-01
1.549645233899354935e-02 9.845035076141357422e-01
9.752789139747619629e-01 2.472105063498020172e-02
9.770540595054626465e-01 2.294589579105377197e-02
9.996024966239929199e-01 3.975607105530798435e-04
9.987317919731140137e-01 1.268218737095594406e-03
9.995259046554565430e-01 4.741552402265369892e-04
4.610431492328643799e-01 5.389568805694580078e-01
3.009123206138610840e-01 6.990877389907836914e-01
9.998797178268432617e-01 1.202510829898528755e-04
9.766553640365600586e-01 2.334461547434329987e-02
9.968978166580200195e-01 3.102192422375082970e-03
9.971683621406555176e-01 2.831638092175126076e-03
9.960672259330749512e-01 3.932776395231485367e-03
9.251883625984191895e-01 7.481165975332260132e-02
9.960606694221496582e-01 3.939313814043998718e-03
8.216043561697006226e-02 9.178395271301269531e-01
8.663026094436645508e-01 1.336974203586578369e-01
9.976448416709899902e-01 2.355101983994245529e-03
9.963672161102294922e-01 3.632717765867710114e-03
8.172984421253204346e-02 9.182701110839843750e-01
8.809029459953308105e-01 1.190970763564109802e-01
9.937736988067626953e-01 6.226321216672658920e-03
1.025586505420506001e-03 9.989744424819946289e-01
5.827238559722900391e-01 4.172761142253875732e-01
9.875751137733459473e-01 1.242485549300909042e-02
7.047421932220458984e-01 2.952578067779541016e-01
9.910482764244079590e-01 8.951770141720771790e-03
9.995841383934020996e-01 4.158214142080396414e-04
5.983360409736633301e-01 4.016639590263366699e-01
9.636191129684448242e-01 3.638083487749099731e-02
8.236572146415710449e-01 1.763427555561065674e-01
7.498568296432495117e-01 2.501431703567504883e-01
6.461983323097229004e-01 3.538016676902770996e-01
9.974275231361389160e-01 2.572514582425355911e-03
9.000408053398132324e-01 9.995923936367034912e-02
9.994723200798034668e-01 5.277190939523279667e-04
2.243652567267417908e-02 9.775634407997131348e-01
1.715690887067466974e-04 9.998284578323364258e-01
9.996396303176879883e-01 3.603066725190728903e-04
9.991580247879028320e-01 8.420130470767617226e-04
9.999191761016845703e-01 8.086833258857950568e-05
2.334691137075424194e-01 7.665308713912963867e-01
8.952487707138061523e-01 1.047512590885162354e-01
9.704542160034179688e-01 2.954578213393688202e-02
9.637515246868133545e-02 9.036248326301574707e-01
1.860454827547073364e-01 8.139545321464538574e-01
6.489883661270141602e-01 3.510116934776306152e-01
6.368914246559143066e-01 3.631085455417633057e-01
1.753654032945632935e-01 8.246346116065979004e-01
4.758689701557159424e-01 5.241310000419616699e-01
1.482734369346871972e-04 9.998517036437988281e-01
9.237929582595825195e-01 7.620702683925628662e-02
6.257467269897460938e-01 3.742532730102539062e-01
9.995982050895690918e-01 4.018158651888370514e-04
9.996027350425720215e-01 3.972866106778383255e-04
9.985933899879455566e-01 1.406639581546187401e-03
9.417018890380859375e-01 5.829815194010734558e-02
9.704674482345581055e-01 2.953257039189338684e-02
9.866134524345397949e-01 1.338653080165386200e-02
2.580534219741821289e-01 7.419465780258178711e-01
1.610984560102224350e-03 9.983890056610107422e-01
9.914035201072692871e-01 8.596536703407764435e-03
1.251325709745287895e-03 9.987486600875854492e-01
9.949402809143066406e-01 5.059765651822090149e-03
7.744682431221008301e-01 2.255316972732543945e-01
8.979370594024658203e-01 1.020628958940505981e-01
9.981350898742675781e-01 1.864865771494805813e-03
9.840574860572814941e-01 1.594246923923492432e-02
9.998420476913452148e-01 1.578749070176854730e-04
9.999321699142456055e-01 6.781989941373467445e-05
9.586852192878723145e-01 4.131478443741798401e-02
2.343180531170219183e-04 9.997656941413879395e-01
6.488789916038513184e-01 3.511209785938262939e-01
1.309086475521326065e-02 9.869090914726257324e-01
3.355491906404495239e-02 9.664450883865356445e-01
9.998534917831420898e-01 1.465307432226836681e-04
7.926652431488037109e-01 2.073347568511962891e-01
9.937484264373779297e-01 6.251586135476827621e-03
9.998302459716796875e-01 1.697064435575157404e-04
3.951685212086886168e-04 9.996048808097839355e-01
9.997726082801818848e-01 2.273474674439057708e-04
4.215194880962371826e-01 5.784805417060852051e-01
9.370904564857482910e-01 6.290955841541290283e-02
8.250824213027954102e-01 1.749175339937210083e-01
9.992522597312927246e-01 7.477699546143412590e-04
9.980382323265075684e-01 1.961770700290799141e-03
9.998984336853027344e-01 1.015294837998226285e-04
6.663124561309814453e-01 3.336875438690185547e-01
6.515811383724212646e-02 9.348418712615966797e-01
2.234367579221725464e-01 7.765631675720214844e-01
1.190888788551092148e-02 9.880911111831665039e-01
9.985435009002685547e-01 1.456532394513487816e-03
9.889227151870727539e-01 1.107727736234664917e-02
9.998382329940795898e-01 1.617818052181974053e-04
9.378457069396972656e-01 6.215427443385124207e-02
9.989597797393798828e-01 1.040194649249315262e-03
9.993572831153869629e-01 6.427550106309354305e-04
7.868110537528991699e-01 2.131889015436172485e-01
1.583110657520592213e-03 9.984169006347656250e-01
4.274053126573562622e-02 9.572594165802001953e-01
3.760811313986778259e-02 9.623918533325195312e-01
9.929307699203491211e-01 7.069164887070655823e-03
9.995891451835632324e-01 4.108982975594699383e-04
3.653227388858795166e-01 6.346772313117980957e-01
9.957376718521118164e-01 4.262302536517381668e-03
9.925428628921508789e-01 7.457152009010314941e-03
9.612819552421569824e-01 3.871807456016540527e-02
9.995090961456298828e-01 4.909227136522531509e-04
9.707977771759033203e-01 2.920227311551570892e-02
9.983293414115905762e-01 1.670695492066442966e-03
2.244891133159399033e-03 9.977551102638244629e-01
9.617197513580322266e-01 3.828029707074165344e-02
5.860303714871406555e-02 9.413970112800598145e-01
9.824807047843933105e-01 1.751923002302646637e-02
9.998515844345092773e-01 1.483492233091965318e-04
3.800484836101531982e-01 6.199514865875244141e-01
9.890730977058410645e-01 1.092691253870725632e-02
6.342183332890272141e-03 9.936577677726745605e-01
9.437225461006164551e-01 5.627745762467384338e-02
9.997791647911071777e-01 2.208738587796688080e-04
9.996052384376525879e-01 3.947644727304577827e-04
9.795824289321899414e-01 2.041761204600334167e-02
8.768911957740783691e-01 1.231088191270828247e-01
9.913990497589111328e-01 8.600905537605285645e-03
8.262761235237121582e-01 1.737239062786102295e-01
9.958474040031433105e-01 4.152614157646894455e-03
9.500871300697326660e-01 4.991283640265464783e-02
9.991161227226257324e-01 8.838218636810779572e-04
2.772178559098392725e-04 9.997227787971496582e-01
9.199102520942687988e-01 8.008982241153717041e-02
9.996789693832397461e-01 3.210130089428275824e-04
9.991901516914367676e-01 8.098423131741583347e-04
7.844875007867813110e-02 9.215512275695800781e-01
9.992094039916992188e-01 7.905222009867429733e-04
1.403313968330621719e-02 9.859668612480163574e-01
4.599364995956420898e-01 5.400635004043579102e-01
3.493208903819322586e-03 9.965067505836486816e-01
9.986314177513122559e-01 1.368506578728556633e-03
4.407580792903900146e-01 5.592418909072875977e-01
7.507302798330783844e-04 9.992492794990539551e-01
9.874901175498962402e-01 1.250987034291028976e-02
9.995923638343811035e-01 4.076705081388354301e-04
9.890319406986236572e-02 9.010968804359436035e-01
9.904344081878662109e-01 9.565650485455989838e-03
9.992973804473876953e-01 7.026158855296671391e-04
9.766552448272705078e-01 2.334476821124553680e-02
9.970541000366210938e-01 2.945936983451247215e-03
1.290511637926101685e-01 8.709487915039062500e-01
9.212962985038757324e-01 7.870369404554367065e-02
9.998252987861633301e-01 1.747021742630749941e-04
9.991723299026489258e-01 8.277407032437622547e-04
9.983708262443542480e-01 1.629161299206316471e-03
9.993397593498229980e-01 6.602407083846628666e-04
9.999113082885742188e-01 8.874280320014804602e-05
9.997766613960266113e-01 2.233005070593208075e-04
9.996910095214843750e-01 3.090107929892838001e-04
9.997063279151916504e-01 2.936300006695091724e-04
9.996179342269897461e-01 3.819842240773141384e-04
9.997842907905578613e-01 2.157604758394882083e-04
9.998385906219482422e-01 1.613365893717855215e-04
9.688444733619689941e-01 3.115558996796607971e-02
9.441085904836654663e-02 9.055891633033752441e-01
4.959698319435119629e-01 5.040301680564880371e-01
3.500552847981452942e-02 9.649944305419921875e-01
9.991505146026611328e-01 8.494333596900105476e-04
8.746097087860107422e-01 1.253903359174728394e-01
1.364765614271163940e-01 8.635234832763671875e-01
2.141881559509783983e-04 9.997858405113220215e-01
9.159959736280143261e-04 9.990839958190917969e-01
9.997705817222595215e-01 2.294472069479525089e-04
8.696073293685913086e-01 1.303926110267639160e-01
9.927022457122802734e-01 7.297690957784652710e-03
1.241076824953779578e-04 9.998759031295776367e-01
9.998468160629272461e-01 1.532102178316563368e-04
8.148077726364135742e-01 1.851922124624252319e-01
9.994367957115173340e-01 5.632400861941277981e-04
3.627643454819917679e-04 9.996372461318969727e-01
9.993513226509094238e-01 6.486841011792421341e-04
9.996378421783447266e-01 3.621454525273293257e-04
3.458328545093536377e-02 9.654166698455810547e-01
9.976550340652465820e-01 2.344932174310088158e-03
9.967820644378662109e-01 3.217973746359348297e-03
9.954192638397216797e-01 4.580786451697349548e-03
9.993633627891540527e-01 6.366308662109076977e-04
2.057815045118331909e-01 7.942184805870056152e-01
9.986314177513122559e-01 1.368500059470534325e-03
6.687245368957519531e-01 3.312754929065704346e-01
9.704900383949279785e-01 2.951002493500709534e-02
2.024655640125274658e-01 7.975344657897949219e-01
9.876028895378112793e-01 1.239707600325345993e-02
9.873126149177551270e-01 1.268741954118013382e-02
6.403785347938537598e-01 3.596214950084686279e-01
1.796107739210128784e-02 9.820389151573181152e-01
9.987651109695434570e-01 1.234884257428348064e-03
9.805693626403808594e-01 1.943067461252212524e-02
9.745162725448608398e-01 2.548368647694587708e-02
1.311955302953720093e-01 8.688045144081115723e-01
9.999146461486816406e-01 8.534902008250355721e-05
9.759618639945983887e-01 2.403816580772399902e-02
9.813053011894226074e-01 1.869467832148075104e-02
9.947133660316467285e-01 5.286566447466611862e-03
9.944949746131896973e-01 5.505017004907131195e-03
6.269590258598327637e-01 3.730409741401672363e-01
1.456860899925231934e-01 8.543139100074768066e-01
9.982864260673522949e-01 1.713591394945979118e-03
9.997751116752624512e-01 2.249206299893558025e-04
3.449651598930358887e-02 9.655034542083740234e-01
9.999302625656127930e-01 6.978693272685632110e-05
9.990509152412414551e-01 9.490207885392010212e-04
9.968134760856628418e-01 3.186495974659919739e-03
9.779311418533325195e-01 2.206884883344173431e-02
9.126669764518737793e-01 8.733305335044860840e-02
4.451058339327573776e-03 9.955489635467529297e-01
4.169690146227367222e-05 9.999582767486572266e-01
9.936723709106445312e-01 6.327632814645767212e-03
9.946495890617370605e-01 5.350473802536725998e-03
9.042643755674362183e-02 9.095736145973205566e-01
9.998660087585449219e-01 1.340209564659744501e-04
8.037895560264587402e-01 1.962104290723800659e-01
8.539754748344421387e-01 1.460245698690414429e-01
8.496456742286682129e-01 1.503543555736541748e-01
9.993780851364135742e-01 6.219376227818429470e-04
9.991643428802490234e-01 8.356824982911348343e-04
9.399628043174743652e-01 6.003717333078384399e-02
9.980669617652893066e-01 1.933002145960927010e-03
8.720430731773376465e-01 1.279569119215011597e-01
9.999198913574218750e-01 8.010449528228491545e-05
9.998419284820556641e-01 1.580434618517756462e-04
3.995574265718460083e-02 9.600442051887512207e-01
9.981794357299804688e-01 1.820543431676924229e-03
9.976040720939636230e-01 2.396005904302000999e-03
9.999120235443115234e-01 8.792857988737523556e-05
9.978709220886230469e-01 2.129115862771868706e-03
2.988598644733428955e-01 7.011401653289794922e-01
9.824481606483459473e-01 1.755186915397644043e-02
1.096620410680770874e-01 8.903378844261169434e-01
9.908171892166137695e-01 9.182832203805446625e-03
9.014673233032226562e-01 9.853260219097137451e-02
9.948198199272155762e-01 5.180243868380784988e-03
8.412824869155883789e-01 1.587175279855728149e-01
9.985467791557312012e-01 1.453248900361359119e-03
9.784951806068420410e-01 2.150480635464191437e-02
9.998276233673095703e-01 1.723488967400044203e-04
1.712627708911895752e-02 9.828737378120422363e-01
9.825113415718078613e-01 1.748868450522422791e-02
9.997435212135314941e-01 2.564564056228846312e-04
9.998688697814941406e-01 1.311154046561568975e-04
1.168548129498958588e-03 9.988314509391784668e-01
7.127864751964807510e-03 9.928721785545349121e-01
9.726527929306030273e-01 2.734723873436450958e-02
9.943844079971313477e-01 5.615552887320518494e-03
9.995637536048889160e-01 4.362738982308655977e-04
9.990093708038330078e-01 9.905456099659204483e-04
2.161879390478134155e-01 7.838120460510253906e-01
8.572599887847900391e-01 1.427400261163711548e-01
9.077420830726623535e-01 9.225792437791824341e-02
7.679401040077209473e-01 2.320599406957626343e-01
9.936951994895935059e-01 6.304779555648565292e-03
9.254621267318725586e-01 7.453791052103042603e-02
9.949110150337219238e-01 5.088978912681341171e-03
9.888484477996826172e-01 1.115153543651103973e-02
9.999233484268188477e-01 7.666120654903352261e-05
6.043115630745887756e-02 9.395688772201538086e-01
9.936183691024780273e-01 6.381677929311990738e-03
9.989550113677978516e-01 1.044983044266700745e-03
9.999530315399169922e-01 4.697728581959381700e-05
4.384382162243127823e-03 9.956156015396118164e-01
1.213904979522340000e-04 9.998786449432373047e-01
2.804055402521044016e-04 9.997195601463317871e-01
9.991281628608703613e-01 8.718356839381158352e-04
9.973903298377990723e-01 2.609730465337634087e-03
9.995132684707641602e-01 4.867479146923869848e-04
7.449430227279663086e-01 2.550570368766784668e-01
9.809224009513854980e-01 1.907762885093688965e-02
6.734390854835510254e-01 3.265608847141265869e-01
4.291130695492029190e-03 9.957088232040405273e-01
2.937079071998596191e-01 7.062920928001403809e-01
7.876139283180236816e-01 2.123860865831375122e-01
1.648334711790084839e-01 8.351665139198303223e-01
4.482763353735208511e-03 9.955173134803771973e-01
6.568099856376647949e-01 3.431900441646575928e-01
3.564868271350860596e-01 6.435132026672363281e-01
9.988493919372558594e-01 1.150557422079145908e-03
6.301472187042236328e-01 3.698527812957763672e-01
8.489512801170349121e-01 1.510487049818038940e-01
5.431375503540039062e-01 4.568624496459960938e-01
8.306116461753845215e-01 1.693882942199707031e-01
7.729863524436950684e-01 2.270136177539825439e-01
9.992350339889526367e-01 7.649356848560273647e-04
9.962307810783386230e-01 3.769182600080966949e-03
9.998022913932800293e-01 1.977234642254188657e-04
9.977607727050781250e-01 2.239228924736380577e-03
6.030795339029282331e-05 9.999396800994873047e-01
3.406764008104801178e-03 9.965931773185729980e-01
3.839150886051356792e-04 9.996160268783569336e-01
9.808657169342041016e-01 1.913427561521530151e-02
7.215535640716552734e-01 2.784464359283447266e-01
9.994949102401733398e-01 5.050207255408167839e-04
9.994782805442810059e-01 5.217715515755116940e-04
9.883638620376586914e-01 1.163610257208347321e-02
9.917414188385009766e-01 8.258556015789508820e-03
9.996685981750488281e-01 3.314311907161027193e-04
8.290206789970397949e-01 1.709793955087661743e-01
2.558073997497558594e-01 7.441926002502441406e-01
2.422188818454742432e-01 7.577810883522033691e-01
5.155879771336913109e-04 9.994844198226928711e-01
1.366149750538170338e-03 9.986338019371032715e-01
9.986063838005065918e-01 1.393662183545529842e-03
9.991298317909240723e-01 8.702285122126340866e-04
8.327244520187377930e-01 1.672755926847457886e-01
9.997352957725524902e-01 2.647445071488618851e-04
9.697294831275939941e-01 3.027047589421272278e-02
2.509822137653827667e-02 9.749017953872680664e-01
8.978794813156127930e-01 1.021205335855484009e-01
1.084781135432422161e-03 9.989151954650878906e-01
9.399497509002685547e-01 6.005017831921577454e-02
9.992321729660034180e-01 7.678922847844660282e-04
9.998062252998352051e-01 1.937585038831457496e-04
9.734609723091125488e-01 2.653906680643558502e-02
9.903210997581481934e-01 9.678910486400127411e-03
1.446258858777582645e-03 9.985536932945251465e-01
9.989886879920959473e-01 1.011322136037051678e-03
7.465702365152537823e-04 9.992534518241882324e-01
9.998041987419128418e-01 1.958413777174428105e-04
9.998805522918701172e-01 1.193775315186940134e-04
9.899863600730895996e-01 1.001364644616842270e-02
9.992573857307434082e-01 7.426550146192312241e-04
9.214251041412353516e-01 7.857487350702285767e-02
9.999207258224487305e-01 7.920961070340126753e-05
4.352536052465438843e-02 9.564746618270874023e-01
5.013115406036376953e-01 4.986884593963623047e-01
6.638454645872116089e-02 9.336155056953430176e-01
9.998526573181152344e-01 1.472985459258779883e-04
9.931163191795349121e-01 6.883767899125814438e-03
9.977748990058898926e-01 2.225100295618176460e-03
1.034685149788856506e-01 8.965314626693725586e-01
9.324611425399780273e-01 6.753888726234436035e-02
9.989891648292541504e-01 1.010808628052473068e-03
9.992797970771789551e-01 7.202561246231198311e-04
9.996423721313476562e-01 3.576691378839313984e-04
1.810015439987182617e-01 8.189984560012817383e-01
9.994250535964965820e-01 5.749760312028229237e-04
9.587293863296508789e-01 4.127063229680061340e-02
2.529460489749908447e-01 7.470539212226867676e-01
9.894981384277343750e-01 1.050182804465293884e-02
7.195748686790466309e-01 2.804251611232757568e-01
8.810541778802871704e-02 9.118946194648742676e-01
9.504433274269104004e-01 4.955671355128288269e-02
9.996396303176879883e-01 3.603968943934887648e-04
4.803770482540130615e-01 5.196229815483093262e-01
9.646713137626647949e-01 3.532875329256057739e-02
9.472934529185295105e-03 9.905270338058471680e-01
9.940001964569091797e-01 5.999846383929252625e-03
9.982839226722717285e-01 1.716090948320925236e-03
3.935126587748527527e-03 9.960648417472839355e-01
9.968947172164916992e-01 3.105219919234514236e-03
9.993501305580139160e-01 6.498331204056739807e-04
7.137320041656494141e-01 2.862679958343505859e-01
2.727962136268615723e-01 7.272037267684936523e-01
9.971079230308532715e-01 2.892151474952697754e-03
9.998835325241088867e-01 1.164779023383744061e-04
9.984703660011291504e-01 1.529599074274301529e-03
9.983056783676147461e-01 1.694318489171564579e-03
9.945299029350280762e-01 5.470094271004199982e-03
9.920921325683593750e-01 7.907882332801818848e-03
9.813480377197265625e-01 1.865202933549880981e-02
1.764092035591602325e-02 9.823591113090515137e-01
8.602098226547241211e-01 1.397901922464370728e-01
9.992873072624206543e-01 7.127631688490509987e-04
6.417592167854309082e-01 3.582407832145690918e-01
1.652142256498336792e-01 8.347858190536499023e-01
9.965793490409851074e-01 3.420612774789333344e-03
5.357399582862854004e-01 4.642600417137145996e-01
9.958956241607666016e-01 4.104437306523323059e-03
5.247688889503479004e-01 4.752311110496520996e-01
9.990367889404296875e-01 9.632306755520403385e-04
3.444913891144096851e-04 9.996554851531982422e-01
9.986668825149536133e-01 1.333132502622902393e-03
9.997621178627014160e-01 2.378803183091804385e-04
9.946895837783813477e-01 5.310482811182737350e-03
9.993165731430053711e-01 6.834502564743161201e-04
9.998900890350341797e-01 1.099460496334359050e-04
9.862093329429626465e-01 1.379062887281179428e-02
9.681070446968078613e-01 3.189289197325706482e-02
3.186450004577636719e-01 6.813549995422363281e-01
9.995526671409606934e-01 4.473015433177351952e-04
1.668203622102737427e-01 8.331796526908874512e-01
9.998088479042053223e-01 1.911591534735634923e-04
9.997220635414123535e-01 2.779006026685237885e-04
9.999046325683593750e-01 9.530160605208948255e-05
9.250376373529434204e-02 9.074962735176086426e-01
1.812996226362884045e-03 9.981870055198669434e-01
9.948227405548095703e-01 5.177300889045000076e-03
2.600404666736721992e-03 9.973995685577392578e-01
9.814008474349975586e-01 1.859912462532520294e-02
9.291020631790161133e-01 7.089795172214508057e-02
1.314785797148942947e-03 9.986851811408996582e-01
9.631425142288208008e-01 3.685746714472770691e-02
1.224498823285102844e-01 8.775501251220703125e-01
9.966638684272766113e-01 3.336117137223482132e-03
9.528903365135192871e-01 4.710968211293220520e-02
8.823231458663940430e-01 1.176767945289611816e-01
4.861094355583190918e-01 5.138905644416809082e-01
4.383804844110272825e-05 9.999561309814453125e-01
9.995476603507995605e-01 4.522634553723037243e-04
9.964725375175476074e-01 3.527440130710601807e-03
9.939774274826049805e-01 6.022577174007892609e-03
5.513008236885070801e-01 4.486991167068481445e-01
9.949870109558105469e-01 5.012951791286468506e-03
2.202988544013351202e-04 9.997797608375549316e-01
9.920197129249572754e-01 7.980251684784889221e-03
4.104907158762216568e-03 9.958951473236083984e-01
9.133303761482238770e-01 8.666959404945373535e-02
9.852316379547119141e-01 1.476837787777185440e-02
9.939589500427246094e-01 6.041033659130334854e-03
9.810953736305236816e-01 1.890456862747669220e-02
1.117565948516130447e-02 9.888243079185485840e-01
6.185112148523330688e-02 9.381488561630249023e-01
9.981495141983032227e-01 1.850552624091506004e-03
9.998130202293395996e-01 1.870302658062428236e-04
1.216173022985458374e-01 8.783827424049377441e-01
4.392572343349456787e-01 5.607427358627319336e-01
9.773999452590942383e-02 9.022600054740905762e-01
1.970445364713668823e-01 8.029554486274719238e-01
9.979746937751770020e-01 2.025341149419546127e-03
1.261145062744617462e-02 9.873884916305541992e-01
9.940733313560485840e-01 5.926716141402721405e-03
9.788814783096313477e-01 2.111848257482051849e-02
7.904007285833358765e-02 9.209599494934082031e-01
9.999448060989379883e-01 5.513693758985027671e-05
9.896146655082702637e-01 1.038538850843906403e-02
6.362978219985961914e-01 3.637021780014038086e-01
9.877025485038757324e-01 1.229743752628564835e-02
1.002707984298467636e-02 9.899729490280151367e-01
9.811658859252929688e-01 1.883412525057792664e-02
9.997742772102355957e-01 2.256750449305400252e-04
9.970090985298156738e-01 2.990874228999018669e-03
9.990693926811218262e-01 9.306902647949755192e-04
9.997802376747131348e-01 2.197890280513092875e-04
9.999482631683349609e-01 5.167462222743779421e-05
9.997374415397644043e-01 2.625134948175400496e-04
8.610574007034301758e-01 1.389425843954086304e-01
9.474846124649047852e-01 5.251540988683700562e-02
7.159476280212402344e-01 2.840524017810821533e-01
9.977385997772216797e-01 2.261434914544224739e-03
7.210997343063354492e-01 2.789002954959869385e-01
9.569225311279296875e-01 4.307741299271583557e-02
9.993663430213928223e-01 6.337083177641034126e-04
7.129638791084289551e-01 2.870361506938934326e-01
1.538200158393010497e-04 9.998461008071899414e-01
1.751482039690017700e-01 8.248518705368041992e-01
9.953570961952209473e-01 4.642840009182691574e-03
9.979525804519653320e-01 2.047338522970676422e-03
9.993215799331665039e-01 6.784865399822592735e-04
9.999452829360961914e-01 5.469713869388215244e-05
7.090258002281188965e-01 2.909742593765258789e-01
1.445318907499313354e-01 8.554680943489074707e-01
7.827869802713394165e-02 9.217213392257690430e-01
9.977248311042785645e-01 2.275161445140838623e-03
9.412420392036437988e-01 5.875790491700172424e-02
9.997417330741882324e-01 2.582788874860852957e-04
6.389911174774169922e-01 3.610088825225830078e-01
8.942135423421859741e-02 9.105786085128784180e-01
9.978213310241699219e-01 2.178712282329797745e-03
1.907598343677818775e-03 9.980923533439636230e-01
9.998410940170288086e-01 1.588718878338113427e-04
9.997447133064270020e-01 2.553358499426394701e-04
9.995157718658447266e-01 4.842733324039727449e-04
3.759801154956221581e-03 9.962401390075683594e-01
9.934909939765930176e-01 6.508988793939352036e-03
9.924113750457763672e-01 7.588645443320274353e-03
9.966525435447692871e-01 3.347504418343305588e-03
9.294624924659729004e-01 7.053748518228530884e-02
8.765897750854492188e-01 1.234102547168731689e-01
9.800028800964355469e-01 1.999713666737079620e-02
9.915705919265747070e-01 8.429345674812793732e-03
9.998843669891357422e-01 1.155906284111551940e-04
3.058225149288773537e-03 9.969417452812194824e-01
9.705942273139953613e-01 2.940575033426284790e-02
1.205883249640464783e-01 8.794116973876953125e-01
1.215847358107566833e-01 8.784152865409851074e-01
9.998914003372192383e-01 1.085902840713970363e-04
9.998394250869750977e-01 1.605700090294703841e-04
9.999573230743408203e-01 4.272281512385234237e-05
2.306610792875289917e-01 7.693389654159545898e-01
1.038416405208408833e-03 9.989615678787231445e-01
9.997760653495788574e-01 2.239495370304211974e-04
9.635637998580932617e-01 3.643623366951942444e-02
9.168779104948043823e-02 9.083121418952941895e-01
9.740840196609497070e-01 2.591592445969581604e-02
9.995222091674804688e-01 4.777825379278510809e-04
7.178249955177307129e-02 9.282175302505493164e-01
9.961729645729064941e-01 3.827082458883523941e-03
9.939743876457214355e-01 6.025568582117557526e-03
1.086556818336248398e-03 9.989134073257446289e-01
9.990422129631042480e-01 9.577975142747163773e-04
9.998146891593933105e-01 1.853087451308965683e-04
9.981326460838317871e-01 1.867356128059327602e-03
9.998189806938171387e-01 1.810969697544351220e-04
2.479204982519149780e-01 7.520795464515686035e-01
9.489282965660095215e-01 5.107172951102256775e-02
9.906381368637084961e-01 9.361876174807548523e-03
9.981629252433776855e-01 1.837055780924856663e-03
9.995711445808410645e-01 4.288816999178379774e-04
7.959715723991394043e-01 2.040284276008605957e-01
9.980870485305786133e-01 1.912938780151307583e-03
9.634063243865966797e-01 3.659365698695182800e-02
8.726195693016052246e-01 1.273804008960723877e-01
9.895399212837219238e-01 1.046003960072994232e-02
9.998679161071777344e-01 1.320909796049818397e-04
9.762342572212219238e-01 2.376576326787471771e-02
9.938914775848388672e-01 6.108588073402643204e-03
9.991772770881652832e-01 8.227441576309502125e-04
1.054893247783184052e-02 9.894511103630065918e-01
9.611359238624572754e-01 3.886411711573600769e-02
6.862162351608276367e-01 3.137837052345275879e-01
9.988729357719421387e-01 1.127015100792050362e-03
9.990803003311157227e-01 9.196759201586246490e-04
9.838742017745971680e-01 1.612582802772521973e-02
5.279490947723388672e-01 4.720509052276611328e-01
7.851215004920959473e-01 2.148785144090652466e-01
9.017601609230041504e-02 9.098239541053771973e-01
9.998624324798583984e-01 1.375946594635024667e-04
9.848527312278747559e-01 1.514725014567375183e-02
1.586213591508567333e-03 9.984138011932373047e-01
9.995819926261901855e-01 4.179582756478339434e-04
5.634152889251708984e-01 4.365847408771514893e-01
4.562689960002899170e-01 5.437310338020324707e-01
9.395129084587097168e-01 6.048709154129028320e-02
9.974052309989929199e-01 2.594730583950877190e-03
9.849480986595153809e-01 1.505189388990402222e-02
9.802937507629394531e-01 1.970621757209300995e-02
7.755342125892639160e-01 2.244658023118972778e-01
9.964513778686523438e-01 3.548564622178673744e-03
8.615078330039978027e-01 1.384921818971633911e-01
9.993658661842346191e-01 6.341026746667921543e-04
9.979721903800964355e-01 2.027753973379731178e-03
1.276644505560398102e-02 9.872335195541381836e-01
9.980679154396057129e-01 1.932063838467001915e-03
9.981908202171325684e-01 1.809139386750757694e-03
6.252489089965820312e-01 3.747510612010955811e-01
9.991570711135864258e-01 8.429635199718177319e-04
9.833475947380065918e-01 1.665237918496131897e-02
9.999322891235351562e-01 6.767595914425328374e-05
5.350326374173164368e-02 9.464967846870422363e-01
9.774273633956909180e-01 2.257259376347064972e-02
1.873680739663541317e-03 9.981263279914855957e-01
8.738288879394531250e-01 1.261710822582244873e-01
9.996010661125183105e-01 3.989060933236032724e-04
9.861041903495788574e-01 1.389584317803382874e-02
8.116773329675197601e-03 9.918831586837768555e-01
9.943935871124267578e-01 5.606377497315406799e-03
2.232827246189117432e-02 9.776716828346252441e-01
5.519527196884155273e-01 4.480472803115844727e-01
6.396088600158691406e-01 3.603911101818084717e-01
6.888191103935241699e-01 3.111808896064758301e-01
9.992389678955078125e-01 7.610981119796633720e-04
9.994583725929260254e-01 5.416578496806323528e-04
9.998117089271545410e-01 1.882829383248463273e-04
1.703775720670819283e-03 9.982962012290954590e-01
9.664174914360046387e-01 3.358249366283416748e-02
3.333608806133270264e-01 6.666390895843505859e-01
8.759015798568725586e-02 9.124099016189575195e-01
9.978844523429870605e-01 2.115546492859721184e-03
9.564888477325439453e-01 4.351114854216575623e-02
9.985457658767700195e-01 1.454203971661627293e-03
9.758751392364501953e-01 2.412489429116249084e-02
9.997933506965637207e-01 2.067208843072876334e-04
9.998548030853271484e-01 1.451816788176074624e-04
3.783290449064224958e-04 9.996216297149658203e-01
9.917519688606262207e-01 8.248025551438331604e-03
9.827316403388977051e-01 1.726835407316684723e-02
9.962563514709472656e-01 3.743593581020832062e-03
5.669781239703297615e-04 9.994329810142517090e-01
2.043822547420859337e-03 9.979561567306518555e-01
9.999296665191650391e-01 7.036268652882426977e-05
9.999334812164306641e-01 6.651235162280499935e-05
8.819743394851684570e-01 1.180256754159927368e-01
5.146398209035396576e-03 9.948536753654479980e-01
9.991052746772766113e-01 8.947559399530291557e-04
7.537462115287780762e-01 2.462538331747055054e-01
9.992953538894653320e-01 7.045696838758885860e-04
9.993927478790283203e-01 6.072317482903599739e-04
9.929594993591308594e-01 7.040495052933692932e-03
9.997636675834655762e-01 2.363621752010658383e-04
7.347718812525272369e-03 9.926522970199584961e-01
9.884697198867797852e-01 1.153026893734931946e-02
8.261555433273315430e-01 1.738444417715072632e-01
9.987536668777465820e-01 1.246316707693040371e-03
9.997933506965637207e-01 2.066286251647397876e-04
6.480047595687210560e-04 9.993520379066467285e-01
8.943210244178771973e-01 1.056789383292198181e-01
7.561025023460388184e-02 9.243897795677185059e-01
9.982043504714965820e-01 1.795677351765334606e-03
7.929155230522155762e-01 2.070844322443008423e-01
9.820135235786437988e-01 1.798647455871105194e-02
4.603036120533943176e-02 9.539696574211120605e-01
9.917562007904052734e-01 8.243829011917114258e-03
9.990528225898742676e-01 9.471907396800816059e-04
2.196167595684528351e-02 9.780383110046386719e-01
9.957018494606018066e-01 4.298110026866197586e-03
7.112694438546895981e-03 9.928873181343078613e-01
5.719872564077377319e-02 9.428012371063232422e-01
2.933530807495117188e-01 7.066468596458435059e-01
9.621675610542297363e-01 3.783242776989936829e-02
9.905995726585388184e-01 9.400432929396629333e-03
9.997991919517517090e-01 2.008689043577760458e-04
9.983806610107421875e-01 1.619317336007952690e-03
2.658328711986541748e-01 7.341670989990234375e-01
9.552056193351745605e-01 4.479437693953514099e-02
9.769725799560546875e-01 2.302743121981620789e-02
9.999396800994873047e-01 6.026621122146025300e-05
9.990334510803222656e-01 9.665963589213788509e-04
9.959056377410888672e-01 4.094362724572420120e-03
9.819743037223815918e-01 1.802562549710273743e-02
9.976982474327087402e-01 2.301741391420364380e-03
1.879710517823696136e-02 9.812029004096984863e-01
9.673848152160644531e-01 3.261517733335494995e-02
9.211014509201049805e-01 7.889860868453979492e-02
7.955560684204101562e-01 2.044439464807510376e-01
7.652835249900817871e-01 2.347164452075958252e-01
7.962815463542938232e-03 9.920371770858764648e-01
9.975945353507995605e-01 2.405451377853751183e-03
7.973939180374145508e-01 2.026060968637466431e-01
9.991433620452880859e-01 8.565916214138269424e-04
9.987797141075134277e-01 1.220304635353386402e-03
9.925279617309570312e-01 7.472007535398006439e-03
9.996567964553833008e-01 3.431733639445155859e-04
9.998081326484680176e-01 1.918729831231757998e-04
9.997197985649108887e-01 2.801687805913388729e-04
4.811450839042663574e-03 9.951884746551513672e-01
9.074512869119644165e-03 9.909254312515258789e-01
9.995274543762207031e-01 4.725921899080276489e-04
9.991196990013122559e-01 8.802768425084650517e-04
6.256029009819030762e-02 9.374397397041320801e-01
3.047039806842803955e-01 6.952960491180419922e-01
3.301979303359985352e-01 6.698020696640014648e-01
9.968782663345336914e-01 3.121738089248538017e-03
9.982201457023620605e-01 1.779786194674670696e-03
9.993689656257629395e-01 6.310353055596351624e-04
1.075097266584634781e-02 9.892489910125732422e-01
9.998009800910949707e-01 1.990316231967881322e-04
9.995143413543701172e-01 4.856263403780758381e-04
9.851282238960266113e-01 1.487182173877954483e-02
9.674062728881835938e-01 3.259369730949401855e-02
4.927191417664289474e-03 9.950727820396423340e-01
4.973236620426177979e-01 5.026763677597045898e-01
9.989488720893859863e-01 1.051126513630151749e-03
4.822700284421443939e-03 9.951772689819335938e-01
9.070803225040435791e-02 9.092920422554016113e-01
9.335635304450988770e-01 6.643640249967575073e-02
4.969388828612864017e-04 9.995030164718627930e-01
9.999070167541503906e-01 9.301439422415569425e-05
9.995927214622497559e-01 4.072948358952999115e-04
9.997134804725646973e-01 2.865047717932611704e-04
9.994508624076843262e-01 5.491095362231135368e-04
8.870084420777857304e-04 9.991130232810974121e-01
9.523679018020629883e-01 4.763204604387283325e-02
9.927588701248168945e-01 7.241112645715475082e-03
9.996278285980224609e-01 3.721238172147423029e-04
4.124338738620281219e-04 9.995875954627990723e-01
4.884694237262010574e-03 9.951152801513671875e-01
9.996310472488403320e-01 3.689702134579420090e-04
1.064661308191716671e-03 9.989352822303771973e-01
9.998458623886108398e-01 1.541256933705881238e-04
9.680181145668029785e-01 3.198184445500373840e-02
2.468942511768545955e-05 9.999753236770629883e-01
5.965086221694946289e-01 4.034914076328277588e-01
9.974229335784912109e-01 2.577064791694283485e-03
9.427487850189208984e-01 5.725115165114402771e-02
6.820551156997680664e-01 3.179448843002319336e-01
9.996323585510253906e-01 3.675984626170247793e-04
9.978637099266052246e-01 2.136272843927145004e-03
1.694357767701148987e-02 9.830564260482788086e-01
9.992959499359130859e-01 7.040636846795678139e-04
9.983737468719482422e-01 1.626169541850686073e-03
9.998801946640014648e-01 1.197892925119958818e-04
9.580132365226745605e-01 4.198681190609931946e-02
9.794012308120727539e-01 2.059880085289478302e-02
3.324916958808898926e-01 6.675083637237548828e-01
4.846954047679901123e-01 5.153045654296875000e-01
9.835736751556396484e-01 1.642627455294132233e-02
9.983820915222167969e-01 1.617864007130265236e-03
9.995544552803039551e-01 4.455461457837373018e-04
1.628799363970756531e-02 9.837120175361633301e-01
7.870075106620788574e-02 9.212992191314697266e-01
9.992851614952087402e-01 7.148440345190465450e-04
1.489963760832324624e-04 9.998509883880615234e-01
9.907365441322326660e-01 9.263460524380207062e-03
9.995655417442321777e-01 4.345004272181540728e-04
1.881686300039291382e-01 8.118313550949096680e-01
9.820069670677185059e-01 1.799299754202365875e-02
9.990259408950805664e-01 9.740754612721502781e-04
9.809225201606750488e-01 1.907747983932495117e-02
7.256070966832339764e-04 9.992744326591491699e-01
9.748958349227905273e-01 2.510423213243484497e-02
1.051878643920645118e-04 9.998948574066162109e-01
9.585623145103454590e-01 4.143762215971946716e-02
9.983003735542297363e-01 1.699694548733532429e-03
9.997579455375671387e-01 2.420532255200669169e-04
9.996414184570312500e-01 3.585808735806494951e-04
1.066791301127523184e-04 9.998933076858520508e-01
1.282030134461820126e-04 9.998717308044433594e-01
9.998708963394165039e-01 1.290362706640735269e-04
9.989358782768249512e-01 1.064094598405063152e-03
9.367878665216267109e-04 9.990631937980651855e-01
9.993343949317932129e-01 6.656087352894246578e-04
9.987887740135192871e-01 1.211299560964107513e-03
9.997754693031311035e-01 2.245366486022248864e-04
6.627308903262019157e-04 9.993372559547424316e-01
6.210675835609436035e-02 9.378932118415832520e-01
9.947659969329833984e-01 5.233945325016975403e-03
9.565171003341674805e-01 4.348295927047729492e-02
9.952783584594726562e-01 4.721693694591522217e-03
9.952806830406188965e-01 4.719247110188007355e-03
6.085040513426065445e-04 9.993914365768432617e-01
8.523566722869873047e-01 1.476433128118515015e-01
9.994848966598510742e-01 5.150688230060040951e-04
2.440616954118013382e-04 9.997559189796447754e-01
9.761945009231567383e-01 2.380548976361751556e-02
9.994615912437438965e-01 5.384663818404078484e-04
7.684156894683837891e-01 2.315842956304550171e-01
9.844272732734680176e-01 1.557266991585493088e-02
9.957082271575927734e-01 4.291772842407226562e-03
9.868416786193847656e-01 1.315837632864713669e-02
9.299722313880920410e-01 7.002782076597213745e-02
9.214234948158264160e-01 7.857653498649597168e-02
7.871874570846557617e-01 2.128125429153442383e-01
9.996992349624633789e-01 3.008420171681791544e-04
6.193100214004516602e-01 3.806899785995483398e-01
8.474606871604919434e-01 1.525393426418304443e-01
9.977555871009826660e-01 2.244434086605906487e-03
9.857693314552307129e-01 1.423069834709167480e-02
6.920086219906806946e-03 9.930799603462219238e-01
5.136811733245849609e-01 4.863187670707702637e-01
9.991518259048461914e-01 8.481231634505093098e-04
9.993085861206054688e-01 6.914310506545007229e-04
9.990980625152587891e-01 9.019923163577914238e-04
2.225189935415983200e-03 9.977747797966003418e-01
9.937135577201843262e-01 6.286373827606439590e-03
1.330142840743064880e-04 9.998669624328613281e-01
2.622140645980834961e-01 7.377858757972717285e-01
3.801651895046234131e-01 6.198348402976989746e-01
9.995400905609130859e-01 4.599317617248743773e-04
9.988464117050170898e-01 1.153523102402687073e-03
9.974786639213562012e-01 2.521306741982698441e-03
9.712874889373779297e-01 2.871248871088027954e-02
9.985412359237670898e-01 1.458795042708516121e-03
9.531587362289428711e-01 4.684131965041160583e-02
9.983184337615966797e-01 1.681601279415190220e-03
9.963462948799133301e-01 3.653689287602901459e-03
6.831454634666442871e-01 3.168545663356781006e-01
9.727632999420166016e-01 2.723662555217742920e-02
4.688313305377960205e-01 5.311686992645263672e-01
9.890429377555847168e-01 1.095704920589923859e-02
7.915138006210327148e-01 2.084862142801284790e-01
9.643409252166748047e-01 3.565903007984161377e-02
9.997791647911071777e-01 2.208730147685855627e-04
9.980516433715820312e-01 1.948360586538910866e-03
9.738430380821228027e-01 2.615693956613540649e-02
9.875491959974169731e-04 9.990124702453613281e-01
1.663778442889451981e-03 9.983362555503845215e-01
9.332146048545837402e-01 6.678546220064163208e-02
9.991633892059326172e-01 8.366354159079492092e-04
9.972704052925109863e-01 2.729563275352120399e-03
9.996211528778076172e-01 3.788260219153016806e-04
9.987383484840393066e-01 1.261644065380096436e-03
9.917981624603271484e-01 8.201807737350463867e-03
9.951379895210266113e-01 4.862071014940738678e-03
9.987826943397521973e-01 1.217289594933390617e-03
4.514671396464109421e-03 9.954853057861328125e-01
6.522607058286666870e-03 9.934773445129394531e-01
9.947634935379028320e-01 5.236499011516571045e-03
7.204160690307617188e-01 2.795839309692382812e-01
9.310750365257263184e-01 6.892491877079010010e-02
9.877364039421081543e-01 1.226360816508531570e-02
9.806786179542541504e-01 1.932146027684211731e-02
9.990217685699462891e-01 9.782615816220641136e-04
9.745520949363708496e-01 2.544796653091907501e-02
4.833358898758888245e-02 9.516663551330566406e-01
9.896658658981323242e-01 1.033410988748073578e-02
1.570508000440895557e-03 9.984294772148132324e-01
8.018164662644267082e-04 9.991981387138366699e-01
2.355343475937843323e-02 9.764466285705566406e-01
1.187609625048935413e-03 9.988124370574951172e-01
9.992417097091674805e-01 7.583209080621600151e-04
4.636509984266012907e-04 9.995363950729370117e-01
4.404975101351737976e-02 9.559502601623535156e-01
1.095330566167831421e-01 8.904669284820556641e-01
9.639722704887390137e-01 3.602780401706695557e-02
9.894092082977294922e-01 1.059076469391584396e-02
3.049574978649616241e-02 9.695041775703430176e-01
9.907400608062744141e-01 9.259938262403011322e-03
4.153534024953842163e-02 9.584646224975585938e-01
9.900767207145690918e-01 9.923296980559825897e-03
5.880731940269470215e-01 4.119267761707305908e-01
7.766461372375488281e-02 9.223353862762451172e-01
9.985578656196594238e-01 1.442172913812100887e-03
9.999339580535888672e-01 6.600384949706494808e-05
5.948835983872413635e-03 9.940511584281921387e-01
9.993459582328796387e-01 6.540467147715389729e-04
9.999634027481079102e-01 3.665460462798364460e-05
9.991254210472106934e-01 8.745404775254428387e-04
9.986238479614257812e-01 1.376190455630421638e-03
9.996088147163391113e-01 3.912029205821454525e-04
1.515035629272460938e-01 8.484964370727539062e-01
9.978182315826416016e-01 2.181821502745151520e-03
3.176515400409698486e-01 6.823484897613525391e-01
3.037113249301910400e-01 6.962887048721313477e-01
9.998419284820556641e-01 1.580794923938810825e-04
9.991278052330017090e-01 8.721759659238159657e-04
1.172139719128608704e-01 8.827860355377197266e-01
1.055868808180093765e-03 9.989441037178039551e-01
9.990727901458740234e-01 9.271844173781573772e-04
9.971446394920349121e-01 2.855401486158370972e-03
9.811623096466064453e-01 1.883764937520027161e-02
9.998242259025573730e-01 1.758485013851895928e-04
9.994260072708129883e-01 5.740108899772167206e-04
9.996167421340942383e-01 3.832287620753049850e-04
5.317494273185729980e-01 4.682506024837493896e-01
9.971777200698852539e-01 2.822285518050193787e-03
9.996644258499145508e-01 3.355896624270826578e-04
9.993320107460021973e-01 6.679660291410982609e-04
5.543110966682434082e-01 4.456889629364013672e-01
9.998288154602050781e-01 1.711645018076524138e-04
8.865317106246948242e-01 1.134683117270469666e-01
4.285438731312751770e-02 9.571456313133239746e-01
9.915803074836730957e-01 8.419646881520748138e-03
1.240152778336778283e-04 9.998760223388671875e-01
1.404126137495040894e-01 8.595874309539794922e-01
9.971916079521179199e-01 2.808352233842015266e-03
9.993903636932373047e-01 6.095715216360986233e-04
2.138288109563291073e-04 9.997861981391906738e-01
9.993203878402709961e-01 6.796673405915498734e-04
9.094387888908386230e-01 9.056120365858078003e-02
3.833064110949635506e-03 9.961668848991394043e-01
1.161300539970397949e-01 8.838699460029602051e-01
9.961209893226623535e-01 3.879035823047161102e-03
1.581384390592575073e-01 8.418615460395812988e-01
1.663625589571893215e-03 9.983363747596740723e-01
9.950994849205017090e-01 4.900520201772451401e-03
1.373422518372535706e-02 9.862658381462097168e-01
1.760944840498268604e-03 9.982390403747558594e-01
9.275266528129577637e-02 9.072473645210266113e-01
2.479658126831054688e-01 7.520341873168945312e-01
9.637761116027832031e-01 3.622388467192649841e-02
9.956054091453552246e-01 4.394608084112405777e-03
9.998561143875122070e-01 1.438196632079780102e-04
9.968160986900329590e-01 3.183964872732758522e-03
9.994124174118041992e-01 5.876381765119731426e-04
9.995773434638977051e-01 4.226004821248352528e-04
9.999042749404907227e-01 9.567575034452602267e-05
3.186753764748573303e-02 9.681324362754821777e-01
1.084793433547019958e-01 8.915206193923950195e-01
2.458156450302340090e-05 9.999754428863525391e-01
4.652702715247869492e-03 9.953473210334777832e-01
9.941300749778747559e-01 5.869897082448005676e-03
9.995197057723999023e-01 4.802949260920286179e-04
2.354947937419638038e-04 9.997645020484924316e-01
9.948033690452575684e-01 5.196573212742805481e-03
9.998413324356079102e-01 1.587009755894541740e-04
9.675319194793701172e-01 3.246808424592018127e-02
9.852020144462585449e-01 1.479802746325731277e-02
1.431016176939010620e-01 8.568984270095825195e-01
2.328842133283615112e-02 9.767116308212280273e-01
9.638473391532897949e-01 3.615273535251617432e-02
9.996930360794067383e-01 3.069633094128221273e-04
1.941659450531005859e-01 8.058341145515441895e-01
2.025529444217681885e-01 7.974470853805541992e-01
9.909725189208984375e-01 9.027554653584957123e-03
2.384882234036922455e-02 9.761511683464050293e-01
7.571744322776794434e-01 2.428255975246429443e-01
9.971346855163574219e-01 2.865316113457083702e-03
9.984298348426818848e-01 1.570098218508064747e-03
9.224191308021545410e-01 7.758079469203948975e-02
8.311217427253723145e-01 1.688783168792724609e-01
2.074294909834861755e-02 9.792571067810058594e-01
4.522084418567828834e-05 9.999548196792602539e-01
4.076767340302467346e-02 9.592323899269104004e-01
9.040770679712295532e-02 9.095923304557800293e-01
9.936878085136413574e-01 6.312204990535974503e-03
9.955449104309082031e-01 4.455116577446460724e-03
9.546349048614501953e-01 4.536513611674308777e-02
2.103310450911521912e-02 9.789669513702392578e-01
9.393963217735290527e-01 6.060370057821273804e-02
1.300197392702102661e-01 8.699802756309509277e-01
1.830917969346046448e-02 9.816908240318298340e-01
9.995591044425964355e-01 4.408847889862954617e-04
8.722455501556396484e-01 1.277544796466827393e-01
9.992668032646179199e-01 7.332041859626770020e-04
1.401845067739486694e-01 8.598155379295349121e-01
6.638280749320983887e-01 3.361719250679016113e-01
