2.701189714571228251e-06 9.999972581863403320e-01
2.843762747943401337e-03 9.971562623977661133e-01
1.161797445092815906e-05 9.999884366989135742e-01
9.999394416809082031e-01 6.052423486835323274e-05
1.905705744320584927e-06 9.999980926513671875e-01
1.971841811609920114e-06 9.999979734420776367e-01
1.049581565894186497e-03 9.989504218101501465e-01
4.210700808471301571e-06 9.999958276748657227e-01
1.889564828161383048e-06 9.999980926513671875e-01
1.240274432348087430e-04 9.998759031295776367e-01
2.508115721866488457e-04 9.997492432594299316e-01
9.183416962623596191e-01 8.165828883647918701e-02
1.954127219505608082e-05 9.999804496765136719e-01
3.177982534907641821e-06 9.999967813491821289e-01
1.361007615923881531e-02 9.863899350166320801e-01
1.903492771089076996e-02 9.809650778770446777e-01
7.433605787809938192e-06 9.999926090240478516e-01
1.696252525107411202e-06 9.999983310699462891e-01
4.288073341740528122e-06 9.999957084655761719e-01
1.240055439666321035e-06 9.999988079071044922e-01
1.718818020890466869e-05 9.999828338623046875e-01
4.969630026607774198e-06 9.999949932098388672e-01
4.951491973770316690e-06 9.999949932098388672e-01
2.509080331947188824e-06 9.999974966049194336e-01
9.998997449874877930e-01 1.002173594315536320e-04
3.162656639688066207e-06 9.999967813491821289e-01
9.824272394180297852e-01 1.757274940609931946e-02
5.130679710418917239e-06 9.999948740005493164e-01
7.068565487861633301e-01 2.931434810161590576e-01
8.169398824975360185e-06 9.999917745590209961e-01
8.014684681256767362e-06 9.999920129776000977e-01
2.852023271771031432e-06 9.999971389770507812e-01
2.575700171291828156e-03 9.974243640899658203e-01
7.195430498541099951e-06 9.999928474426269531e-01
4.263557912054238841e-06 9.999957084655761719e-01
4.253128736309008673e-06 9.999957084655761719e-01
3.007528372108936310e-03 9.969924688339233398e-01
1.310889365413459018e-05 9.999868869781494141e-01
1.927998710016254336e-06 9.999980926513671875e-01
6.636819988489151001e-02 9.336317777633666992e-01
3.616063850131467916e-06 9.999964237213134766e-01
3.286782884970307350e-06 9.999966621398925781e-01
8.708525456313509494e-06 9.999912977218627930e-01
1.547070592641830444e-01 8.452929854393005371e-01
9.814183712005615234e-01 1.858163625001907349e-02
1.292887759518634994e-06 9.999986886978149414e-01
2.223418732683057897e-06 9.999977350234985352e-01
3.704514028868288733e-06 9.999963045120239258e-01
2.599473737063817680e-05 9.999740123748779297e-01
3.597283694034558721e-06 9.999964237213134766e-01
1.722302499729266856e-06 9.999983310699462891e-01
4.167558927292702720e-06 9.999958276748657227e-01
1.438395556760951877e-04 9.998561143875122070e-01
4.649165475711924955e-06 9.999953508377075195e-01
3.948001904063858092e-06 9.999960660934448242e-01
2.426856781312380917e-06 9.999976158142089844e-01
1.196873607113957405e-03 9.988031387329101562e-01
2.024085819721221924e-02 9.797591567039489746e-01
4.001604338554898277e-06 9.999959468841552734e-01
2.650204805831890553e-06 9.999973773956298828e-01
2.913454636654932983e-06 9.999971389770507812e-01
1.279076695936964825e-05 9.999872446060180664e-01
9.799739927984774113e-06 9.999902248382568359e-01
9.604161381721496582e-01 3.958385810256004333e-02
2.564745500421850011e-06 9.999973773956298828e-01
1.610742174307233654e-06 9.999983310699462891e-01
4.699336386693175882e-06 9.999953508377075195e-01
3.117698361165821552e-05 9.999687671661376953e-01
6.001055680826539174e-06 9.999940395355224609e-01
2.788496436551213264e-03 9.972115159034729004e-01
5.663073534378781915e-05 9.999433755874633789e-01
8.912676094041671604e-06 9.999910593032836914e-01
1.788629106158623472e-06 9.999982118606567383e-01
8.959710612543858588e-06 9.999910593032836914e-01
1.606844307389110327e-05 9.999839067459106445e-01
2.724050546021317132e-06 9.999972581863403320e-01
5.652433173963800073e-06 9.999943971633911133e-01
8.331212215125560760e-03 9.916688203811645508e-01
1.015138104557991028e-01 8.984862565994262695e-01
9.997829794883728027e-01 2.170055813621729612e-04
2.586063346825540066e-04 9.997413754463195801e-01
2.649287879467010498e-02 9.735071659088134766e-01
1.256360555998980999e-04 9.998743534088134766e-01
9.973114728927612305e-01 2.688572276383638382e-03
1.616102963453158736e-06 9.999983310699462891e-01
3.536326403263956308e-05 9.999645948410034180e-01
5.222281743044732139e-06 9.999947547912597656e-01
8.525334000587463379e-01 1.474666446447372437e-01
1.389109092997387052e-05 9.999860525131225586e-01
2.516175118216779083e-05 9.999748468399047852e-01
3.659002686617895961e-06 9.999963045120239258e-01
1.152410134673118591e-01 8.847590088844299316e-01
7.336170256166951731e-06 9.999926090240478516e-01
2.831313395290635526e-06 9.999971389770507812e-01
7.039143145084381104e-02 9.296085238456726074e-01
1.952372440428007394e-05 9.999804496765136719e-01
3.400124609470367432e-03 9.965998530387878418e-01
2.176176309585571289e-01 7.823823690414428711e-01
7.982540410012006760e-05 9.999201297760009766e-01
1.298885672440519556e-05 9.999870061874389648e-01
3.235089025110937655e-06 9.999967813491821289e-01
7.720587746007367969e-06 9.999922513961791992e-01
7.535359145549591631e-06 9.999924898147583008e-01
1.622138370294123888e-04 9.998377561569213867e-01
2.343229880352737382e-06 9.999976158142089844e-01
8.026043360587209463e-06 9.999920129776000977e-01
1.337681396762491204e-06 9.999986886978149414e-01
3.021295924554578960e-06 9.999970197677612305e-01
2.405138957328745164e-06 9.999976158142089844e-01
8.608349162386730313e-06 9.999914169311523438e-01
1.342071685940027237e-03 9.986579418182373047e-01
3.580684715416282415e-04 9.996418952941894531e-01
2.885540425268118270e-06 9.999971389770507812e-01
2.953543344119680114e-06 9.999970197677612305e-01
1.500314101576805115e-04 9.998499155044555664e-01
4.368279405753128231e-06 9.999955892562866211e-01
3.505185246467590332e-03 9.964948296546936035e-01
1.146081831393530592e-05 9.999885559082031250e-01
1.943103598023299128e-06 9.999980926513671875e-01
1.058958059729775414e-05 9.999893903732299805e-01
5.067095571575919166e-06 9.999948740005493164e-01
4.362871095509035513e-06 9.999955892562866211e-01
4.600582542479969561e-06 9.999953508377075195e-01
8.891227245330810547e-01 1.108773127198219299e-01
9.975532889366149902e-01 2.446688478812575340e-03
7.169702712417347357e-06 9.999928474426269531e-01
7.048511179164052010e-06 9.999929666519165039e-01
2.414112486803787760e-06 9.999976158142089844e-01
1.186869030789239332e-05 9.999880790710449219e-01
1.800552809072542004e-06 9.999982118606567383e-01
5.430897545011248440e-06 9.999945163726806641e-01
1.822611125135153998e-06 9.999982118606567383e-01
9.041174962476361543e-06 9.999909400939941406e-01
5.640231847792165354e-06 9.999943971633911133e-01
9.104043245315551758e-03 9.908959269523620605e-01
1.739044932946853805e-06 9.999982118606567383e-01
2.697616309887962416e-06 9.999972581863403320e-01
9.367294609546661377e-03 9.906326532363891602e-01
7.979654583323281258e-06 9.999920129776000977e-01
2.048921487585175782e-05 9.999794960021972656e-01
7.446235485986107960e-06 9.999926090240478516e-01
1.196278753923252225e-04 9.998803138732910156e-01
1.619872637093067169e-04 9.998379945755004883e-01
2.389036126260180026e-06 9.999976158142089844e-01
9.576825541444122791e-04 9.990423321723937988e-01
2.259759412481798790e-06 9.999977350234985352e-01
1.644163148739608005e-06 9.999983310699462891e-01
3.022025921382009983e-04 9.996978044509887695e-01
1.643047107791062444e-05 9.999835491180419922e-01
1.768693560734391212e-03 9.982313513755798340e-01
1.301133306697010994e-05 9.999870061874389648e-01
4.086050921614514664e-06 9.999959468841552734e-01
4.242376890033483505e-03 9.957576394081115723e-01
9.966277480125427246e-01 3.372211940586566925e-03
9.239189028739929199e-01 7.608112692832946777e-02
5.602271357929566875e-06 9.999943971633911133e-01
1.784108826541341841e-05 9.999821186065673828e-01
1.005072146654129028e-02 9.899492263793945312e-01
2.819844849000219256e-05 9.999717473983764648e-01
6.226757250260561705e-06 9.999938011169433594e-01
2.598457285785116255e-06 9.999973773956298828e-01
3.494769998724223115e-06 9.999965429306030273e-01
2.357418998144567013e-05 9.999763965606689453e-01
4.190510935586644337e-06 9.999958276748657227e-01
7.696681677771266550e-06 9.999922513961791992e-01
3.576455355869256891e-06 9.999964237213134766e-01
6.108645720814820379e-06 9.999939203262329102e-01
1.849710542956017889e-06 9.999980926513671875e-01
4.246356487274169922e-01 5.753642916679382324e-01
1.338693255092948675e-05 9.999866485595703125e-01
2.875348087400197983e-03 9.971246123313903809e-01
2.935706404969096184e-03 9.970642924308776855e-01
3.798799525611684658e-06 9.999961853027343750e-01
3.300556727481307462e-06 9.999966621398925781e-01
3.734993470061453991e-06 9.999963045120239258e-01
3.225879371166229248e-01 6.774120330810546875e-01
1.280477772525046021e-05 9.999872446060180664e-01
9.750936442287638783e-06 9.999902248382568359e-01
1.997460640268400311e-05 9.999799728393554688e-01
7.236430064949672669e-06 9.999927282333374023e-01
1.648239195346832275e-01 8.351761102676391602e-01
3.306424332549795508e-05 9.999669790267944336e-01
6.333639472723007202e-02 9.366635680198669434e-01
3.489408072709920816e-06 9.999965429306030273e-01
1.009133598017797340e-06 9.999990463256835938e-01
3.083835542201995850e-01 6.916164159774780273e-01
3.936775101465173066e-06 9.999960660934448242e-01
1.848481588240247220e-05 9.999815225601196289e-01
8.262521077995188534e-06 9.999917745590209961e-01
7.854315526856225915e-07 9.999991655349731445e-01
3.244416802772320807e-06 9.999967813491821289e-01
2.286719563926453702e-06 9.999977350234985352e-01
1.567992171658261213e-06 9.999984502792358398e-01
6.903706192970275879e-01 3.096293807029724121e-01
9.101420801016502082e-06 9.999909400939941406e-01
2.279930859804153442e-01 7.720069289207458496e-01
4.971745423972606659e-03 9.950283169746398926e-01
3.686786158141330816e-06 9.999963045120239258e-01
5.030364718550117686e-06 9.999949932098388672e-01
3.531087422743439674e-04 9.996469020843505859e-01
2.957085825983085670e-06 9.999970197677612305e-01
1.751634840729821008e-06 9.999982118606567383e-01
4.686111878982046619e-06 9.999953508377075195e-01
8.441310455964412540e-06 9.999915361404418945e-01
6.461367320298450068e-06 9.999935626983642578e-01
9.531085193157196045e-02 9.046891331672668457e-01
3.932523668481735513e-06 9.999960660934448242e-01
1.531874090687779244e-06 9.999984502792358398e-01
1.955943162101902999e-06 9.999980926513671875e-01
5.737302217312389985e-06 9.999942779541015625e-01
9.753410816192626953e-01 2.465896680951118469e-02
9.683143496513366699e-01 3.168559446930885315e-02
3.762336273211985826e-04 9.996237754821777344e-01
1.919142596307210624e-05 9.999808073043823242e-01
1.270340662449598312e-02 9.872965812683105469e-01
9.326712643087375909e-06 9.999907016754150391e-01
2.726646926021203399e-06 9.999972581863403320e-01
9.968062639236450195e-01 3.193747252225875854e-03
7.597951684147119522e-03 9.924020767211914062e-01
7.788344191794749349e-06 9.999922513961791992e-01
1.199016969621879980e-05 9.999879598617553711e-01
4.463033747015288100e-06 9.999955892562866211e-01
2.883484819903969765e-03 9.971165657043457031e-01
7.417883807647740468e-06 9.999926090240478516e-01
2.116654832207132131e-05 9.999787807464599609e-01
1.859014853835105896e-02 9.814099073410034180e-01
7.479813575628213584e-06 9.999924898147583008e-01
2.604039082143572159e-06 9.999973773956298828e-01
3.560375489541911520e-06 9.999964237213134766e-01
7.252714567584916949e-06 9.999927282333374023e-01
9.991399565478786826e-06 9.999899864196777344e-01
9.728419780731201172e-01 2.715804800391197205e-02
9.475573278905358166e-06 9.999905824661254883e-01
1.027181724566617049e-06 9.999989271163940430e-01
5.118452008900931105e-06 9.999948740005493164e-01
8.912472367228474468e-06 9.999910593032836914e-01
9.828595466387923807e-06 9.999902248382568359e-01
3.549580924300244078e-06 9.999964237213134766e-01
4.906850517727434635e-05 9.999508857727050781e-01
3.120812607448897325e-06 9.999969005584716797e-01
1.430103089660406113e-02 9.856989979743957520e-01
1.595271867699921131e-03 9.984048008918762207e-01
7.195314083219273016e-06 9.999928474426269531e-01
1.142926339525729418e-05 9.999885559082031250e-01
6.648332600889261812e-06 9.999933242797851562e-01
6.080509592720773071e-06 9.999939203262329102e-01
3.677835166454315186e-01 6.322164535522460938e-01
2.680061697901692241e-06 9.999973773956298828e-01
9.892482012219261378e-06 9.999901056289672852e-01
6.835485237388638780e-06 9.999932050704956055e-01
7.161454050219617784e-06 9.999928474426269531e-01
2.231184225820470601e-06 9.999977350234985352e-01
2.361286078667035326e-06 9.999976158142089844e-01
4.094465111847966909e-06 9.999959468841552734e-01
2.234092789876740426e-06 9.999977350234985352e-01
4.723671281681163236e-06 9.999952316284179688e-01
2.162047621823148802e-06 9.999978542327880859e-01
1.647391627557226457e-06 9.999983310699462891e-01
8.088466529443394393e-06 9.999918937683105469e-01
1.288880525862623472e-06 9.999986886978149414e-01
9.993383288383483887e-01 6.616040482185781002e-04
4.304059530113590881e-06 9.999957084655761719e-01
9.767227768898010254e-01 2.327724173665046692e-02
3.232810195186175406e-05 9.999676942825317383e-01
1.501102633483242244e-05 9.999849796295166016e-01
1.601698168087750673e-04 9.998397827148437500e-01
1.317058631684631109e-04 9.998682737350463867e-01
2.674200004548765719e-06 9.999973773956298828e-01
1.316215616498084273e-06 9.999986886978149414e-01
2.298964545843773521e-06 9.999977350234985352e-01
9.888020940707065165e-06 9.999901056289672852e-01
3.075421750545501709e-01 6.924578547477722168e-01
2.402259497102932073e-06 9.999976158142089844e-01
5.462130997329950333e-03 9.945378899574279785e-01
1.405857346981065348e-05 9.999859333038330078e-01
4.029018327855737880e-06 9.999959468841552734e-01
2.172395852539921179e-06 9.999978542327880859e-01
5.220334514888236299e-06 9.999947547912597656e-01
2.644578553736209869e-02 9.735541343688964844e-01
3.491809964179992676e-02 9.650819301605224609e-01
6.623537774430587888e-05 9.999337196350097656e-01
9.977260231971740723e-01 2.273994963616132736e-03
3.652176474133739248e-06 9.999963045120239258e-01
5.619619059871183708e-06 9.999943971633911133e-01
3.098381739619071595e-06 9.999969005584716797e-01
3.254901002947008237e-06 9.999967813491821289e-01
3.045456423933501355e-06 9.999969005584716797e-01
7.851388545532245189e-06 9.999921321868896484e-01
1.232213617186062038e-05 9.999877214431762695e-01
1.479167349316412583e-05 9.999852180480957031e-01
8.966241148300468922e-05 9.999103546142578125e-01
4.160355274507310241e-06 9.999958276748657227e-01
1.670897472649812698e-05 9.999833106994628906e-01
7.094002328813076019e-03 9.929059743881225586e-01
1.816245821828488261e-05 9.999818801879882812e-01
1.306706781178945675e-05 9.999868869781494141e-01
1.298771712754387408e-05 9.999870061874389648e-01
5.799618520541116595e-06 9.999941587448120117e-01
8.013469596335198730e-06 9.999920129776000977e-01
4.657297540688887239e-05 9.999533891677856445e-01
9.892671187117230147e-06 9.999901056289672852e-01
7.895795533841010183e-06 9.999921321868896484e-01
8.212080138036981225e-05 9.999178647994995117e-01
9.952095150947570801e-01 4.790490958839654922e-03
3.237882310713757761e-06 9.999967813491821289e-01
6.455480456352233887e-01 3.544519841670989990e-01
1.386623625876381993e-05 9.999861717224121094e-01
4.875508546829223633e-01 5.124491453170776367e-01
5.262708327791187912e-06 9.999947547912597656e-01
1.620453645045927260e-06 9.999983310699462891e-01
7.476865649223327637e-01 2.523134350776672363e-01
1.169027655123500153e-06 9.999988079071044922e-01
6.681875220237998292e-06 9.999933242797851562e-01
3.759214223464368843e-06 9.999961853027343750e-01
6.495004054158926010e-04 9.993504881858825684e-01
1.213956056744791567e-05 9.999878406524658203e-01
1.669491098255093675e-06 9.999983310699462891e-01
1.496786467214406002e-06 9.999984502792358398e-01
1.153585799329448491e-06 9.999988079071044922e-01
4.373865522211417556e-06 9.999955892562866211e-01
3.810316002272884361e-06 9.999961853027343750e-01
9.995301961898803711e-01 4.698696720879524946e-04
2.516965196264209226e-06 9.999974966049194336e-01
1.820410147956863511e-06 9.999982118606567383e-01
2.056248149528983049e-06 9.999979734420776367e-01
1.259851978829829022e-05 9.999873638153076172e-01
7.575766630907310173e-06 9.999923706054687500e-01
4.977541721018496901e-06 9.999949932098388672e-01
1.014078516163863242e-04 9.998985528945922852e-01
3.259106733821681701e-06 9.999967813491821289e-01
2.136888178938534111e-05 9.999786615371704102e-01
6.408162334992084652e-06 9.999935626983642578e-01
1.138993957283673808e-05 9.999885559082031250e-01
9.982923865318298340e-01 1.707555842585861683e-03
3.609045961638912559e-06 9.999964237213134766e-01
1.091566537070320919e-05 9.999890327453613281e-01
2.695723651413572952e-06 9.999972581863403320e-01
5.179769173264503479e-02 9.482022523880004883e-01
2.988806045323144644e-06 9.999970197677612305e-01
1.142292148870183155e-05 9.999885559082031250e-01
1.720280852168798447e-05 9.999828338623046875e-01
7.280809768417384475e-06 9.999927282333374023e-01
1.677437353464483749e-06 9.999983310699462891e-01
1.932581770233809948e-03 9.980674386024475098e-01
3.981509962613927200e-06 9.999960660934448242e-01
3.390046458662254736e-06 9.999966621398925781e-01
3.505448345094919205e-03 9.964945912361145020e-01
2.174457185901701450e-04 9.997826218605041504e-01
7.921061296656262130e-06 9.999921321868896484e-01
5.744047030020738021e-06 9.999942779541015625e-01
1.381736728944815695e-05 9.999861717224121094e-01
2.060655333480099216e-06 9.999979734420776367e-01
3.168063358316430822e-06 9.999967813491821289e-01
8.582741022109985352e-01 1.417258828878402710e-01
3.915664819942321628e-06 9.999960660934448242e-01
3.688379365485161543e-06 9.999963045120239258e-01
1.084850850929797161e-06 9.999989271163940430e-01
6.753484740329440683e-06 9.999932050704956055e-01
