5.477267404785379767e-05 9.999452829360961914e-01
2.208729274570941925e-03 9.977912902832031250e-01
3.963881317758932710e-05 9.999603033065795898e-01
1.203715437441132963e-04 9.998795986175537109e-01
5.783021606475813314e-06 9.999941587448120117e-01
1.398922759108245373e-03 9.986011385917663574e-01
5.904919002205133438e-03 9.940950870513916016e-01
2.854678496078122407e-05 9.999715089797973633e-01
7.310806959867477417e-02 9.268919229507446289e-01
8.459822311124298722e-06 9.999915361404418945e-01
4.432366495166206732e-06 9.999955892562866211e-01
5.455955033539794385e-06 9.999945163726806641e-01
5.208009388297796249e-04 9.994792342185974121e-01
3.942068815376842394e-06 9.999960660934448242e-01
3.429987409617751837e-04 9.996570348739624023e-01
1.716338010737672448e-05 9.999828338623046875e-01
2.701947232708334923e-05 9.999729394912719727e-01
1.330849336227402091e-04 9.998668432235717773e-01
3.801027778536081314e-04 9.996198415756225586e-01
1.953726401552557945e-03 9.980462789535522461e-01
7.694457173347473145e-01 2.305543124675750732e-01
8.534520864486694336e-03 9.914655089378356934e-01
1.525993138784542680e-04 9.998474121093750000e-01
2.825794217642396688e-05 9.999717473983764648e-01
3.704678238136693835e-05 9.999629259109497070e-01
3.495175042189657688e-05 9.999650716781616211e-01
1.837542513385415077e-04 9.998162388801574707e-01
1.009885672829113901e-04 9.998990297317504883e-01
2.119393087923526764e-03 9.978805780410766602e-01
5.742643261328339577e-04 9.994257688522338867e-01
3.843923423119122162e-06 9.999961853027343750e-01
1.080421770893735811e-05 9.999891519546508789e-01
3.437384293647482991e-06 9.999965429306030273e-01
1.595511683262884617e-03 9.984044432640075684e-01
3.809389425441622734e-03 9.961905479431152344e-01
2.607525559142231941e-03 9.973924160003662109e-01
1.751976014929823577e-05 9.999824762344360352e-01
1.045310422778129578e-01 8.954689502716064453e-01
9.008006891235709190e-04 9.990992546081542969e-01
8.206771781260613352e-06 9.999917745590209961e-01
2.529136836528778076e-04 9.997470974922180176e-01
2.261076770082581788e-05 9.999773502349853516e-01
2.087251050397753716e-03 9.979127049446105957e-01
6.496589630842208862e-02 9.350340962409973145e-01
6.391094066202640533e-04 9.993608593940734863e-01
4.341658786870539188e-04 9.995657801628112793e-01
2.158903771487530321e-05 9.999784231185913086e-01
5.338871851563453674e-04 9.994661211967468262e-01
1.165140196681022644e-01 8.834860324859619141e-01
3.756655587494606152e-06 9.999961853027343750e-01
1.688617776380851865e-04 9.998310804367065430e-01
3.190103219822049141e-03 9.968098998069763184e-01
4.582116007804870605e-01 5.417884588241577148e-01
2.967694308608770370e-04 9.997032284736633301e-01
5.122676520841196179e-05 9.999487400054931641e-01
5.051782354712486267e-03 9.949481487274169922e-01
3.477561449471977539e-06 9.999965429306030273e-01
8.184591424651443958e-04 9.991815686225891113e-01
2.745720325037837029e-03 9.972543120384216309e-01
8.532680112693924457e-06 9.999914169311523438e-01
1.253803056897595525e-04 9.998745918273925781e-01
4.856329269387060776e-06 9.999951124191284180e-01
3.293714371466194279e-06 9.999966621398925781e-01
3.658289462327957153e-02 9.634171724319458008e-01
3.523025952745229006e-06 9.999964237213134766e-01
1.795555204153060913e-01 8.204444646835327148e-01
2.961017005145549774e-02 9.703898429870605469e-01
2.095214003929868340e-04 9.997904896736145020e-01
1.724131579976528883e-04 9.998275041580200195e-01
5.616489052772521973e-02 9.438350796699523926e-01
1.949407742358744144e-04 9.998050332069396973e-01
1.475168246543034911e-04 9.998524188995361328e-01
1.452747383154928684e-04 9.998546838760375977e-01
9.788971510715782642e-05 9.999021291732788086e-01
1.382766276947222650e-05 9.999861717224121094e-01
1.365800271742045879e-04 9.998633861541748047e-01
1.097605399991152808e-05 9.999890327453613281e-01
1.477609475841745734e-04 9.998521804809570312e-01
4.934486001729965210e-03 9.950655102729797363e-01
3.786552269957610406e-06 9.999961853027343750e-01
2.106162537529598922e-05 9.999788999557495117e-01
5.889949079573852941e-06 9.999941587448120117e-01
5.082860961556434631e-02 9.491714239120483398e-01
7.334911515499697998e-06 9.999926090240478516e-01
3.431007826293352991e-06 9.999965429306030273e-01
6.000918347126571462e-06 9.999940395355224609e-01
8.160576726368162781e-06 9.999918937683105469e-01
6.641482286795508116e-06 9.999933242797851562e-01
5.390983005781890824e-06 9.999946355819702148e-01
1.096432606573216617e-04 9.998903274536132812e-01
3.832399100065231323e-02 9.616759419441223145e-01
9.020611178129911423e-04 9.990979433059692383e-01
6.509168542834231630e-06 9.999934434890747070e-01
3.991777193732559681e-04 9.996008276939392090e-01
9.483907888352405280e-06 9.999904632568359375e-01
4.643050488084554672e-04 9.995356798171997070e-01
4.059087368659675121e-04 9.995941519737243652e-01
1.606978178024291992e-01 8.393021821975708008e-01
7.138496584957465529e-05 9.999285936355590820e-01
9.827619578572921455e-06 9.999902248382568359e-01
2.324979566037654877e-02 9.767501950263977051e-01
5.027290171710774302e-05 9.999496936798095703e-01
5.044709178037010133e-05 9.999495744705200195e-01
2.142442972399294376e-04 9.997857213020324707e-01
9.908680915832519531e-01 9.131952188909053802e-03
2.726548118516802788e-04 9.997273087501525879e-01
5.813499093055725098e-01 4.186500608921051025e-01
1.697672632872126997e-05 9.999830722808837891e-01
4.236685072100954130e-06 9.999957084655761719e-01
3.582028512028045952e-05 9.999642372131347656e-01
3.508167083055013791e-06 9.999965429306030273e-01
7.572048343718051910e-05 9.999243021011352539e-01
1.087554148398339748e-03 9.989124536514282227e-01
1.060403665178455412e-04 9.998939037322998047e-01
5.695112486137077212e-05 9.999430179595947266e-01
4.936499408358940855e-06 9.999951124191284180e-01
1.976022758753970265e-05 9.999802112579345703e-01
4.445218564796959981e-06 9.999955892562866211e-01
8.607758900325279683e-06 9.999914169311523438e-01
1.571006214362569153e-05 9.999842643737792969e-01
1.229523622896522284e-04 9.998769760131835938e-01
3.005278122145682573e-04 9.996994733810424805e-01
3.617238326114602387e-05 9.999638795852661133e-01
1.111285109800519422e-05 9.999889135360717773e-01
4.572659672703593969e-04 9.995427131652832031e-01
2.257720188936218619e-05 9.999774694442749023e-01
6.971903985686367378e-06 9.999930858612060547e-01
1.914311316795647144e-03 9.980857372283935547e-01
5.327688541001407430e-06 9.999946355819702148e-01
4.581984467222355306e-05 9.999542236328125000e-01
8.818193078041076660e-01 1.181806549429893494e-01
1.912940740585327148e-01 8.087059259414672852e-01
3.332615960971452296e-05 9.999666213989257812e-01
3.117356391157954931e-05 9.999687671661376953e-01
1.853021048009395599e-02 9.814698696136474609e-01
8.326141141878906637e-06 9.999916553497314453e-01
2.780736088752746582e-01 7.219263315200805664e-01
1.133381016552448273e-02 9.886661767959594727e-01
3.803192839768598787e-06 9.999961853027343750e-01
1.704430724203120917e-05 9.999829530715942383e-01
4.370988160371780396e-02 9.562901854515075684e-01
1.189819304272532463e-04 9.998810291290283203e-01
5.581717414315789938e-05 9.999442100524902344e-01
7.689814083278179169e-05 9.999231100082397461e-01
3.787812238442711532e-05 9.999620914459228516e-01
5.256302392808720469e-05 9.999474287033081055e-01
6.752016815880779177e-06 9.999932050704956055e-01
2.254857448861002922e-03 9.977450966835021973e-01
3.472021035122452304e-06 9.999965429306030273e-01
3.354822638357290998e-06 9.999966621398925781e-01
7.412566446873825043e-06 9.999926090240478516e-01
5.523298750631511211e-04 9.994476437568664551e-01
1.613217592239379883e-02 9.838678836822509766e-01
2.580932778073474765e-05 9.999741315841674805e-01
6.131870577519293875e-06 9.999939203262329102e-01
3.792359348153695464e-05 9.999620914459228516e-01
8.078678365563973784e-05 9.999191761016845703e-01
4.336001438787207007e-06 9.999957084655761719e-01
1.264217197895050049e-01 8.735783100128173828e-01
8.898642408894374967e-05 9.999109506607055664e-01
1.726258633425459266e-04 9.998273849487304688e-01
7.216593076009303331e-05 9.999278783798217773e-01
2.894890261813998222e-03 9.971050620079040527e-01
7.522381201852113008e-05 9.999247789382934570e-01
6.227569974726065993e-05 9.999377727508544922e-01
9.261502782464958727e-06 9.999907016754150391e-01
7.637863978743553162e-03 9.923621416091918945e-01
2.604128792881965637e-03 9.973958730697631836e-01
1.065244123310549185e-05 9.999893903732299805e-01
1.334590953774750233e-03 9.986654520034790039e-01
6.276683507167035714e-06 9.999936819076538086e-01
9.872001409530639648e-02 9.012800455093383789e-01
1.608888246119022369e-02 9.839111566543579102e-01
5.192873999476432800e-02 9.480711817741394043e-01
1.145307214756030589e-05 9.999885559082031250e-01
2.931679785251617432e-01 7.068320512771606445e-01
1.300206804444314912e-05 9.999870061874389648e-01
4.939391146763227880e-06 9.999951124191284180e-01
3.304457291960716248e-02 9.669554233551025391e-01
6.804766599088907242e-05 9.999319314956665039e-01
4.743991212308173999e-06 9.999952316284179688e-01
5.526501685380935669e-03 9.944735169410705566e-01
4.415671719470992684e-05 9.999558925628662109e-01
4.397158045321702957e-03 9.956028461456298828e-01
7.800808816682547331e-05 9.999220371246337891e-01
4.771308740600943565e-04 9.995229244232177734e-01
6.467500934377312660e-04 9.993532299995422363e-01
4.740982549265027046e-04 9.995259046554565430e-01
4.606281436281278729e-06 9.999953508377075195e-01
1.214399453601799905e-04 9.998785257339477539e-01
1.511360169388353825e-04 9.998488426208496094e-01
7.651322448509745300e-06 9.999923706054687500e-01
8.893850463209673762e-05 9.999110698699951172e-01
4.765011908602900803e-06 9.999952316284179688e-01
4.534026375040411949e-04 9.995465874671936035e-01
2.431183867156505585e-02 9.756882190704345703e-01
6.131736427050782368e-06 9.999939203262329102e-01
1.136585160566028208e-05 9.999886751174926758e-01
2.323477761819958687e-03 9.976765513420104980e-01
5.057582855224609375e-01 4.942417144775390625e-01
2.232332946732640266e-03 9.977676868438720703e-01
1.576412352733314037e-03 9.984235763549804688e-01
8.204596269933972508e-06 9.999917745590209961e-01
1.312548101850552484e-05 9.999868869781494141e-01
3.496647113934159279e-04 9.996503591537475586e-01
2.106011100113391876e-02 9.789398312568664551e-01
5.766085349023342133e-03 9.942339062690734863e-01
1.269185941055184230e-05 9.999873638153076172e-01
1.126179813581984490e-05 9.999887943267822266e-01
5.077987536787986755e-02 9.492201805114746094e-01
9.663094715506304055e-06 9.999903440475463867e-01
4.566463758237659931e-05 9.999543428421020508e-01
1.782447332516312599e-03 9.982175230979919434e-01
4.058489948511123657e-02 9.594151377677917480e-01
6.415585521608591080e-04 9.993584752082824707e-01
4.643710330128669739e-02 9.535628557205200195e-01
1.544249244034290314e-05 9.999845027923583984e-01
4.573628248181194067e-04 9.995427131652832031e-01
2.009363233810290694e-04 9.997990727424621582e-01
5.185077711939811707e-02 9.481492042541503906e-01
3.142588184346095659e-06 9.999969005584716797e-01
1.212647766806185246e-03 9.987873435020446777e-01
1.025568599288817495e-05 9.999897480010986328e-01
7.578411896247416735e-05 9.999241828918457031e-01
1.132261750171892345e-04 9.998867511749267578e-01
2.307754621142521501e-04 9.997692704200744629e-01
3.315555751323699951e-01 6.684444546699523926e-01
2.806988231895957142e-05 9.999719858169555664e-01
1.110426429659128189e-02 9.888957738876342773e-01
8.107730187475681305e-03 9.918922185897827148e-01
2.959099401778075844e-05 9.999704360961914062e-01
1.521224379539489746e-01 8.478775620460510254e-01
8.582933545112609863e-01 1.417066901922225952e-01
9.101056093641091138e-06 9.999909400939941406e-01
1.309221443079877645e-05 9.999868869781494141e-01
5.989015699014998972e-05 9.999401569366455078e-01
1.747683927533216774e-05 9.999824762344360352e-01
4.907800393993966281e-05 9.999508857727050781e-01
2.316588070243597031e-04 9.997683167457580566e-01
3.445106995059177279e-05 9.999655485153198242e-01
2.294092811644077301e-02 9.770590662956237793e-01
8.315404556924477220e-05 9.999167919158935547e-01
4.832374997931765392e-06 9.999951124191284180e-01
6.391106289811432362e-04 9.993608593940734863e-01
1.195174045278690755e-04 9.998804330825805664e-01
1.403780697728507221e-05 9.999859333038330078e-01
2.138114941772073507e-04 9.997861981391906738e-01
8.847047138260677457e-05 9.999115467071533203e-01
2.396546071395277977e-03 9.976034760475158691e-01
3.532472874212544411e-06 9.999964237213134766e-01
6.495337001979351044e-03 9.935046434402465820e-01
4.619584615284111351e-06 9.999953508377075195e-01
2.719429612625390291e-04 9.997280240058898926e-01
3.574736183509230614e-05 9.999642372131347656e-01
5.334587513061705977e-06 9.999946355819702148e-01
4.485387471504509449e-04 9.995514750480651855e-01
1.097656670026481152e-03 9.989023208618164062e-01
4.114956936973612756e-06 9.999958276748657227e-01
4.752898803417338058e-06 9.999952316284179688e-01
4.634516153600998223e-05 9.999536275863647461e-01
2.879703976213932037e-02 9.712029099464416504e-01
1.871683707577176392e-05 9.999812841415405273e-01
2.221685863332822919e-04 9.997778534889221191e-01
5.180421339900931343e-06 9.999948740005493164e-01
4.035015081171877682e-05 9.999597072601318359e-01
3.929603735741693527e-06 9.999960660934448242e-01
1.324623706750571728e-03 9.986754059791564941e-01
3.545403524185530841e-05 9.999645948410034180e-01
3.262175321578979492e-01 6.737824678421020508e-01
4.541977978078648448e-05 9.999545812606811523e-01
1.367062650388106704e-04 9.998632669448852539e-01
1.670742858550511301e-05 9.999833106994628906e-01
2.402873178652953357e-05 9.999759197235107422e-01
3.631812578532844782e-04 9.996367692947387695e-01
6.248780339956283569e-02 9.375122189521789551e-01
8.352319127880036831e-05 9.999164342880249023e-01
4.253755905665457249e-04 9.995746016502380371e-01
2.590297845017630607e-05 9.999741315841674805e-01
2.980809076689183712e-04 9.997019171714782715e-01
3.734421261469833553e-05 9.999626874923706055e-01
7.427256150549510494e-06 9.999926090240478516e-01
6.623000444960780442e-06 9.999933242797851562e-01
7.637770067958626896e-06 9.999923706054687500e-01
3.716432047440321185e-06 9.999963045120239258e-01
2.182310214266180992e-03 9.978176355361938477e-01
1.055954373441636562e-03 9.989441037178039551e-01
7.450929842889308929e-06 9.999924898147583008e-01
2.771957544609904289e-03 9.972279667854309082e-01
1.677734544500708580e-04 9.998321533203125000e-01
1.527300104498863220e-03 9.984726309776306152e-01
2.500451228115707636e-04 9.997499585151672363e-01
3.590123378671705723e-05 9.999641180038452148e-01
1.304436300415545702e-04 9.998695850372314453e-01
1.202460407512262464e-04 9.998797178268432617e-01
1.898594018712174147e-05 9.999810457229614258e-01
2.037818194366991520e-05 9.999796152114868164e-01
2.517533430363982916e-04 9.997482895851135254e-01
2.745084748312365264e-05 9.999725818634033203e-01
1.520109944976866245e-04 9.998480081558227539e-01
1.612384803593158722e-04 9.998387098312377930e-01
8.898752275854349136e-04 9.991101622581481934e-01
7.346134516410529613e-04 9.992653727531433105e-01
5.242865881882607937e-06 9.999947547912597656e-01
4.145736098289489746e-01 5.854263901710510254e-01
4.117335720366099849e-06 9.999958276748657227e-01
6.987730012042447925e-05 9.999301433563232422e-01
1.744621396064758301e-01 8.255378603935241699e-01
1.556053575768601149e-05 9.999843835830688477e-01
1.147623042925260961e-04 9.998852014541625977e-01
1.531390822492539883e-03 9.984685778617858887e-01
8.222760516218841076e-05 9.999177455902099609e-01
8.089342713356018066e-01 1.910657435655593872e-01
4.285804152459604666e-06 9.999957084655761719e-01
5.844255089759826660e-01 4.155744910240173340e-01
2.474455982446670532e-01 7.525544166564941406e-01
6.793920329073444009e-05 9.999320507049560547e-01
8.274114952655509114e-05 9.999172687530517578e-01
2.369066169194411486e-05 9.999762773513793945e-01
1.123169064521789551e-02 9.887683391571044922e-01
3.938976151403039694e-04 9.996060729026794434e-01
9.803880857361946255e-06 9.999902248382568359e-01
1.795301941456273198e-04 9.998205304145812988e-01
9.745716670295223594e-05 9.999024868011474609e-01
2.356785553274676204e-04 9.997643828392028809e-01
6.093402407714165747e-05 9.999390840530395508e-01
2.874458208680152893e-02 9.712554216384887695e-01
6.131879519671201706e-03 9.938681721687316895e-01
1.201356553792720661e-05 9.999879598617553711e-01
1.328059079241938889e-05 9.999867677688598633e-01
6.106615182943642139e-04 9.993892908096313477e-01
3.977304913860280067e-06 9.999960660934448242e-01
1.091298054234357551e-05 9.999890327453613281e-01
4.940140115650137886e-06 9.999951124191284180e-01
2.389329893048852682e-04 9.997610449790954590e-01
1.267259267478948459e-05 9.999873638153076172e-01
3.389351149962749332e-06 9.999966621398925781e-01
6.102708866819739342e-04 9.993897676467895508e-01
1.530493795871734619e-02 9.846950173377990723e-01
8.813923341222107410e-04 9.991186261177062988e-01
9.457424879074096680e-01 5.425749346613883972e-02
2.621145546436309814e-02 9.737885594367980957e-01
1.436101447325199842e-04 9.998563528060913086e-01
6.703463196754455566e-01 3.296536505222320557e-01
4.567201831378042698e-04 9.995433092117309570e-01
3.770948620513081551e-03 9.962289929389953613e-01
1.901450753211975098e-01 8.098549246788024902e-01
2.138180658221244812e-02 9.786181449890136719e-01
4.649116817745380104e-06 9.999953508377075195e-01
2.461159238009713590e-05 9.999754428863525391e-01
1.053382129612145945e-05 9.999895095825195312e-01
2.075541269732639194e-04 9.997925162315368652e-01
1.952853017428424209e-05 9.999804496765136719e-01
2.723734651226550341e-04 9.997276663780212402e-01
6.156072777230292559e-05 9.999384880065917969e-01
8.003166294656693935e-05 9.999200105667114258e-01
1.034126762533560395e-05 9.999896287918090820e-01
2.052283147349953651e-03 9.979477524757385254e-01
9.367306483909487724e-05 9.999063014984130859e-01
2.124753780663013458e-02 9.787524342536926270e-01
6.355837103910744190e-05 9.999364614486694336e-01
7.348448038101196289e-02 9.265155792236328125e-01
5.605197045952081680e-03 9.943947792053222656e-01
1.110143239202443510e-05 9.999889135360717773e-01
2.131893485784530640e-02 9.786810278892517090e-01
2.794372849166393280e-04 9.997205138206481934e-01
9.949932806193828583e-03 9.900500774383544922e-01
6.634373221459100023e-06 9.999933242797851562e-01
3.012358024716377258e-02 9.698764681816101074e-01
2.235557651147246361e-03 9.977644681930541992e-01
6.554373612743802369e-06 9.999934434890747070e-01
7.499584626202704385e-06 9.999924898147583008e-01
1.156558189541101456e-02 9.884344339370727539e-01
1.225576706929132342e-04 9.998774528503417969e-01
1.996618807315826416e-01 8.003381490707397461e-01
4.321490450820419937e-06 9.999957084655761719e-01
2.722451754380017519e-04 9.997277855873107910e-01
9.530232287943363190e-03 9.904696941375732422e-01
4.391405673231929541e-04 9.995608925819396973e-01
3.163883229717612267e-04 9.996836185455322266e-01
7.059752533677965403e-05 9.999294281005859375e-01
1.120970919146202505e-04 9.998879432678222656e-01
1.995313316583633423e-01 8.004687428474426270e-01
3.705185235958197154e-06 9.999963045120239258e-01
2.518460096325725317e-04 9.997481703758239746e-01
2.825097879394888878e-03 9.971748590469360352e-01
1.423646244802512228e-05 9.999858140945434570e-01
1.098008578992448747e-05 9.999890327453613281e-01
5.271996087685693055e-06 9.999947547912597656e-01
1.052943407557904720e-04 9.998947381973266602e-01
1.074395840987563133e-04 9.998925924301147461e-01
4.305545644456287846e-06 9.999957084655761719e-01
3.903361175616737455e-06 9.999960660934448242e-01
1.977051942958496511e-05 9.999802112579345703e-01
6.646499969065189362e-06 9.999933242797851562e-01
1.347631405224092305e-05 9.999865293502807617e-01
4.359930244390852749e-06 9.999955892562866211e-01
4.616109890775987878e-06 9.999953508377075195e-01
1.178394770249724388e-03 9.988215565681457520e-01
4.036027166876010597e-05 9.999595880508422852e-01
5.249519745120778680e-05 9.999475479125976562e-01
1.827416592277586460e-03 9.981725215911865234e-01
1.122533227317035198e-03 9.988774657249450684e-01
1.938748209795448929e-05 9.999805688858032227e-01
1.926723416545428336e-05 9.999806880950927734e-01
5.229928530752658844e-03 9.947701096534729004e-01
3.919804385077441111e-06 9.999960660934448242e-01
1.890162820927798748e-05 9.999810457229614258e-01
3.515300704748369753e-06 9.999965429306030273e-01
5.154941463842988014e-04 9.994844198226928711e-01
8.377438411116600037e-03 9.916225075721740723e-01
2.737761102616786957e-02 9.726223349571228027e-01
3.625772660598158836e-03 9.963741898536682129e-01
1.043353222485166043e-05 9.999895095825195312e-01
5.686955773853696883e-05 9.999431371688842773e-01
7.705725729465484619e-04 9.992294311523437500e-01
5.392666161060333252e-02 9.460733532905578613e-01
4.119861387152923271e-06 9.999958276748657227e-01
6.815008819103240967e-04 9.993184804916381836e-01
2.475572109688073397e-04 9.997524619102478027e-01
1.066732220351696014e-04 9.998933076858520508e-01
2.941189159173518419e-04 9.997058510780334473e-01
3.583218585845315829e-06 9.999964237213134766e-01
1.469837152399122715e-04 9.998530149459838867e-01
3.909452061634510756e-06 9.999960660934448242e-01
5.323239292920334265e-06 9.999946355819702148e-01
1.421945053152740002e-04 9.998577833175659180e-01
9.474136168137192726e-04 9.990525841712951660e-01
1.938090099429246038e-05 9.999805688858032227e-01
2.180006413254886866e-05 9.999781847000122070e-01
2.964905206681578420e-06 9.999970197677612305e-01
4.244476076564751565e-05 9.999575614929199219e-01
9.145680451183579862e-06 9.999908208847045898e-01
1.198312747874297202e-05 9.999879598617553711e-01
1.086458284407854080e-02 9.891353845596313477e-01
1.914338827191386372e-05 9.999808073043823242e-01
4.714050737675279379e-05 9.999529123306274414e-01
1.541905850172042847e-01 8.458094000816345215e-01
1.473296742915408686e-05 9.999852180480957031e-01
2.989506423473358154e-01 7.010493874549865723e-01
1.199138932861387730e-03 9.988008737564086914e-01
9.627635336073581129e-06 9.999903440475463867e-01
1.196792291011661291e-04 9.998803138732910156e-01
3.292348701506853104e-03 9.967076778411865234e-01
6.260858754103537649e-06 9.999936819076538086e-01
1.371620965073816478e-05 9.999862909317016602e-01
6.873050551803316921e-06 9.999930858612060547e-01
5.189475486986339092e-04 9.994810223579406738e-01
4.310109579819254577e-05 9.999568462371826172e-01
1.137051585828885436e-04 9.998862743377685547e-01
8.344964044226799160e-06 9.999916553497314453e-01
8.994222618639469147e-03 9.910057783126831055e-01
8.115804121189285070e-06 9.999918937683105469e-01
4.621903353836387396e-04 9.995378255844116211e-01
1.333409018116071820e-04 9.998666048049926758e-01
6.355715595418587327e-05 9.999364614486694336e-01
1.148073673248291016e-01 8.851926922798156738e-01
2.331759606022387743e-05 9.999766349792480469e-01
2.496992051601409912e-01 7.503007650375366211e-01
2.398642391199246049e-05 9.999760389328002930e-01
7.956659828778356314e-06 9.999920129776000977e-01
3.240527957677841187e-02 9.675947427749633789e-01
1.157687045633792877e-03 9.988422989845275879e-01
2.823851718858350068e-05 9.999717473983764648e-01
6.097628735005855560e-03 9.939024448394775391e-01
2.470792504027485847e-03 9.975292086601257324e-01
6.462549790740013123e-04 9.993537068367004395e-01
2.015314064919948578e-02 9.798468351364135742e-01
6.481766700744628906e-01 3.518233597278594971e-01
4.787701982422731817e-05 9.999520778656005859e-01
3.555716574192047119e-02 9.644428491592407227e-01
1.094789058697642758e-05 9.999890327453613281e-01
5.262361355562461540e-06 9.999947547912597656e-01
1.133135992859024554e-05 9.999886751174926758e-01
5.769168637925758958e-05 9.999423027038574219e-01
2.414804697036743164e-02 9.758519530296325684e-01
5.805706977844238281e-01 4.194292724132537842e-01
1.144787413068115711e-03 9.988552331924438477e-01
7.399606402032077312e-04 9.992600083351135254e-01
1.784401501936372370e-05 9.999821186065673828e-01
4.545087739825248718e-02 9.545490741729736328e-01
5.253275230643339455e-05 9.999474287033081055e-01
9.838135447353124619e-04 9.990161657333374023e-01
1.743804932630155236e-05 9.999825954437255859e-01
4.719375738204689696e-06 9.999952316284179688e-01
7.782664615660905838e-03 9.922173023223876953e-01
4.018370993435382843e-03 9.959815740585327148e-01
1.505170221207663417e-04 9.998494386672973633e-01
5.350775154511211440e-06 9.999946355819702148e-01
5.717613748856820166e-05 9.999427795410156250e-01
6.237408342713024467e-06 9.999938011169433594e-01
1.403309870511293411e-04 9.998596906661987305e-01
4.583385816658847034e-06 9.999954700469970703e-01
1.343401148915290833e-02 9.865660071372985840e-01
2.044668979942798615e-02 9.795533418655395508e-01
4.125515260966494679e-06 9.999958276748657227e-01
3.048372222110629082e-03 9.969515800476074219e-01
2.497249624866526574e-05 9.999750852584838867e-01
3.392737198737449944e-06 9.999966621398925781e-01
3.368887973920209333e-06 9.999966621398925781e-01
1.849375106394290924e-02 9.815062284469604492e-01
3.634976792454835959e-06 9.999964237213134766e-01
5.552644779527327046e-06 9.999943971633911133e-01
8.945466876029968262e-01 1.054532974958419800e-01
1.205952763557434082e-01 8.794047236442565918e-01
9.942113683791831136e-05 9.999005794525146484e-01
1.568356492498423904e-05 9.999842643737792969e-01
6.872988771647214890e-03 9.931269884109497070e-01
4.479733252082951367e-05 9.999551773071289062e-01
5.124703875480918214e-06 9.999948740005493164e-01
1.443239307263866067e-05 9.999855756759643555e-01
2.467063604854047298e-04 9.997532963752746582e-01
7.811147952452301979e-04 9.992188215255737305e-01
3.690161975100636482e-05 9.999630451202392578e-01
7.934470340842381120e-05 9.999206066131591797e-01
2.922937565017491579e-04 9.997076392173767090e-01
9.580274112522602081e-03 9.904196858406066895e-01
2.971026406157761812e-04 9.997028708457946777e-01
5.616241105599328876e-05 9.999438524246215820e-01
2.204034681199118495e-04 9.997796416282653809e-01
4.174041805526940152e-06 9.999958276748657227e-01
7.206292152404785156e-01 2.793707847595214844e-01
9.753768972586840391e-05 9.999024868011474609e-01
4.322726908867480233e-06 9.999957084655761719e-01
1.701322471490129828e-04 9.998298883438110352e-01
1.133080292493104935e-02 9.886692166328430176e-01
5.632511153817176819e-02 9.436748623847961426e-01
1.786615030141547322e-05 9.999821186065673828e-01
3.497856232570484281e-05 9.999650716781616211e-01
3.630943865573499352e-06 9.999964237213134766e-01
4.537868080660700798e-04 9.995462298393249512e-01
9.546129149384796619e-04 9.990453124046325684e-01
2.929650327132549137e-05 9.999706745147705078e-01
4.264559538569301367e-05 9.999573230743408203e-01
5.906565093027893454e-06 9.999940395355224609e-01
3.575179027393460274e-03 9.964248538017272949e-01
3.747620939975604415e-05 9.999625682830810547e-01
6.387917437677970156e-06 9.999935626983642578e-01
5.613550911220954731e-06 9.999943971633911133e-01
7.267246837727725506e-04 9.992732405662536621e-01
1.492566466331481934e-01 8.507434129714965820e-01
4.377235770225524902e-01 5.622764229774475098e-01
1.177361173176905140e-05 9.999881982803344727e-01
3.806229869951494038e-06 9.999961853027343750e-01
2.873363555409014225e-04 9.997126460075378418e-01
3.841563284368021414e-06 9.999961853027343750e-01
2.123300284147262573e-01 7.876699566841125488e-01
9.261125233024358749e-04 9.990738630294799805e-01
5.896080438105855137e-06 9.999941587448120117e-01
1.493421383202075958e-02 9.850657582283020020e-01
2.442751792841590941e-05 9.999755620956420898e-01
7.592344900331227109e-06 9.999923706054687500e-01
2.303173765540122986e-03 9.976968169212341309e-01
4.076350887771695852e-04 9.995923638343811035e-01
1.108293054130626842e-05 9.999889135360717773e-01
1.902333809994161129e-03 9.980977177619934082e-01
6.451934459619224072e-04 9.993547797203063965e-01
1.912215157062746584e-05 9.999809265136718750e-01
3.960004250984638929e-04 9.996040463447570801e-01
2.489200778654776514e-05 9.999750852584838867e-01
1.488644484197720885e-04 9.998511075973510742e-01
4.689608176704496145e-04 9.995310306549072266e-01
5.844971838087076321e-06 9.999941587448120117e-01
3.295741043984889984e-03 9.967042803764343262e-01
2.877549850381910801e-04 9.997121691703796387e-01
1.332130134105682373e-01 8.667869567871093750e-01
5.593841706286184490e-06 9.999943971633911133e-01
6.197864422574639320e-05 9.999380111694335938e-01
2.841024252120405436e-04 9.997158646583557129e-01
6.026944902259856462e-06 9.999939203262329102e-01
3.454493358731269836e-03 9.965454936027526855e-01
1.472878011554712430e-05 9.999852180480957031e-01
7.020207704044878483e-06 9.999929666519165039e-01
4.997919404559070244e-06 9.999949932098388672e-01
7.732271216809749603e-03 9.922677874565124512e-01
9.164478797174524516e-06 9.999908208847045898e-01
5.212300038692774251e-06 9.999947547912597656e-01
7.854597060941159725e-04 9.992145299911499023e-01
9.297975897789001465e-02 9.070202112197875977e-01
1.653649233048781753e-04 9.998346567153930664e-01
6.506530917249619961e-04 9.993492960929870605e-01
2.419950906187295914e-04 9.997580647468566895e-01
3.893423127010464668e-04 9.996107220649719238e-01
4.239102602005004883e-01 5.760897994041442871e-01
1.334723674517590553e-05 9.999866485595703125e-01
1.136349055741447955e-05 9.999886751174926758e-01
2.605747140478342772e-04 9.997394680976867676e-01
3.623581433203071356e-04 9.996376037597656250e-01
1.064957723428960890e-05 9.999893903732299805e-01
2.225701755378395319e-04 9.997774958610534668e-01
5.164493359188782051e-06 9.999948740005493164e-01
2.431830034765880555e-05 9.999756813049316406e-01
2.121892175637185574e-04 9.997878670692443848e-01
6.569748278707265854e-03 9.934301972389221191e-01
5.095699088997207582e-05 9.999490976333618164e-01
2.555082319304347038e-04 9.997444748878479004e-01
4.872745194006711245e-05 9.999512434005737305e-01
1.046850346028804779e-03 9.989531040191650391e-01
1.013298606267198920e-05 9.999898672103881836e-01
5.346419129637070000e-06 9.999946355819702148e-01
1.402639609295874834e-04 9.998596906661987305e-01
6.624612433370202780e-05 9.999337196350097656e-01
2.011002470680978149e-05 9.999798536300659180e-01
4.071281637152424082e-06 9.999959468841552734e-01
7.085855941113550216e-06 9.999929666519165039e-01
1.563767182233277708e-05 9.999843835830688477e-01
7.973206083988770843e-05 9.999202489852905273e-01
1.113762729801237583e-03 9.988862872123718262e-01
1.461098327126819640e-05 9.999853372573852539e-01
8.217859431169927120e-04 9.991782307624816895e-01
3.308580256998538971e-03 9.966913461685180664e-01
2.324745764781255275e-05 9.999767541885375977e-01
2.477951720356941223e-02 9.752205014228820801e-01
8.536230772733688354e-03 9.914637207984924316e-01
4.016266302642179653e-06 9.999959468841552734e-01
2.979200144181959331e-05 9.999701976776123047e-01
2.176599446102045476e-05 9.999781847000122070e-01
2.201880700886249542e-02 9.779811501502990723e-01
2.545139985159039497e-03 9.974548220634460449e-01
4.170642059762030840e-04 9.995829463005065918e-01
3.943968564271926880e-02 9.605603218078613281e-01
1.041113631799817085e-03 9.989588260650634766e-01
5.928582977503538132e-04 9.994071722030639648e-01
7.845232903491705656e-05 9.999215602874755859e-01
2.055143564939498901e-02 9.794486165046691895e-01
1.411656141281127930e-01 8.588343858718872070e-01
4.709578661277191713e-06 9.999952316284179688e-01
4.756403995997970924e-06 9.999952316284179688e-01
2.539183187764137983e-04 9.997460246086120605e-01
1.047976984409615397e-04 9.998952150344848633e-01
1.015157438814640045e-03 9.989848732948303223e-01
2.956671551146428101e-06 9.999970197677612305e-01
4.867798998020589352e-05 9.999513626098632812e-01
5.078484264231519774e-06 9.999948740005493164e-01
9.387390491610858589e-06 9.999905824661254883e-01
7.654580258531495929e-05 9.999234676361083984e-01
4.676432814449071884e-03 9.953235983848571777e-01
3.642222509370185435e-05 9.999635219573974609e-01
1.125757116824388504e-04 9.998874664306640625e-01
6.933427357580512762e-05 9.999306201934814453e-01
4.431815978023223579e-05 9.999556541442871094e-01
1.520880497992038727e-02 9.847912192344665527e-01
3.972108534071594477e-04 9.996028542518615723e-01
6.124122068285942078e-03 9.938759207725524902e-01
1.019626943161711097e-04 9.998980760574340820e-01
8.938513201428577304e-05 9.999105930328369141e-01
3.556184537956141867e-06 9.999964237213134766e-01
5.122798611409962177e-04 9.994876384735107422e-01
8.478787094645667821e-06 9.999915361404418945e-01
4.221691936254501343e-02 9.577831029891967773e-01
3.375099913682788610e-05 9.999662637710571289e-01
1.515144407749176025e-01 8.484855890274047852e-01
1.220297068357467651e-03 9.987797141075134277e-01
6.047929127817042172e-05 9.999395608901977539e-01
7.693207357078790665e-03 9.923067688941955566e-01
3.439912916292087175e-06 9.999965429306030273e-01
2.468783932272344828e-04 9.997531771659851074e-01
4.471681677387095988e-06 9.999954700469970703e-01
3.239485158701427281e-05 9.999675750732421875e-01
1.957146450877189636e-03 9.980428218841552734e-01
8.028320074081420898e-01 1.971679776906967163e-01
2.290985882282257080e-01 7.709013819694519043e-01
1.965985393326263875e-05 9.999803304672241211e-01
2.992371992149855942e-05 9.999700784683227539e-01
1.038024674926418811e-05 9.999896287918090820e-01
9.240210638381540775e-04 9.990760087966918945e-01
1.450529787689447403e-02 9.854947328567504883e-01
3.210899421901558526e-06 9.999967813491821289e-01
3.727406920006615110e-06 9.999963045120239258e-01
5.981988579151220620e-06 9.999940395355224609e-01
1.396660655736923218e-01 8.603339791297912598e-01
4.431990419107023627e-06 9.999955892562866211e-01
3.806474560406059027e-04 9.996193647384643555e-01
1.451070769689977169e-03 9.985489249229431152e-01
1.171418625744991004e-04 9.998828172683715820e-01
1.611104016774334013e-05 9.999839067459106445e-01
8.417607168667018414e-04 9.991582632064819336e-01
1.007455750368535519e-03 9.989925026893615723e-01
6.195731202751630917e-06 9.999938011169433594e-01
1.739715480653103441e-05 9.999825954437255859e-01
4.148807056481018662e-05 9.999585151672363281e-01
2.335605822736397386e-04 9.997664093971252441e-01
4.025169312953948975e-01 5.974830389022827148e-01
2.797729102894663811e-04 9.997201561927795410e-01
2.396863856120035052e-04 9.997603297233581543e-01
8.517188020050525665e-03 9.914828538894653320e-01
9.145678021013736725e-03 9.908542633056640625e-01
4.852343408856540918e-06 9.999951124191284180e-01
4.283446742192609236e-06 9.999957084655761719e-01
8.621891174698248506e-05 9.999138116836547852e-01
7.138167275115847588e-04 9.992862343788146973e-01
4.709060769528150558e-03 9.952909946441650391e-01
2.030160248978063464e-05 9.999797344207763672e-01
1.292833330808207393e-04 9.998706579208374023e-01
1.537644566269591451e-04 9.998462200164794922e-01
1.904716191347688437e-04 9.998095631599426270e-01
1.177915964944986627e-05 9.999881982803344727e-01
3.074244887102395296e-05 9.999692440032958984e-01
4.078108817338943481e-02 9.592188596725463867e-01
3.306812723167240620e-04 9.996693134307861328e-01
2.506212695152498782e-05 9.999749660491943359e-01
5.058135229774052277e-06 9.999949932098388672e-01
1.183865388156846166e-04 9.998816251754760742e-01
7.921225187601521611e-05 9.999207258224487305e-01
6.273484230041503906e-02 9.372650980949401855e-01
3.458105260506272316e-03 9.965419173240661621e-01
1.245935680344700813e-03 9.987540245056152344e-01
6.633013072132598609e-06 9.999933242797851562e-01
4.854296093981247395e-06 9.999951124191284180e-01
1.039275550283491611e-03 9.989607334136962891e-01
1.189013619296019897e-05 9.999880790710449219e-01
4.592455752572277561e-06 9.999953508377075195e-01
8.656592108309268951e-04 9.991343617439270020e-01
5.377551133278757334e-06 9.999946355819702148e-01
5.369774997234344482e-02 9.463022351264953613e-01
2.775347558781504631e-03 9.972246885299682617e-01
3.269714943598955870e-04 9.996730089187622070e-01
2.487697172909975052e-03 9.975123405456542969e-01
5.325968231773003936e-05 9.999467134475708008e-01
2.764116823673248291e-01 7.235883474349975586e-01
1.986128772841766477e-04 9.998014569282531738e-01
2.460718899965286255e-02 9.753927588462829590e-01
2.333868724235799164e-05 9.999766349792480469e-01
3.143859505653381348e-01 6.856140494346618652e-01
7.880022894823923707e-05 9.999212026596069336e-01
3.345282166264951229e-04 9.996654987335205078e-01
4.233886487782001495e-03 9.957661628723144531e-01
1.457200705772265792e-04 9.998542070388793945e-01
3.546819698385661468e-06 9.999964237213134766e-01
5.352679181669373065e-06 9.999946355819702148e-01
4.015351179987192154e-03 9.959846735000610352e-01
1.585822319611907005e-04 9.998414516448974609e-01
5.985144161968491971e-05 9.999401569366455078e-01
7.171701290644705296e-04 9.992828965187072754e-01
1.091068770620040596e-04 9.998909235000610352e-01
3.221443039365112782e-04 9.996778964996337891e-01
2.937361132353544235e-04 9.997062087059020996e-01
1.245986932190135121e-04 9.998754262924194336e-01
1.024634693749248981e-04 9.998974800109863281e-01
4.911068244837224483e-04 9.995088577270507812e-01
2.851321005437057465e-05 9.999715089797973633e-01
3.374093910679221153e-03 9.966259002685546875e-01
1.463003340177237988e-03 9.985369443893432617e-01
9.855433745542541146e-05 9.999014139175415039e-01
4.646106845029862598e-06 9.999953508377075195e-01
2.434840425848960876e-03 9.975651502609252930e-01
3.216789764337590896e-06 9.999967813491821289e-01
6.411309004761278629e-04 9.993588328361511230e-01
4.025327598355943337e-06 9.999959468841552734e-01
3.834183735307306051e-04 9.996165037155151367e-01
6.961976032471284270e-05 9.999303817749023438e-01
3.765338988159783185e-06 9.999961853027343750e-01
5.346694706531707197e-06 9.999946355819702148e-01
7.432031035423278809e-01 2.567969262599945068e-01
2.707660860323812813e-05 9.999729394912719727e-01
6.547095836140215397e-06 9.999934434890747070e-01
1.260888820979744196e-04 9.998738765716552734e-01
4.726064162241527811e-06 9.999952316284179688e-01
8.014249033294618130e-06 9.999920129776000977e-01
1.590173451404552907e-05 9.999841451644897461e-01
2.523687180655542761e-05 9.999747276306152344e-01
4.554360930342227221e-05 9.999544620513916016e-01
5.608723768091294914e-06 9.999943971633911133e-01
1.976514613488689065e-05 9.999802112579345703e-01
3.967977136198896915e-06 9.999960660934448242e-01
2.102517709136009216e-02 9.789748191833496094e-01
7.298091531993122771e-06 9.999927282333374023e-01
2.019947860389947891e-03 9.979800581932067871e-01
3.135543316602706909e-03 9.968643784523010254e-01
2.017153799533843994e-02 9.798284173011779785e-01
7.452142238616943359e-02 9.254785776138305664e-01
3.866743063554167747e-04 9.996133446693420410e-01
9.613742440706118941e-05 9.999037981033325195e-01
3.428600903134793043e-04 9.996571540832519531e-01
2.947406610473990440e-04 9.997052550315856934e-01
8.188555948436260223e-03 9.918113946914672852e-01
4.875303129665553570e-04 9.995124340057373047e-01
4.288899435778148472e-05 9.999570846557617188e-01
2.096669231832493097e-05 9.999790191650390625e-01
3.634373570093885064e-06 9.999964237213134766e-01
6.359034159686416388e-06 9.999936819076538086e-01
3.529704827087698504e-06 9.999964237213134766e-01
1.123009587900014594e-05 9.999887943267822266e-01
4.657561476051341742e-06 9.999953508377075195e-01
3.156123915687203407e-03 9.968439340591430664e-01
1.930527650984004140e-04 9.998069405555725098e-01
2.807194141496438533e-05 9.999719858169555664e-01
1.917179673910140991e-03 9.980828762054443359e-01
2.480175680830143392e-05 9.999752044677734375e-01
1.496150525781558827e-05 9.999849796295166016e-01
1.010103005683049560e-05 9.999898672103881836e-01
9.448747336864471436e-02 9.055125117301940918e-01
9.957199654309079051e-05 9.999004602432250977e-01
6.688428584311623126e-06 9.999933242797851562e-01
2.023770846426486969e-02 9.797622561454772949e-01
4.995188415050506592e-01 5.004811286926269531e-01
6.218911948963068426e-06 9.999938011169433594e-01
5.737920757383108139e-03 9.942620992660522461e-01
1.248613116331398487e-04 9.998750686645507812e-01
4.570509645418496802e-06 9.999954700469970703e-01
3.444495814619585872e-05 9.999655485153198242e-01
3.668697476387023926e-01 6.331303119659423828e-01
2.369940193602815270e-04 9.997629523277282715e-01
2.108993567526340485e-02 9.789100289344787598e-01
3.598630792112089694e-05 9.999639987945556641e-01
5.974956438876688480e-04 9.994025230407714844e-01
2.376117743551731110e-03 9.976238608360290527e-01
9.355729222297668457e-01 6.442701816558837891e-02
5.942569623584859073e-05 9.999405145645141602e-01
4.371784598333761096e-06 9.999955892562866211e-01
7.548811845481395721e-05 9.999245405197143555e-01
2.672449227247852832e-05 9.999732971191406250e-01
1.224908046424388885e-03 9.987750649452209473e-01
4.874506703345105052e-05 9.999512434005737305e-01
2.611527161207050085e-04 9.997388720512390137e-01
4.409542679786682129e-01 5.590457320213317871e-01
3.787905573844909668e-01 6.212094426155090332e-01
3.891882952302694321e-04 9.996108412742614746e-01
8.890117896953597665e-05 9.999110698699951172e-01
5.420385277830064297e-04 9.994580149650573730e-01
7.438975444529205561e-05 9.999256134033203125e-01
1.338305355602642521e-05 9.999866485595703125e-01
1.592919928953051567e-03 9.984070658683776855e-01
8.190284483134746552e-03 9.918097853660583496e-01
1.438350500393426046e-05 9.999855756759643555e-01
1.307574566453695297e-04 9.998692274093627930e-01
1.703250927675981075e-05 9.999829530715942383e-01
1.662048634898383170e-05 9.999834299087524414e-01
1.591498404741287231e-02 9.840849637985229492e-01
3.116226935162558220e-06 9.999969005584716797e-01
1.843343925429508090e-04 9.998156428337097168e-01
3.556757974365609698e-06 9.999964237213134766e-01
1.480330138292629272e-05 9.999852180480957031e-01
2.866372815333306789e-04 9.997133612632751465e-01
3.604484796524047852e-01 6.395514607429504395e-01
5.180496373213827610e-04 9.994819760322570801e-01
7.844723761081695557e-03 9.921552538871765137e-01
5.683307051658630371e-01 4.316693246364593506e-01
1.070686616003513336e-02 9.892930984497070312e-01
9.360088706016540527e-01 6.399115175008773804e-02
3.017560578882694244e-03 9.969823956489562988e-01
1.623727439437061548e-05 9.999837875366210938e-01
3.366585133335320279e-06 9.999966621398925781e-01
7.907317194622009993e-05 9.999209642410278320e-01
6.651055300608277321e-04 9.993348717689514160e-01
1.980911195278167725e-02 9.801908731460571289e-01
4.000043645646655932e-06 9.999959468841552734e-01
5.601493758149445057e-04 9.994397759437561035e-01
2.760222181677818298e-03 9.972397089004516602e-01
3.604732455642079003e-06 9.999964237213134766e-01
1.534034890937618911e-05 9.999846220016479492e-01
2.176396519644185901e-04 9.997823834419250488e-01
5.911427069804631174e-05 9.999408721923828125e-01
4.684601663029752672e-06 9.999953508377075195e-01
3.310044576210202649e-06 9.999966621398925781e-01
1.218234095722436905e-02 9.878177046775817871e-01
2.766489284113049507e-03 9.972335696220397949e-01
1.603748969500884414e-04 9.998395442962646484e-01
4.779723531100898981e-05 9.999521970748901367e-01
3.545067784216371365e-06 9.999964237213134766e-01
1.949527487158775330e-02 9.805046916007995605e-01
1.842367601057048887e-05 9.999815225601196289e-01
3.076409921050071716e-04 9.996924400329589844e-01
9.580558980815112591e-06 9.999904632568359375e-01
3.643544763326644897e-02 9.635645747184753418e-01
7.506251131417229772e-05 9.999248981475830078e-01
4.840500187128782272e-03 9.951594471931457520e-01
5.908041202928870916e-06 9.999940395355224609e-01
5.392858292907476425e-04 9.994607567787170410e-01
8.155552204698324203e-04 9.991844296455383301e-01
4.562032222747802734e-02 9.543796777725219727e-01
9.212609438691288233e-05 9.999078512191772461e-01
1.257929834537208080e-04 9.998742341995239258e-01
4.227388650178909302e-03 9.957726597785949707e-01
5.806326516903936863e-04 9.994193315505981445e-01
3.851258043141569942e-06 9.999961853027343750e-01
6.850108184153214097e-05 9.999314546585083008e-01
1.121591412811540067e-05 9.999887943267822266e-01
1.665464020334184170e-03 9.983345866203308105e-01
4.342544823884963989e-03 9.956574440002441406e-01
1.586749422131106257e-04 9.998413324356079102e-01
5.150052675162442029e-05 9.999485015869140625e-01
5.477737886394606903e-06 9.999945163726806641e-01
5.926180892856791615e-05 9.999407529830932617e-01
1.498225778341293335e-01 8.501774072647094727e-01
3.581025812309235334e-04 9.996418952941894531e-01
1.359520666301250458e-02 9.864047765731811523e-01
2.435536589473485947e-05 9.999756813049316406e-01
5.511852123163407668e-06 9.999945163726806641e-01
4.950340098730521277e-06 9.999949932098388672e-01
4.270032877684570849e-05 9.999573230743408203e-01
3.772477157326648012e-06 9.999961853027343750e-01
2.039711736142635345e-02 9.796028733253479004e-01
9.927984476089477539e-01 7.201474159955978394e-03
8.471274486510083079e-05 9.999152421951293945e-01
3.062632458750158548e-04 9.996937513351440430e-01
3.833617665804922581e-04 9.996166229248046875e-01
4.337364807724952698e-04 9.995662569999694824e-01
3.372577339177951217e-05 9.999662637710571289e-01
4.586430077324621379e-05 9.999541044235229492e-01
1.005131925921887159e-04 9.998995065689086914e-01
4.712481517344713211e-03 9.952875375747680664e-01
3.376568656676681712e-06 9.999966621398925781e-01
4.818275556317530572e-06 9.999952316284179688e-01
7.822911138646304607e-04 9.992177486419677734e-01
1.449257979402318597e-04 9.998550415039062500e-01
1.496207267045974731e-01 8.503792881965637207e-01
2.270217053592205048e-03 9.977298378944396973e-01
4.541914677247405052e-06 9.999954700469970703e-01
5.625179782509803772e-02 9.437482357025146484e-01
1.336587127298116684e-02 9.866341352462768555e-01
1.188900787383317947e-04 9.998811483383178711e-01
3.315100184408947825e-05 9.999668598175048828e-01
2.575759208411909640e-05 9.999742507934570312e-01
3.431714731050306000e-06 9.999965429306030273e-01
2.610974479466676712e-04 9.997388720512390137e-01
9.664700925350189209e-02 9.033529758453369141e-01
2.747222315520048141e-04 9.997252821922302246e-01
6.870441138744354248e-03 9.931295514106750488e-01
6.761914846720173955e-06 9.999932050704956055e-01
1.877799877547658980e-05 9.999811649322509766e-01
1.513113875262206420e-05 9.999848604202270508e-01
7.199086394393816590e-05 9.999279975891113281e-01
1.585049903951585293e-05 9.999841451644897461e-01
3.554428622010163963e-05 9.999644756317138672e-01
7.818576414138078690e-04 9.992181062698364258e-01
3.986426745541393757e-04 9.996014237403869629e-01
2.385009545832872391e-03 9.976149797439575195e-01
9.966895580291748047e-01 3.310395171865820885e-03
3.274083428550511599e-05 9.999672174453735352e-01
5.579674507316667587e-06 9.999943971633911133e-01
1.356558932457119226e-04 9.998643398284912109e-01
1.375758165522711352e-05 9.999862909317016602e-01
5.015233764424920082e-04 9.994984865188598633e-01
3.982436737715033814e-06 9.999960660934448242e-01
3.369311103597283363e-03 9.966307282447814941e-01
5.774001692770980299e-05 9.999423027038574219e-01
3.917859794455580413e-05 9.999607801437377930e-01
5.717648946301778778e-06 9.999942779541015625e-01
9.000594615936279297e-01 9.994059801101684570e-02
7.866970918257720768e-06 9.999921321868896484e-01
3.885741080011939630e-06 9.999960660934448242e-01
8.312293794006109238e-04 9.991687536239624023e-01
7.151074441935634241e-06 9.999928474426269531e-01
2.868148311972618103e-02 9.713185429573059082e-01
2.638270379975438118e-03 9.973617196083068848e-01
1.500480084359878674e-05 9.999849796295166016e-01
2.754531241953372955e-02 9.724546670913696289e-01
5.588980391621589661e-02 9.441102147102355957e-01
5.571017936745192856e-06 9.999943971633911133e-01
2.840195375028997660e-04 9.997159838676452637e-01
9.209052659571170807e-04 9.990791082382202148e-01
1.700259279459714890e-03 9.982997775077819824e-01
5.876663271919824183e-05 9.999412298202514648e-01
2.653047908097505569e-03 9.973468780517578125e-01
2.971762733068317175e-04 9.997027516365051270e-01
4.930575869366293773e-06 9.999951124191284180e-01
9.209781885147094727e-02 9.079022407531738281e-01
1.526799460407346487e-04 9.998472929000854492e-01
9.818811668083071709e-05 9.999017715454101562e-01
3.796944802161306143e-04 9.996203184127807617e-01
1.355804875493049622e-02 9.864419698715209961e-01
4.647552032110979781e-06 9.999953508377075195e-01
3.317676950246095657e-03 9.966823458671569824e-01
5.044367753725964576e-06 9.999949932098388672e-01
4.025131602247711271e-06 9.999959468841552734e-01
1.548698855913244188e-05 9.999845027923583984e-01
9.264709660783410072e-06 9.999907016754150391e-01
4.858321062783943489e-06 9.999951124191284180e-01
7.988015562295913696e-02 9.201198220252990723e-01
8.228919796238187701e-06 9.999917745590209961e-01
6.931219104444608092e-06 9.999930858612060547e-01
4.675248783314600587e-05 9.999532699584960938e-01
4.146791980019770563e-06 9.999958276748657227e-01
6.031665634509408846e-06 9.999939203262329102e-01
5.744826557929627597e-05 9.999425411224365234e-01
9.779319167137145996e-01 2.206813171505928040e-02
4.729472493636421859e-06 9.999952316284179688e-01
5.479387982632033527e-05 9.999451637268066406e-01
2.820557169616222382e-02 9.717944264411926270e-01
9.353274799650534987e-05 9.999064207077026367e-01
6.904124347784090787e-06 9.999930858612060547e-01
6.554886113008251414e-06 9.999934434890747070e-01
3.694769247886142693e-06 9.999963045120239258e-01
1.043479715008288622e-04 9.998956918716430664e-01
1.318606809945777059e-04 9.998681545257568359e-01
9.138057380914688110e-02 9.086194038391113281e-01
4.741747034131549299e-05 9.999525547027587891e-01
1.459580147638916969e-03 9.985404014587402344e-01
6.554151768796145916e-04 9.993445277214050293e-01
6.339115207083523273e-04 9.993661046028137207e-01
7.615708909725071862e-06 9.999923706054687500e-01
8.679031452629715204e-05 9.999132156372070312e-01
6.421498710551531985e-06 9.999935626983642578e-01
1.447838003514334559e-04 9.998551607131958008e-01
9.565777872921898961e-06 9.999904632568359375e-01
6.896520062582567334e-05 9.999309778213500977e-01
4.240994257997954264e-06 9.999957084655761719e-01
3.828208355116657913e-05 9.999617338180541992e-01
7.239552214741706848e-04 9.992761015892028809e-01
6.906534508743789047e-06 9.999930858612060547e-01
5.164541289559565485e-05 9.999483823776245117e-01
4.863040521740913391e-02 9.513695836067199707e-01
1.580361975356936455e-03 9.984196424484252930e-01
2.815761566162109375e-01 7.184237837791442871e-01
3.077923975070007145e-05 9.999692440032958984e-01
3.512995690107345581e-02 9.648700356483459473e-01
1.101515681511955336e-05 9.999890327453613281e-01
2.039367682300508022e-04 9.997960925102233887e-01
6.482032767962664366e-05 9.999351501464843750e-01
4.076545301359146833e-04 9.995923638343811035e-01
8.180121949408203363e-05 9.999182224273681641e-01
1.539669028716161847e-05 9.999846220016479492e-01
5.744156624132301658e-06 9.999942779541015625e-01
4.639730104827322066e-05 9.999536275863647461e-01
5.172853916883468628e-02 9.482713937759399414e-01
7.099281065165996552e-04 9.992899894714355469e-01
7.218226983241038397e-06 9.999927282333374023e-01
5.143230737303383648e-06 9.999948740005493164e-01
1.916303590405732393e-04 9.998083710670471191e-01
3.114213541266508400e-05 9.999688863754272461e-01
4.458243893168400973e-06 9.999955892562866211e-01
4.944507963955402374e-03 9.950554370880126953e-01
3.189742301401565783e-06 9.999967813491821289e-01
1.188023909926414490e-01 8.811975717544555664e-01
4.913522388960700482e-06 9.999951124191284180e-01
1.098788925446569920e-05 9.999890327453613281e-01
9.203164154314436018e-06 9.999908208847045898e-01
3.807032271652133204e-06 9.999961853027343750e-01
1.174559747596504167e-05 9.999881982803344727e-01
4.116343799978494644e-03 9.958836436271667480e-01
1.591522130183875561e-03 9.984084963798522949e-01
8.214288754970766604e-06 9.999917745590209961e-01
6.769603351131081581e-05 9.999322891235351562e-01
4.854944563703611493e-06 9.999951124191284180e-01
3.806965469266287982e-05 9.999619722366333008e-01
4.279518965631723404e-03 9.957204461097717285e-01
6.862224381620762870e-06 9.999930858612060547e-01
4.262594302417710423e-06 9.999957084655761719e-01
1.465525019739288837e-05 9.999853372573852539e-01
5.784091990790329874e-05 9.999421834945678711e-01
8.806666731834411621e-02 9.119333028793334961e-01
9.894708395004272461e-01 1.052917074412107468e-02
7.040488999336957932e-04 9.992959499359130859e-01
6.406532338587567210e-05 9.999359846115112305e-01
4.500681097852066159e-05 9.999549388885498047e-01
4.743061726912856102e-04 9.995256662368774414e-01
4.634843207895755768e-04 9.995365142822265625e-01
9.008606866700574756e-06 9.999909400939941406e-01
1.168429944664239883e-02 9.883157014846801758e-01
6.222767842700704932e-05 9.999377727508544922e-01
1.077895285561680794e-05 9.999892711639404297e-01
2.497429959475994110e-04 9.997501969337463379e-01
7.811885734554380178e-05 9.999219179153442383e-01
1.789578236639499664e-04 9.998211264610290527e-01
1.397283631376922131e-03 9.986026883125305176e-01
3.922796167898923159e-06 9.999960660934448242e-01
1.765504275681450963e-04 9.998235106468200684e-01
6.955717981327325106e-05 9.999303817749023438e-01
1.942633389262482524e-04 9.998057484626770020e-01
3.750672622118145227e-04 9.996249675750732422e-01
4.565539256873307750e-06 9.999954700469970703e-01
1.184991742775309831e-05 9.999881982803344727e-01
1.710839023871812969e-05 9.999828338623046875e-01
4.689617071562679484e-06 9.999953508377075195e-01
2.590463124215602875e-02 9.740953445434570312e-01
6.722770194755867124e-05 9.999327659606933594e-01
8.652716060169041157e-04 9.991347193717956543e-01
5.245278589427471161e-04 9.994755387306213379e-01
5.239352467469871044e-04 9.994761347770690918e-01
5.993111699353903532e-06 9.999940395355224609e-01
5.601804878097027540e-05 9.999439716339111328e-01
2.351482362428214401e-05 9.999765157699584961e-01
2.258140593767166138e-04 9.997741580009460449e-01
5.784670975117478520e-06 9.999941587448120117e-01
9.395590052008628845e-03 9.906044602394104004e-01
4.145629645790904760e-06 9.999958276748657227e-01
4.183750570518895984e-05 9.999581575393676758e-01
1.555002667009830475e-02 9.844499230384826660e-01
3.537694225087761879e-03 9.964622855186462402e-01
1.159388688392937183e-03 9.988406300544738770e-01
1.559008844196796417e-03 9.984410405158996582e-01
2.188633009791374207e-02 9.781136512756347656e-01
1.188488327898085117e-03 9.988114833831787109e-01
1.513086725026369095e-03 9.984868764877319336e-01
2.348039997741580009e-03 9.976519942283630371e-01
4.566988991427933797e-06 9.999954700469970703e-01
9.071514755487442017e-02 9.092848300933837891e-01
1.088896387955173850e-04 9.998910427093505859e-01
5.375376986194169149e-06 9.999946355819702148e-01
1.013710334518691525e-05 9.999898672103881836e-01
2.544032931327819824e-01 7.455967068672180176e-01
7.578296208521351218e-05 9.999241828918457031e-01
1.439110656065167859e-05 9.999855756759643555e-01
7.473588630091398954e-05 9.999252557754516602e-01
3.507544761305325665e-06 9.999965429306030273e-01
1.179311424493789673e-01 8.820688724517822266e-01
8.228031947510316968e-05 9.999177455902099609e-01
3.646453551482409239e-04 9.996353387832641602e-01
7.794874545652419329e-05 9.999220371246337891e-01
3.977642791141988710e-06 9.999960660934448242e-01
6.486247912107501179e-06 9.999935626983642578e-01
2.042171508073806763e-01 7.957828640937805176e-01
6.462568417191505432e-04 9.993537068367004395e-01
1.158474042313173413e-04 9.998841285705566406e-01
4.895434975624084473e-01 5.104565024375915527e-01
1.709385891444981098e-03 9.982905983924865723e-01
1.903719385154545307e-05 9.999809265136718750e-01
2.228714874945580959e-04 9.997771382331848145e-01
6.684518419206142426e-03 9.933155179023742676e-01
3.945068418979644775e-01 6.054931879043579102e-01
5.297943949699401855e-02 9.470205903053283691e-01
3.305346035631373525e-05 9.999669790267944336e-01
6.575287261512130499e-05 9.999341964721679688e-01
1.291083117394009605e-05 9.999871253967285156e-01
4.400323632580693811e-06 9.999955892562866211e-01
1.141411587595939636e-01 8.858587741851806641e-01
6.616061925888061523e-02 9.338393807411193848e-01
2.863878398784436285e-05 9.999713897705078125e-01
5.313197107170708477e-06 9.999946355819702148e-01
2.350060531171038747e-04 9.997649788856506348e-01
4.242442628310527653e-06 9.999957084655761719e-01
3.843773356493329629e-06 9.999961853027343750e-01
6.317730003502219915e-05 9.999368190765380859e-01
8.950914489105343819e-04 9.991049170494079590e-01
3.555794592102756724e-06 9.999964237213134766e-01
3.905155608663335443e-06 9.999960660934448242e-01
2.245767274871468544e-03 9.977542757987976074e-01
1.405507419258356094e-02 9.859449267387390137e-01
5.130723366164602339e-06 9.999948740005493164e-01
1.313006039708852768e-02 9.868699908256530762e-01
5.948489159345626831e-02 9.405150413513183594e-01
4.330536830821074545e-05 9.999567270278930664e-01
3.670172009151428938e-05 9.999632835388183594e-01
5.186402177059790120e-06 9.999947547912597656e-01
7.301893550902605057e-03 9.926981329917907715e-01
2.348752605030313134e-05 9.999765157699584961e-01
7.985790944076143205e-06 9.999920129776000977e-01
9.746702562551945448e-05 9.999024868011474609e-01
1.295365858823060989e-02 9.870463609695434570e-01
1.263259619008749723e-04 9.998736381530761719e-01
4.905291461909655482e-06 9.999951124191284180e-01
5.922694876790046692e-02 9.407730698585510254e-01
3.135048970580101013e-02 9.686494469642639160e-01
8.457641524728387594e-05 9.999153614044189453e-01
1.122665271395817399e-04 9.998877048492431641e-01
4.453841029317118227e-06 9.999955892562866211e-01
4.223312316753435880e-06 9.999958276748657227e-01
1.224593052029376850e-05 9.999877214431762695e-01
8.517057895660400391e-01 1.482942253351211548e-01
8.766561222728341818e-05 9.999123811721801758e-01
3.247224185543018393e-06 9.999967813491821289e-01
2.096482515335083008e-01 7.903517484664916992e-01
7.682977011427283287e-04 9.992316961288452148e-01
1.737724669510498643e-04 9.998262524604797363e-01
5.572144800680689514e-06 9.999943971633911133e-01
1.598167000338435173e-05 9.999840259552001953e-01
8.836394175887107849e-03 9.911636114120483398e-01
1.779498124960809946e-04 9.998220801353454590e-01
2.824215684086084366e-03 9.971758127212524414e-01
4.991787136532366276e-04 9.995007514953613281e-01
6.356251542456448078e-04 9.993644356727600098e-01
1.807412772905081511e-04 9.998193383216857910e-01
5.593046807916834950e-06 9.999943971633911133e-01
3.133944801447796635e-06 9.999969005584716797e-01
2.134574018418788910e-02 9.786542057991027832e-01
1.175080797111149877e-05 9.999881982803344727e-01
4.080083162989467382e-04 9.995920062065124512e-01
7.544710533693432808e-04 9.992455244064331055e-01
2.793856256175786257e-04 9.997206330299377441e-01
7.647577673196792603e-03 9.923524260520935059e-01
3.676025471577304415e-06 9.999963045120239258e-01
1.884795165096875280e-05 9.999811649322509766e-01
5.788721318822354078e-05 9.999420642852783203e-01
9.742186375660821795e-05 9.999026060104370117e-01
2.753925509750843048e-03 9.972461462020874023e-01
1.852756213338579983e-05 9.999815225601196289e-01
2.297342289239168167e-03 9.977026581764221191e-01
1.353624702460365370e-05 9.999864101409912109e-01
3.208312438800930977e-03 9.967916607856750488e-01
2.310290746390819550e-02 9.768971204757690430e-01
3.377456450834870338e-03 9.966225624084472656e-01
2.549432683736085892e-03 9.974505305290222168e-01
5.877884632354835048e-06 9.999941587448120117e-01
1.245248276973143220e-04 9.998754262924194336e-01
9.746878640726208687e-05 9.999024868011474609e-01
1.628320169402286410e-04 9.998371601104736328e-01
8.186869308701716363e-06 9.999917745590209961e-01
3.357243956997990608e-03 9.966428279876708984e-01
5.410839989781379700e-02 9.458916783332824707e-01
1.182390769827179611e-04 9.998817443847656250e-01
2.185912671848200262e-05 9.999781847000122070e-01
1.574130207300186157e-01 8.425869941711425781e-01
3.735805648830137216e-06 9.999963045120239258e-01
2.908477035816758871e-04 9.997090697288513184e-01
2.881850581616163254e-03 9.971181154251098633e-01
4.968674038536846638e-04 9.995031356811523438e-01
3.376316817593760788e-05 9.999662637710571289e-01
3.561944367902469821e-06 9.999964237213134766e-01
8.774841262493282557e-05 9.999122619628906250e-01
9.511179086985066533e-06 9.999904632568359375e-01
2.791154896840453148e-03 9.972088932991027832e-01
6.627410766668617725e-05 9.999337196350097656e-01
2.000309228897094727e-01 7.999690771102905273e-01
2.661429061845410615e-05 9.999734163284301758e-01
6.120057605585316196e-06 9.999939203262329102e-01
2.274023182690143585e-02 9.772597551345825195e-01
3.713661059737205505e-02 9.628633260726928711e-01
6.755912303924560547e-01 3.244087398052215576e-01
7.518522761529311538e-05 9.999247789382934570e-01
7.195360958576202393e-03 9.928045868873596191e-01
1.286756378249265254e-05 9.999871253967285156e-01
7.456879757228307426e-06 9.999924898147583008e-01
1.594534660398494452e-05 9.999840259552001953e-01
9.503235924057662487e-05 9.999049901962280273e-01
5.093957497592782602e-06 9.999948740005493164e-01
5.989826968288980424e-05 9.999401569366455078e-01
3.523792202031472698e-06 9.999964237213134766e-01
4.600525699061108753e-06 9.999953508377075195e-01
4.176459697191603482e-05 9.999582767486572266e-01
5.348887953005032614e-06 9.999946355819702148e-01
7.620937685715034604e-05 9.999238252639770508e-01
1.270639360882341862e-03 9.987294077873229980e-01
1.016926951706409454e-03 9.989830851554870605e-01
1.812410337151959538e-04 9.998187422752380371e-01
4.077704943483695388e-06 9.999959468841552734e-01
1.472265739721478894e-05 9.999852180480957031e-01
5.515006705536507070e-06 9.999945163726806641e-01
2.136832918040454388e-04 9.997863173484802246e-01
1.174571807496249676e-04 9.998825788497924805e-01
3.273657284807995893e-06 9.999967813491821289e-01
6.378800753736868501e-05 9.999362230300903320e-01
4.684003215515986085e-06 9.999953508377075195e-01
2.014255849644541740e-03 9.979857206344604492e-01
1.053066109307110310e-03 9.989469647407531738e-01
3.215487231500446796e-05 9.999678134918212891e-01
9.131688624620437622e-03 9.908683300018310547e-01
3.267297415732173249e-06 9.999967813491821289e-01
2.769511640071868896e-01 7.230488657951354980e-01
7.581331738037988544e-05 9.999241828918457031e-01
7.491135875170584768e-06 9.999924898147583008e-01
1.124640693888068199e-03 9.988753199577331543e-01
4.788528603967279196e-04 9.995211362838745117e-01
1.678216212894767523e-04 9.998321533203125000e-01
1.160269312094897032e-05 9.999884366989135742e-01
4.741683733300305903e-05 9.999525547027587891e-01
3.893235698342323303e-03 9.961068034172058105e-01
2.330789429834112525e-04 9.997668862342834473e-01
6.428644410334527493e-04 9.993571639060974121e-01
6.039024447090923786e-05 9.999395608901977539e-01
5.019452601118246093e-06 9.999949932098388672e-01
3.183462540619075298e-04 9.996817111968994141e-01
7.236533747345674783e-06 9.999927282333374023e-01
1.742586391628719866e-05 9.999825954437255859e-01
2.503568830434232950e-04 9.997496008872985840e-01
9.707810932013671845e-06 9.999903440475463867e-01
3.806134191108867526e-05 9.999619722366333008e-01
7.184781679825391620e-06 9.999928474426269531e-01
6.901596407260512933e-06 9.999930858612060547e-01
7.874125003581866622e-05 9.999212026596069336e-01
8.454296737909317017e-02 9.154570102691650391e-01
3.618050641307490878e-06 9.999964237213134766e-01
2.985932769661303610e-05 9.999701976776123047e-01
9.683226794004440308e-02 9.031676650047302246e-01
5.670682185154873878e-06 9.999942779541015625e-01
6.320810371107654646e-06 9.999936819076538086e-01
4.536152991931885481e-04 9.995463490486145020e-01
4.177521765232086182e-01 5.822477936744689941e-01
