9.779285788536071777e-01 2.207139320671558380e-02
2.595073543488979340e-03 9.974048733711242676e-01
1.656045913696289062e-01 8.343954682350158691e-01
1.656368523836135864e-01 8.343631625175476074e-01
9.700838327407836914e-01 2.991618961095809937e-02
1.620071852812543511e-04 9.998379945755004883e-01
9.674237966537475586e-01 3.257625550031661987e-02
5.912154301768168807e-05 9.999408721923828125e-01
8.538610935211181641e-01 1.461389511823654175e-01
1.686919033527374268e-01 8.313081264495849609e-01
9.996776580810546875e-01 3.223255625925958157e-04
5.756658911705017090e-01 4.243340790271759033e-01
9.511793851852416992e-01 4.882057756185531616e-02
5.520974397659301758e-01 4.479026198387145996e-01
6.629576086997985840e-01 3.370424509048461914e-01
6.400310667231678963e-04 9.993600249290466309e-01
5.902212262153625488e-01 4.097787141799926758e-01
4.904400091618299484e-03 9.950956106185913086e-01
9.888525009155273438e-01 1.114749815315008163e-02
2.151476219296455383e-02 9.784852862358093262e-01
2.937092185020446777e-01 7.062907814979553223e-01
2.313464792678132653e-04 9.997686743736267090e-01
9.356319904327392578e-01 6.436797976493835449e-02
2.049056440591812134e-02 9.795094132423400879e-01
9.950584173202514648e-01 4.941587336361408234e-03
9.997424483299255371e-01 2.575979451648890972e-04
1.954388916492462158e-01 8.045610785484313965e-01
9.786875844001770020e-01 2.131240256130695343e-02
1.411961168050765991e-01 8.588038682937622070e-01
2.652194797992706299e-01 7.347804903984069824e-01
9.852162599563598633e-01 1.478378288447856903e-02
8.548725843429565430e-01 1.451274305582046509e-01
9.769036173820495605e-01 2.309641800820827484e-02
9.998509883880615234e-01 1.490095892222598195e-04
3.974407911300659180e-01 6.025592088699340820e-01
8.456882238388061523e-01 1.543117463588714600e-01
9.988213181495666504e-01 1.178611884824931622e-03
1.712467783363536000e-04 9.998286962509155273e-01
9.702689647674560547e-01 2.973106503486633301e-02
9.912540316581726074e-01 8.746000006794929504e-03
2.862258851528167725e-01 7.137741446495056152e-01
9.754217863082885742e-01 2.457815408706665039e-02
5.005912389606237411e-03 9.949941039085388184e-01
8.112743496894836426e-03 9.918872714042663574e-01
9.952942728996276855e-01 4.705769941210746765e-03
2.458675880916416645e-04 9.997541308403015137e-01
6.611651927232742310e-02 9.338834285736083984e-01
1.473031879868358374e-04 9.998526573181152344e-01
9.388775229454040527e-01 6.112245097756385803e-02
1.008877307176589966e-01 8.991122841835021973e-01
1.698433794081211090e-02 9.830155968666076660e-01
3.773449659347534180e-01 6.226550340652465820e-01
3.908627200871706009e-03 9.960913062095642090e-01
9.996607303619384766e-01 3.393011284060776234e-04
8.741338253021240234e-01 1.258661448955535889e-01
1.546511521155480295e-05 9.999845027923583984e-01
9.964264035224914551e-01 3.573640482500195503e-03
6.954363584518432617e-01 3.045635819435119629e-01
9.909288287162780762e-01 9.071134962141513824e-03
1.187030375003814697e-01 8.812969923019409180e-01
9.186498522758483887e-01 8.135011047124862671e-02
5.339791178703308105e-01 4.660209119319915771e-01
9.858997464179992676e-01 1.410028338432312012e-02
9.264770746231079102e-01 7.352291047573089600e-02
7.603473495692014694e-04 9.992396831512451172e-01
1.552212685346603394e-01 8.447787165641784668e-01
7.700756937265396118e-02 9.229924082756042480e-01
1.003093272447586060e-01 8.996906876564025879e-01
6.764740347862243652e-01 3.235260248184204102e-01
2.226122766733169556e-01 7.773877978324890137e-01
6.746098995208740234e-01 3.253901004791259766e-01
9.442774653434753418e-01 5.572256073355674744e-02
8.218107223510742188e-01 1.781893372535705566e-01
7.530718576163053513e-04 9.992469549179077148e-01
5.183175206184387207e-01 4.816824793815612793e-01
3.709691017866134644e-02 9.629031419754028320e-01
9.940031170845031738e-01 5.996889900416135788e-03
9.906195402145385742e-01 9.380469098687171936e-03
9.632694721221923828e-02 9.036730527877807617e-01
7.452364563941955566e-01 2.547635436058044434e-01
7.652581334114074707e-01 2.347418963909149170e-01
1.220202259719371796e-02 9.877980351448059082e-01
4.664297103881835938e-01 5.335702896118164062e-01
2.037037163972854614e-02 9.796296358108520508e-01
2.937600947916507721e-02 9.706239700317382812e-01
7.848299741744995117e-01 2.151700109243392944e-01
9.885517358779907227e-01 1.144826691597700119e-02
9.988539218902587891e-01 1.146097783930599689e-03
8.705877065658569336e-01 1.294123232364654541e-01
9.490850567817687988e-01 5.091489106416702271e-02
9.976048469543457031e-01 2.395111136138439178e-03
9.982543587684631348e-01 1.745582441799342632e-03
2.086196690797805786e-01 7.913803458213806152e-01
1.177264843136072159e-02 9.882273077964782715e-01
7.695407271385192871e-01 2.304592281579971313e-01
5.722687020897865295e-02 9.427731633186340332e-01
9.842482209205627441e-01 1.575177721679210663e-02
9.957196116447448730e-01 4.280382301658391953e-03
8.295187354087829590e-01 1.704812347888946533e-01
1.788264065980911255e-01 8.211735486984252930e-01
9.923322200775146484e-01 7.667731028050184250e-03
9.992138147354125977e-01 7.861557533033192158e-04
6.347306370735168457e-01 3.652693927288055420e-01
9.332643151283264160e-01 6.673566251993179321e-02
2.437102198600769043e-01 7.562898397445678711e-01
8.782068034633994102e-04 9.991218447685241699e-01
3.900506496429443359e-01 6.099493503570556641e-01
9.988584518432617188e-01 1.141583663411438465e-03
9.991666078567504883e-01 8.334351587109267712e-04
1.480259466916322708e-02 9.851973652839660645e-01
9.971842169761657715e-01 2.815808402374386787e-03
2.529833093285560608e-02 9.747016429901123047e-01
9.893227219581604004e-01 1.067727431654930115e-02
3.978126347064971924e-01 6.021873950958251953e-01
4.659776687622070312e-01 5.340222716331481934e-01
9.115544557571411133e-01 8.844551444053649902e-02
3.346311450004577637e-01 6.653687953948974609e-01
5.561543002841062844e-05 9.999443292617797852e-01
9.690295457839965820e-01 3.097044490277767181e-02
9.896510839462280273e-01 1.034895610064268112e-02
9.997535347938537598e-01 2.464562130626291037e-04
1.453148946166038513e-02 9.854685664176940918e-01
2.056190967559814453e-01 7.943808436393737793e-01
2.549616992473602295e-02 9.745038151741027832e-01
4.496294260025024414e-01 5.503706336021423340e-01
7.279052734375000000e-01 2.720947563648223877e-01
5.353704839944839478e-02 9.464629292488098145e-01
1.802169281290844083e-04 9.998198151588439941e-01
1.387444734573364258e-01 8.612555265426635742e-01
5.403388058766722679e-04 9.994596838951110840e-01
9.998187422752380371e-01 1.812311820685863495e-04
9.997287392616271973e-01 2.711941779125481844e-04
1.256068348884582520e-01 8.743931651115417480e-01
9.998855590820312500e-01 1.144139678217470646e-04
2.440903633832931519e-01 7.559096217155456543e-01
3.530032234266400337e-03 9.964699745178222656e-01
5.979618430137634277e-01 4.020382165908813477e-01
9.866448044776916504e-01 1.335523650050163269e-02
9.860714077949523926e-01 1.392862387001514435e-02
1.126512652263045311e-03 9.988734126091003418e-01
8.610494136810302734e-01 1.389505267143249512e-01
4.582613706588745117e-01 5.417386293411254883e-01
9.053770303726196289e-01 9.462296962738037109e-02
5.065870936959981918e-03 9.949341416358947754e-01
1.305325627326965332e-01 8.694674372673034668e-01
6.696694344282150269e-02 9.330330491065979004e-01
9.933223128318786621e-01 6.677641998976469040e-03
1.993491605389863253e-04 9.998006224632263184e-01
5.529327392578125000e-01 4.470672905445098877e-01
1.866119168698787689e-02 9.813388586044311523e-01
6.431849598884582520e-01 3.568150401115417480e-01
9.218577761203050613e-04 9.990781545639038086e-01
9.145530462265014648e-01 8.544689416885375977e-02
1.533194724470376968e-02 9.846680760383605957e-01
9.842774868011474609e-01 1.572258211672306061e-02
6.690229056403040886e-04 9.993309974670410156e-01
9.747921824455261230e-01 2.520787343382835388e-02
2.539765834808349609e-01 7.460234165191650391e-01
8.966311216354370117e-01 1.033689528703689575e-01
9.970409274101257324e-01 2.959044883027672768e-03
8.933181166648864746e-01 1.066818609833717346e-01
3.752977587282657623e-03 9.962469935417175293e-01
9.560846090316772461e-01 4.391537606716156006e-02
5.172265693545341492e-03 9.948276877403259277e-01
7.201916575431823730e-01 2.798083424568176270e-01
9.311146140098571777e-01 6.888535618782043457e-02
3.021450340747833252e-02 9.697855114936828613e-01
3.964238800108432770e-03 9.960357546806335449e-01
2.511461079120635986e-01 7.488538622856140137e-01
2.917772345244884491e-02 9.708222150802612305e-01
8.446999788284301758e-01 1.553000658750534058e-01
2.477542161941528320e-01 7.522457838058471680e-01
8.514581322669982910e-01 1.485418826341629028e-01
3.127949684858322144e-02 9.687204957008361816e-01
7.108986377716064453e-01 2.891013920307159424e-01
9.255398809909820557e-02 9.074460268020629883e-01
2.396358102560043335e-01 7.603641748428344727e-01
5.312651395797729492e-02 9.468734860420227051e-01
7.875558733940124512e-02 9.212443828582763672e-01
9.997944235801696777e-01 2.056321682175621390e-04
6.428105235099792480e-01 3.571894168853759766e-01
3.121280460618436337e-04 9.996879100799560547e-01
4.851604998111724854e-01 5.148394703865051270e-01
9.852260947227478027e-01 1.477392297238111496e-02
2.739329040050506592e-01 7.260671257972717285e-01
9.998328685760498047e-01 1.671459467615932226e-04
9.955075979232788086e-01 4.492357838898897171e-03
5.568327382206916809e-03 9.944316744804382324e-01
7.212642431259155273e-01 2.787357866764068604e-01
9.997658133506774902e-01 2.342385414522141218e-04
2.538516819477081299e-01 7.461482882499694824e-01
1.622914373874664307e-01 8.377085328102111816e-01
6.892336606979370117e-01 3.107663393020629883e-01
7.441688179969787598e-01 2.558312118053436279e-01
