2.230337858200073242e-01 7.769662141799926758e-01
2.660176903009414673e-02 9.733982682228088379e-01
6.739902892149984837e-05 9.999326467514038086e-01
3.324378514662384987e-03 9.966756105422973633e-01
1.821440644562244415e-02 9.817855954170227051e-01
1.353411698801210150e-05 9.999864101409912109e-01
1.082651410251855850e-02 9.891735315322875977e-01
3.104626375716179609e-05 9.999690055847167969e-01
3.357501700520515442e-04 9.996643066406250000e-01
1.239813398569822311e-02 9.876018166542053223e-01
2.049262262880802155e-02 9.795073866844177246e-01
4.122737300349399447e-05 9.999587535858154297e-01
2.683901693671941757e-04 9.997316002845764160e-01
4.428312182426452637e-01 5.571687817573547363e-01
2.833895450748968869e-05 9.999716281890869141e-01
1.474699471145868301e-03 9.985253214836120605e-01
1.031954434438375756e-05 9.999896287918090820e-01
2.697918713092803955e-01 7.302081584930419922e-01
1.305718178628012538e-04 9.998694658279418945e-01
2.884305641055107117e-02 9.711569547653198242e-01
3.232153540011495352e-05 9.999676942825317383e-01
1.444275528192520142e-01 8.555724620819091797e-01
1.341274846345186234e-02 9.865872263908386230e-01
9.980643391609191895e-01 1.935684937052428722e-03
3.838358679786324501e-06 9.999961853027343750e-01
9.997469782829284668e-01 2.530000056140124798e-04
3.616175672505050898e-05 9.999638795852661133e-01
8.657154440879821777e-01 1.342845857143402100e-01
2.874426543712615967e-01 7.125573158264160156e-01
1.077048014849424362e-02 9.892295002937316895e-01
1.389369834214448929e-03 9.986106157302856445e-01
5.503301053977338597e-06 9.999945163726806641e-01
3.678421974182128906e-01 6.321578025817871094e-01
3.578449413180351257e-02 9.642154574394226074e-01
2.477860252838581800e-04 9.997522234916687012e-01
1.366524666082113981e-04 9.998633861541748047e-01
6.605427643080474809e-06 9.999934434890747070e-01
4.354436993598937988e-01 5.645563006401062012e-01
9.998294115066528320e-01 1.705179456621408463e-04
4.402817012305604294e-06 9.999955892562866211e-01
2.689313841983675957e-03 9.973107576370239258e-01
6.514371037483215332e-01 3.485628664493560791e-01
1.578056835569441319e-03 9.984219074249267578e-01
2.312419528607279062e-04 9.997687935829162598e-01
1.295125839533284307e-04 9.998704195022583008e-01
8.790629362920299172e-05 9.999121427536010742e-01
5.118925571441650391e-01 4.881074130535125732e-01
9.400926501257345080e-05 9.999059438705444336e-01
6.937007904052734375e-01 3.062992393970489502e-01
8.137636780738830566e-01 1.862362772226333618e-01
7.838288545608520508e-01 2.161711007356643677e-01
4.767970144748687744e-01 5.232029557228088379e-01
7.287668585777282715e-01 2.712330818176269531e-01
1.158011218649335206e-04 9.998841285705566406e-01
1.409337967634201050e-01 8.590661883354187012e-01
7.747269410174340010e-05 9.999225139617919922e-01
4.417381205712445080e-05 9.999557733535766602e-01
1.552240923047065735e-03 9.984477758407592773e-01
8.454658389091491699e-01 1.545341759920120239e-01
7.892333865165710449e-01 2.107666134834289551e-01
9.240618944168090820e-01 7.593815028667449951e-02
9.570511579513549805e-01 4.294886812567710876e-02
4.531374573707580566e-02 9.546862840652465820e-01
3.912012279033660889e-02 9.608798623085021973e-01
1.389664784073829651e-02 9.861034154891967773e-01
2.276782691478729248e-02 9.772321581840515137e-01
2.234053499705623835e-05 9.999777078628540039e-01
2.841309607028961182e-01 7.158690690994262695e-01
5.919911265373229980e-01 4.080088138580322266e-01
1.564986258745193481e-02 9.843500852584838867e-01
1.289835054194554687e-04 9.998710155487060547e-01
1.936160624027252197e-01 8.063839077949523926e-01
4.169697931502014399e-04 9.995830655097961426e-01
8.760596066713333130e-02 9.123939871788024902e-01
6.130641102790832520e-01 3.869358301162719727e-01
9.986609220504760742e-01 1.339094131253659725e-03
1.456150584999704733e-05 9.999854564666748047e-01
9.974113106727600098e-01 2.588707953691482544e-03
4.218670725822448730e-02 9.578132629394531250e-01
9.995433092117309570e-01 4.567535070236772299e-04
1.309073064476251602e-03 9.986909031867980957e-01
2.310649579158052802e-04 9.997689127922058105e-01
6.087535803089849651e-05 9.999390840530395508e-01
5.943227410316467285e-01 4.056772589683532715e-01
3.428502380847930908e-01 6.571497917175292969e-01
6.376301171258091927e-04 9.993624091148376465e-01
9.990910291671752930e-01 9.090109379030764103e-04
3.084199488512240350e-05 9.999691247940063477e-01
3.854849934577941895e-02 9.614515304565429688e-01
9.998780488967895508e-01 1.219165787915699184e-04
9.890551567077636719e-01 1.094480417668819427e-02
9.994963407516479492e-01 5.036878865212202072e-04
9.998782873153686523e-01 1.216896271216683090e-04
4.629702270030975342e-01 5.370297431945800781e-01
3.263833224773406982e-01 6.736167073249816895e-01
3.891299962997436523e-01 6.108700037002563477e-01
9.994087219238281250e-01 5.913284257985651493e-04
7.828447269275784492e-05 9.999216794967651367e-01
1.361219286918640137e-01 8.638781309127807617e-01
1.898832805454730988e-02 9.810116291046142578e-01
4.025053203804418445e-05 9.999597072601318359e-01
9.697713851928710938e-01 3.022861853241920471e-02
9.997498393058776855e-01 2.501462004147469997e-04
9.008499979972839355e-01 9.915002435445785522e-02
1.370307430624961853e-02 9.862968921661376953e-01
3.717978252097964287e-03 9.962820410728454590e-01
8.586337566375732422e-01 1.413662284612655640e-01
2.416150718927383423e-01 7.583849430084228516e-01
7.459764019586145878e-04 9.992540478706359863e-01
7.834211587905883789e-01 2.165788859128952026e-01
7.420344948768615723e-01 2.579655051231384277e-01
2.217829605797305703e-04 9.997782111167907715e-01
3.873139992356300354e-02 9.612685441970825195e-01
3.972460399381816387e-05 9.999603033065795898e-01
5.467568635940551758e-01 4.532431960105895996e-01
5.241287499666213989e-02 9.475871324539184570e-01
8.389510512351989746e-01 1.610489785671234131e-01
9.368377504870295525e-06 9.999905824661254883e-01
1.551939931232482195e-05 9.999845027923583984e-01
7.649507460882887244e-05 9.999234676361083984e-01
2.104289160342887044e-04 9.997895359992980957e-01
3.227683482691645622e-04 9.996773004531860352e-01
1.755846169544383883e-04 9.998244643211364746e-01
9.880751967430114746e-01 1.192483864724636078e-02
2.357873163418844342e-04 9.997642636299133301e-01
8.349356055259704590e-01 1.650643646717071533e-01
9.698595404624938965e-01 3.014046140015125275e-02
5.635590641759335995e-04 9.994364380836486816e-01
9.487915635108947754e-01 5.120845139026641846e-02
6.358614773489534855e-04 9.993641972541809082e-01
7.835063338279724121e-02 9.216493368148803711e-01
4.828174412250518799e-02 9.517182111740112305e-01
6.839108467102050781e-02 9.316089153289794922e-01
2.055058069527149200e-02 9.794493913650512695e-01
1.849601976573467255e-02 9.815039634704589844e-01
2.533145248889923096e-01 7.466854453086853027e-01
7.127807009965181351e-03 9.928721785545349121e-01
6.351741552352905273e-01 3.648258447647094727e-01
9.973095655441284180e-01 2.690503606572747231e-03
9.569603204727172852e-01 4.303966462612152100e-02
1.769319642335176468e-04 9.998231530189514160e-01
2.629493537824600935e-04 9.997370839118957520e-01
8.770309686660766602e-01 1.229691132903099060e-01
3.796650707954540849e-05 9.999620914459228516e-01
7.296041250228881836e-01 2.703958749771118164e-01
2.147966064512729645e-03 9.978520870208740234e-01
8.904968388378620148e-03 9.910950660705566406e-01
3.847074185614474118e-05 9.999614953994750977e-01
5.254536867141723633e-01 4.745463132858276367e-01
2.001988738775253296e-01 7.998010516166687012e-01
1.452639605849981308e-02 9.854736328125000000e-01
2.016540383920073509e-03 9.979834556579589844e-01
1.777411125658545643e-05 9.999822378158569336e-01
9.993927478790283203e-01 6.072508986108005047e-04
1.055409293621778488e-02 9.894458651542663574e-01
7.170746922492980957e-01 2.829253077507019043e-01
2.012857003137469292e-04 9.997987151145935059e-01
2.821274101734161377e-04 9.997178912162780762e-01
3.986749649047851562e-01 6.013250350952148438e-01
9.993132352828979492e-01 6.868027849122881889e-04
1.009122279356233776e-04 9.998990297317504883e-01
1.509322100901044905e-05 9.999848604202270508e-01
1.438080071238800883e-04 9.998561143875122070e-01
4.238093644380569458e-02 9.576190710067749023e-01
9.129407405853271484e-01 8.705922216176986694e-02
2.261995226144790649e-01 7.738004922866821289e-01
1.666621537879109383e-04 9.998333454132080078e-01
7.943604886531829834e-02 9.205639958381652832e-01
9.909769296646118164e-01 9.023033082485198975e-03
9.999017715454101562e-01 9.820760169532150030e-05
2.027308642864227295e-01 7.972691059112548828e-01
2.991025394294410944e-05 9.999700784683227539e-01
4.142696980125037953e-06 9.999958276748657227e-01
7.664892077445983887e-01 2.335107773542404175e-01
5.132590979337692261e-02 9.486740827560424805e-01
5.429556495073484257e-06 9.999945163726806641e-01
5.572855472564697266e-01 4.427144527435302734e-01
2.293363213539123535e-03 9.977066516876220703e-01
2.870745956897735596e-03 9.971292614936828613e-01
3.830445110797882080e-01 6.169554591178894043e-01
1.474249809980392456e-01 8.525750041007995605e-01
4.349726736545562744e-01 5.650272965431213379e-01
4.926808760501444340e-04 9.995073080062866211e-01
9.997597336769104004e-01 2.403016987955197692e-04
1.741784217301756144e-04 9.998258948326110840e-01
9.721393585205078125e-01 2.786067128181457520e-02
8.424013853073120117e-01 1.575985550880432129e-01
9.981831908226013184e-01 1.816796953789889812e-03
2.493413921911269426e-04 9.997506737709045410e-01
8.854863117448985577e-04 9.991144537925720215e-01
2.843894180841743946e-04 9.997156262397766113e-01
6.775903329980792478e-06 9.999932050704956055e-01
1.424201673216884956e-05 9.999858140945434570e-01
2.293165326118469238e-01 7.706834673881530762e-01
8.653763215988874435e-04 9.991346001625061035e-01
5.628474056720733643e-02 9.437153339385986328e-01
1.901743416965473443e-05 9.999809265136718750e-01
5.478055775165557861e-02 9.452194571495056152e-01
8.213733235606923699e-05 9.999178647994995117e-01
9.994706511497497559e-01 5.294167203828692436e-04
5.015240907669067383e-01 4.984759092330932617e-01
9.985346794128417969e-01 1.465320005081593990e-03
2.000234235310927033e-05 9.999799728393554688e-01
3.749273121356964111e-01 6.250727176666259766e-01
9.388470207341015339e-04 9.990611672401428223e-01
2.649696543812751770e-03 9.973503351211547852e-01
1.429336220026016235e-01 8.570663332939147949e-01
9.327847361564636230e-01 6.721526384353637695e-02
2.843158654286526144e-05 9.999715089797973633e-01
4.574224476527888328e-06 9.999954700469970703e-01
7.323863974306732416e-05 9.999268054962158203e-01
1.459908764809370041e-02 9.854009747505187988e-01
2.132688969140872359e-04 9.997867941856384277e-01
2.003058471018448472e-04 9.997996687889099121e-01
3.290246822871267796e-04 9.996709823608398438e-01
4.331868141889572144e-03 9.956681728363037109e-01
5.238662652118364349e-06 9.999947547912597656e-01
3.952105995267629623e-03 9.960479140281677246e-01
5.119022130966186523e-01 4.880977869033813477e-01
8.698760211700573564e-05 9.999129772186279297e-01
1.416789293289184570e-01 8.583210706710815430e-01
5.333718036126811057e-06 9.999946355819702148e-01
8.977801203727722168e-01 1.022198200225830078e-01
9.438962340354919434e-01 5.610372498631477356e-02
1.295363437384366989e-02 9.870463609695434570e-01
4.639177641365677118e-04 9.995361566543579102e-01
9.328707528766244650e-05 9.999066591262817383e-01
2.333374768495559692e-01 7.666624784469604492e-01
4.793513653567060828e-05 9.999520778656005859e-01
9.998922348022460938e-01 1.077665874618105590e-04
5.340774655342102051e-01 4.659225344657897949e-01
1.260897964239120483e-01 8.739101886749267578e-01
6.940648555755615234e-01 3.059352040290832520e-01
2.326396526768803596e-03 9.976735711097717285e-01
5.741107463836669922e-01 4.258891940116882324e-01
2.794735729694366455e-01 7.205264568328857422e-01
5.838502645492553711e-01 4.161497354507446289e-01
9.634494036436080933e-02 9.036550521850585938e-01
3.163455112371593714e-04 9.996836185455322266e-01
4.785507189808413386e-05 9.999521970748901367e-01
4.956356287002563477e-01 5.043643712997436523e-01
9.997866749763488770e-01 2.133553207386285067e-04
6.829487085342407227e-01 3.170512914657592773e-01
9.998093247413635254e-01 1.906938559841364622e-04
1.420317039446672425e-05 9.999858140945434570e-01
9.915199875831604004e-01 8.479989133775234222e-03
1.080295369029045105e-01 8.919703960418701172e-01
9.878012537956237793e-01 1.219866983592510223e-02
2.586057416920084506e-05 9.999741315841674805e-01
9.981999397277832031e-01 1.799988327547907829e-03
2.890902978833764791e-04 9.997108578681945801e-01
2.169359140680171549e-05 9.999783039093017578e-01
4.554316103458404541e-01 5.445684194564819336e-01
6.539970040321350098e-01 3.460030257701873779e-01
4.082127809524536133e-01 5.917872786521911621e-01
1.143009960651397705e-02 9.885699152946472168e-01
9.990751743316650391e-01 9.248036076314747334e-04
4.330066076363436878e-05 9.999567270278930664e-01
2.677849829196929932e-01 7.322149872779846191e-01
1.440560008632019162e-04 9.998558759689331055e-01
3.415234088897705078e-01 6.584765315055847168e-01
6.213233064045198262e-06 9.999938011169433594e-01
6.531529834319371730e-06 9.999934434890747070e-01
5.296781309880316257e-04 9.994702935218811035e-01
3.188722257618792355e-05 9.999681711196899414e-01
6.322318688035011292e-03 9.936776757240295410e-01
9.328696760348975658e-04 9.990671277046203613e-01
9.573580026626586914e-01 4.264201223850250244e-02
4.982053269486641511e-06 9.999949932098388672e-01
1.808200180530548096e-01 8.191800117492675781e-01
1.739138679113239050e-04 9.998261332511901855e-01
5.173553745407843962e-06 9.999948740005493164e-01
1.841351913753896952e-04 9.998158812522888184e-01
9.998291730880737305e-01 1.708113704808056355e-04
3.701137029565870762e-05 9.999630451202392578e-01
9.938634634017944336e-01 6.136538460850715637e-03
5.725122243165969849e-02 9.427487850189208984e-01
8.969528600573539734e-03 9.910304546356201172e-01
1.352846720692468807e-05 9.999865293502807617e-01
9.781098961830139160e-01 2.189011685550212860e-02
8.481668829917907715e-01 1.518331319093704224e-01
2.357738558202981949e-04 9.997642636299133301e-01
9.901015758514404297e-01 9.898410178720951080e-03
4.324871042626909912e-06 9.999957084655761719e-01
9.862689375877380371e-01 1.373108010739088058e-02
3.606367111206054688e-01 6.393633484840393066e-01
9.990370273590087891e-01 9.629851556383073330e-04
6.398335099220275879e-04 9.993601441383361816e-01
1.228600558533798903e-05 9.999877214431762695e-01
1.452664881944656372e-01 8.547335267066955566e-01
8.411251306533813477e-01 1.588748991489410400e-01
8.454712033271789551e-01 1.545287817716598511e-01
9.998617172241210938e-01 1.383197668474167585e-04
2.481167316436767578e-01 7.518832683563232422e-01
9.785452857613563538e-05 9.999021291732788086e-01
1.342198252677917480e-01 8.657801747322082520e-01
3.056491315364837646e-01 6.943508386611938477e-01
1.640755087137222290e-01 8.359245061874389648e-01
2.375371841480955482e-04 9.997624754905700684e-01
1.149358940892852843e-04 9.998850822448730469e-01
6.922123720869421959e-04 9.993077516555786133e-01
6.056043639546260238e-05 9.999394416809082031e-01
6.838495284318923950e-02 9.316149950027465820e-01
2.005576044321060181e-01 7.994423508644104004e-01
9.799751639366149902e-01 2.002485468983650208e-02
6.220331415534019470e-02 9.377966523170471191e-01
6.702495156787335873e-04 9.993298053741455078e-01
4.837579908780753613e-04 9.995162487030029297e-01
4.242491908371448517e-03 9.957575201988220215e-01
7.080614068399881944e-06 9.999929666519165039e-01
9.742159247398376465e-01 2.578402310609817505e-02
9.952827095985412598e-01 4.717258736491203308e-03
6.971089243888854980e-01 3.028911054134368896e-01
6.751595064997673035e-04 9.993249177932739258e-01
1.309160288656130433e-04 9.998691082000732422e-01
9.602015779819339514e-06 9.999903440475463867e-01
2.337461628485471010e-04 9.997662901878356934e-01
2.186863566748797894e-04 9.997813105583190918e-01
9.999004602432250977e-01 9.956145368050783873e-05
2.019514143466949463e-02 9.798048734664916992e-01
9.369154572486877441e-01 6.308455765247344971e-02
2.869816307793371379e-05 9.999712705612182617e-01
2.545799016952514648e-01 7.454200983047485352e-01
6.289495649980381131e-05 9.999370574951171875e-01
1.796843856573104858e-01 8.203155994415283203e-01
4.184566736221313477e-01 5.815433263778686523e-01
4.300094733480364084e-04 9.995699524879455566e-01
1.058821217156946659e-03 9.989412426948547363e-01
6.211577057838439941e-01 3.788422644138336182e-01
1.794456147763412446e-05 9.999819993972778320e-01
4.390662361402064562e-04 9.995608925819396973e-01
2.877497754525393248e-04 9.997121691703796387e-01
8.087694048881530762e-01 1.912305653095245361e-01
9.956915974617004395e-01 4.308419767767190933e-03
1.101273228414356709e-03 9.988987445831298828e-01
3.107892721891403198e-02 9.689211249351501465e-01
1.717232044029515237e-05 9.999828338623046875e-01
5.165777401998639107e-04 9.994833469390869141e-01
9.987958669662475586e-01 1.204136642627418041e-03
7.057779293972998857e-05 9.999294281005859375e-01
9.342824667692184448e-02 9.065717458724975586e-01
4.102610400877892971e-04 9.995897412300109863e-01
6.052600145339965820e-01 3.947399854660034180e-01
9.998208880424499512e-01 1.791440736269578338e-04
9.960684776306152344e-01 3.931517712771892548e-03
2.246816293336451054e-04 9.997753500938415527e-01
4.559025913476943970e-02 9.544097781181335449e-01
4.064919650554656982e-01 5.935080051422119141e-01
9.868343472480773926e-01 1.316564716398715973e-02
1.198815763927996159e-03 9.988012313842773438e-01
7.874144315719604492e-01 2.125855982303619385e-01
8.347696857526898384e-04 9.991652965545654297e-01
1.175279066956136376e-05 9.999881982803344727e-01
9.913507699966430664e-01 8.649245835840702057e-03
3.072373569011688232e-01 6.927626729011535645e-01
9.315482974052429199e-01 6.845171004533767700e-02
9.630658626556396484e-01 3.693414479494094849e-02
1.951583661139011383e-03 9.980484247207641602e-01
6.342696547508239746e-01 3.657303452491760254e-01
2.103179722325876355e-04 9.997896552085876465e-01
9.787622094154357910e-01 2.123781479895114899e-02
9.998501539230346680e-01 1.498271158197894692e-04
9.990081936120986938e-02 9.000991582870483398e-01
1.605959841981530190e-03 9.983940720558166504e-01
1.007899758405983448e-03 9.989921450614929199e-01
7.731232047080993652e-01 2.268768250942230225e-01
4.114622788620181382e-05 9.999588727951049805e-01
7.987733185291290283e-02 9.201226234436035156e-01
1.093623868655413389e-04 9.998906850814819336e-01
1.113360631279647350e-03 9.988866448402404785e-01
6.128379702568054199e-01 3.871620893478393555e-01
9.070418775081634521e-03 9.909295439720153809e-01
9.401971101760864258e-01 5.980293080210685730e-02
5.002481630071997643e-04 9.994997978210449219e-01
9.997020363807678223e-01 2.979917044285684824e-04
3.590566515922546387e-01 6.409434080123901367e-01
1.804173551499843597e-02 9.819582104682922363e-01
7.220888733863830566e-01 2.779111266136169434e-01
9.980003237724304199e-01 1.999665284529328346e-03
6.973672952881315723e-06 9.999930858612060547e-01
2.792695304378867149e-04 9.997207522392272949e-01
6.350982189178466797e-01 3.649017810821533203e-01
9.993349909782409668e-01 6.650244467891752720e-04
1.176732406020164490e-02 9.882326722145080566e-01
6.436579823493957520e-01 3.563419580459594727e-01
6.604880327358841896e-04 9.993395209312438965e-01
7.732569429208524525e-06 9.999922513961791992e-01
5.112534854561090469e-04 9.994887113571166992e-01
8.611138910055160522e-04 9.991388320922851562e-01
7.434252620441839099e-05 9.999256134033203125e-01
3.307415172457695007e-04 9.996693134307861328e-01
5.338534712791442871e-03 9.946615099906921387e-01
1.951738231582567096e-04 9.998047947883605957e-01
9.996644258499145508e-01 3.355280787218362093e-04
1.724730432033538818e-02 9.827526807785034180e-01
8.723745850147679448e-06 9.999912977218627930e-01
4.965788125991821289e-01 5.034211874008178711e-01
9.006379842758178711e-01 9.936200827360153198e-02
5.715422958019189537e-05 9.999428987503051758e-01
9.998644590377807617e-01 1.354942942271009088e-04
8.788053989410400391e-01 1.211946308612823486e-01
1.591156935319304466e-03 9.984088540077209473e-01
1.822687336243689060e-04 9.998177886009216309e-01
9.992846846580505371e-01 7.153783226385712624e-04
8.999426662921905518e-02 9.100058078765869141e-01
6.368054449558258057e-02 9.363194704055786133e-01
8.875555396080017090e-01 1.124444529414176941e-01
6.292837858200073242e-01 3.707162737846374512e-01
4.607727532857097685e-05 9.999538660049438477e-01
1.280764862895011902e-02 9.871923923492431641e-01
1.114366314141079783e-04 9.998885393142700195e-01
4.437477327883243561e-04 9.995562434196472168e-01
1.814374327659606934e-02 9.818562865257263184e-01
9.769316315650939941e-01 2.306835725903511047e-02
9.955631494522094727e-01 4.436921793967485428e-03
7.528254389762878418e-02 9.247174859046936035e-01
6.790700717829167843e-04 9.993209838867187500e-01
9.993578791618347168e-01 6.421806756407022476e-04
4.490096398512832820e-05 9.999550580978393555e-01
1.546110259369015694e-03 9.984538555145263672e-01
3.246091073378920555e-04 9.996753931045532227e-01
9.930868744850158691e-01 6.913050077855587006e-03
4.139286000281572342e-03 9.958607554435729980e-01
9.996790885925292969e-01 3.208967100363224745e-04
3.197016119956970215e-01 6.802983283996582031e-01
8.802205324172973633e-01 1.197794973850250244e-01
9.229832291603088379e-01 7.701680064201354980e-02
2.362384984735399485e-04 9.997637867927551270e-01
9.820581078529357910e-01 1.794181019067764282e-02
4.859565198421478271e-01 5.140434503555297852e-01
1.011359738186001778e-03 9.989886879920959473e-01
5.608228221535682678e-02 9.439176917076110840e-01
1.197954788804054260e-01 8.802045583724975586e-01
6.543062925338745117e-01 3.456936776638031006e-01
3.099788500549038872e-06 9.999969005584716797e-01
9.048663973808288574e-01 9.513366967439651489e-02
9.973921775817871094e-01 2.607813570648431778e-03
8.167820982635021210e-03 9.918321371078491211e-01
9.996109604835510254e-01 3.891189408022910357e-04
8.111397027969360352e-01 1.888603121042251587e-01
9.112310409545898438e-01 8.876891434192657471e-02
9.594790637493133545e-03 9.904051423072814941e-01
2.342390865087509155e-01 7.657609581947326660e-01
2.580896718427538872e-03 9.974191188812255859e-01
3.662217059172689915e-04 9.996337890625000000e-01
4.496031999588012695e-01 5.503968596458435059e-01
9.976281523704528809e-01 2.371839713305234909e-03
9.997697472572326660e-01 2.302905631950125098e-04
1.315105855464935303e-01 8.684893846511840820e-01
5.306454841047525406e-05 9.999469518661499023e-01
2.352961339056491852e-02 9.764703512191772461e-01
6.058920025825500488e-01 3.941079974174499512e-01
5.658691525459289551e-01 4.341308474540710449e-01
3.447453309490811080e-06 9.999965429306030273e-01
6.968385423533618450e-05 9.999302625656127930e-01
9.074255824089050293e-01 9.257437288761138916e-02
9.939280748367309570e-01 6.071954499930143356e-03
1.598452180624008179e-01 8.401548266410827637e-01
7.650523781776428223e-01 2.349476218223571777e-01
9.998373985290527344e-01 1.625323202461004257e-04
1.012169406749308109e-03 9.989878535270690918e-01
1.032885834574699402e-01 8.967114090919494629e-01
1.486948430538177490e-01 8.513051867485046387e-01
6.824294541729614139e-05 9.999316930770874023e-01
1.557636191137135029e-03 9.984423518180847168e-01
9.966795444488525391e-01 3.320483025163412094e-03
7.619872093200683594e-01 2.380128055810928345e-01
1.918106824159622192e-01 8.081893920898437500e-01
4.787470102310180664e-01 5.212529897689819336e-01
2.487932592630386353e-01 7.512067556381225586e-01
4.510236084461212158e-01 5.489764213562011719e-01
1.038021966814994812e-02 9.896197915077209473e-01
1.714757680892944336e-01 8.285242319107055664e-01
6.229808786883950233e-05 9.999376535415649414e-01
9.928755760192871094e-01 7.124443538486957550e-03
1.114660699386149645e-04 9.998885393142700195e-01
9.697667956352233887e-01 3.023319691419601440e-02
4.042520746588706970e-02 9.595748186111450195e-01
3.217563033103942871e-02 9.678243398666381836e-01
2.207356970757246017e-03 9.977926015853881836e-01
9.798413515090942383e-01 2.015866339206695557e-02
4.128780215978622437e-02 9.587122201919555664e-01
6.894023418426513672e-01 3.105976283550262451e-01
2.766413390636444092e-01 7.233586311340332031e-01
4.547159746289253235e-02 9.545284509658813477e-01
5.120069906115531921e-02 9.487993121147155762e-01
3.669077123049646616e-04 9.996330738067626953e-01
6.849271012470126152e-04 9.993150234222412109e-01
9.441446065902709961e-01 5.585539340972900391e-02
9.948118925094604492e-01 5.188085604459047318e-03
1.568755018524825573e-03 9.984312653541564941e-01
2.461167052388191223e-03 9.975388050079345703e-01
5.395841319113969803e-03 9.946041703224182129e-01
5.308643449097871780e-04 9.994691014289855957e-01
7.242512702941894531e-01 2.757486999034881592e-01
4.259844124317169189e-01 5.740155577659606934e-01
9.998997449874877930e-01 1.002319841063581407e-04
9.936532974243164062e-01 6.346690468490123749e-03
9.998575448989868164e-01 1.424796646460890770e-04
2.670534700155258179e-02 9.732946753501892090e-01
2.080287318676710129e-03 9.979197382926940918e-01
4.226312637329101562e-01 5.773687362670898438e-01
9.985225796699523926e-01 1.477391342632472515e-03
2.347053123230580240e-05 9.999765157699584961e-01
4.266353547573089600e-01 5.733646154403686523e-01
1.912426017224788666e-02 9.808757305145263672e-01
4.392965365695999935e-06 9.999955892562866211e-01
3.797017370743560605e-06 9.999961853027343750e-01
9.998286962509155273e-01 1.713014935376122594e-04
4.621787593350745738e-05 9.999537467956542969e-01
1.245628460310399532e-03 9.987543821334838867e-01
5.290253162384033203e-01 4.709746837615966797e-01
4.193460335955023766e-05 9.999580383300781250e-01
1.000157135422341526e-05 9.999899864196777344e-01
8.012501001358032227e-01 1.987498700618743896e-01
1.039493246935307980e-03 9.989604949951171875e-01
1.052751578390598297e-02 9.894724488258361816e-01
4.123363196849822998e-01 5.876637101173400879e-01
5.449653690448030829e-05 9.999455213546752930e-01
4.906036257743835449e-01 5.093963742256164551e-01
3.759374958463013172e-04 9.996240139007568359e-01
9.842893481254577637e-01 1.571061462163925171e-02
9.391449689865112305e-01 6.085503473877906799e-02
9.993922710418701172e-01 6.077291327528655529e-04
9.509724378585815430e-01 4.902749136090278625e-02
9.998826980590820312e-01 1.173310229205526412e-04
1.052759587764739990e-02 9.894724488258361816e-01
9.997109770774841309e-01 2.890249888878315687e-04
1.396820698573719710e-05 9.999860525131225586e-01
5.448634055937873200e-06 9.999945163726806641e-01
1.459403847547946498e-05 9.999854564666748047e-01
7.818711996078491211e-01 2.181288003921508789e-01
9.998625516891479492e-01 1.374137209495529532e-04
5.245452374219894409e-02 9.475455284118652344e-01
1.048578633344732225e-04 9.998950958251953125e-01
9.636928007239475846e-05 9.999036788940429688e-01
9.998683929443359375e-01 1.315925037488341331e-04
1.570285880006849766e-03 9.984297156333923340e-01
9.982873797416687012e-01 1.712547498755156994e-03
9.162490367889404297e-01 8.375094085931777954e-02
3.090732789132744074e-04 9.996910095214843750e-01
1.377571752527728677e-04 9.998621940612792969e-01
4.628797341865720227e-06 9.999953508377075195e-01
9.995787739753723145e-01 4.211723862681537867e-04
7.087340054567903280e-05 9.999290704727172852e-01
9.994375109672546387e-01 5.625136545859277248e-04
2.661117759998887777e-04 9.997338652610778809e-01
5.428187251091003418e-01 4.571812748908996582e-01
1.146699560194974765e-05 9.999885559082031250e-01
5.336801987141370773e-03 9.946631193161010742e-01
6.337548792362213135e-02 9.366245269775390625e-01
2.765177488327026367e-01 7.234822511672973633e-01
9.825965166091918945e-01 1.740354672074317932e-02
9.625705480575561523e-01 3.742939978837966919e-02
4.771270453929901123e-01 5.228729248046875000e-01
9.090179800987243652e-01 9.098201990127563477e-02
1.684843897819519043e-01 8.315156102180480957e-01
1.251489575952291489e-02 9.874851107597351074e-01
6.755127287760842592e-06 9.999932050704956055e-01
5.463573932647705078e-01 4.536426067352294922e-01
9.896854162216186523e-01 1.031461171805858612e-02
3.346061703268787824e-06 9.999966621398925781e-01
1.543355938338208944e-05 9.999846220016479492e-01
8.429750778304878622e-06 9.999915361404418945e-01
1.590874642133712769e-01 8.409125208854675293e-01
4.011209905147552490e-01 5.988790392875671387e-01
7.696484923362731934e-01 2.303515076637268066e-01
2.426822483539581299e-02 9.757317900657653809e-01
1.493371576070785522e-01 8.506628870964050293e-01
5.965194304735632613e-06 9.999940395355224609e-01
1.338595803827047348e-02 9.866140484809875488e-01
9.971662163734436035e-01 2.833794569596648216e-03
2.538957865908741951e-03 9.974609613418579102e-01
7.567933644168078899e-04 9.992432594299316406e-01
9.983519315719604492e-01 1.648052828386425972e-03
9.998854398727416992e-01 1.145959904533810914e-04
8.843636023811995983e-04 9.991156458854675293e-01
3.930934071540832520e-01 6.069065928459167480e-01
6.668604910373687744e-04 9.993330836296081543e-01
9.998553991317749023e-01 1.445957605028524995e-04
9.935944676399230957e-01 6.405587308108806610e-03
6.718694930896162987e-04 9.993281364440917969e-01
4.509178324951790273e-06 9.999954700469970703e-01
1.063768140738829970e-04 9.998936653137207031e-01
9.992169141769409180e-01 7.830211543478071690e-04
5.023322046326939017e-06 9.999949932098388672e-01
5.410233139991760254e-01 4.589766561985015869e-01
1.197150535881519318e-02 9.880285263061523438e-01
1.292625963687896729e-01 8.707374334335327148e-01
7.936917245388031006e-03 9.920631051063537598e-01
9.997499585151672363e-01 2.499814436305314302e-04
9.888644218444824219e-01 1.113560982048511505e-02
1.000012736767530441e-02 9.899999499320983887e-01
5.895788595080375671e-02 9.410420656204223633e-01
1.635416001081466675e-01 8.364583849906921387e-01
9.338193194707855582e-06 9.999907016754150391e-01
7.795681953430175781e-01 2.204318344593048096e-01
4.043964147567749023e-01 5.956035852432250977e-01
5.178308929316699505e-04 9.994822144508361816e-01
3.597864136099815369e-02 9.640213251113891602e-01
3.442009538412094116e-02 9.655799269676208496e-01
4.394725328893400729e-05 9.999560117721557617e-01
1.339012669632211328e-04 9.998661279678344727e-01
3.592349457903765142e-05 9.999641180038452148e-01
2.397164404392242432e-01 7.602835297584533691e-01
9.925469756126403809e-01 7.453062571585178375e-03
1.802824670448899269e-03 9.981971383094787598e-01
2.915391325950622559e-01 7.084608674049377441e-01
9.998120665550231934e-01 1.879652845673263073e-04
9.997217059135437012e-01 2.783293311949819326e-04
9.779305401025339961e-05 9.999022483825683594e-01
5.408138968050479889e-04 9.994592070579528809e-01
2.241595211671665311e-04 9.997758269309997559e-01
3.199573978781700134e-02 9.680042862892150879e-01
4.816953465342521667e-02 9.518305063247680664e-01
6.381882940331706777e-06 9.999935626983642578e-01
3.116235802735900506e-06 9.999969005584716797e-01
9.892870187759399414e-01 1.071300543844699860e-02
3.922025371139170602e-06 9.999960660934448242e-01
8.223916888236999512e-01 1.776083409786224365e-01
8.206859638448804617e-05 9.999179840087890625e-01
8.210795931518077850e-05 9.999178647994995117e-01
4.487378173507750034e-04 9.995512366294860840e-01
4.139579236507415771e-01 5.860420465469360352e-01
6.597726345062255859e-01 3.402273654937744141e-01
7.603850364685058594e-01 2.396149933338165283e-01
9.381315112113952637e-01 6.186844408512115479e-02
1.287012855755165219e-05 9.999871253967285156e-01
9.998205304145812988e-01 1.794615527614951134e-04
8.994245529174804688e-02 9.100574851036071777e-01
9.923789501190185547e-01 7.621109485626220703e-03
1.434122441423824057e-05 9.999856948852539062e-01
9.557000994682312012e-01 4.429985955357551575e-02
2.111594949383288622e-04 9.997888207435607910e-01
6.826931610703468323e-03 9.931730628013610840e-01
5.525674205273389816e-03 9.944743514060974121e-01
1.600458490429446101e-04 9.998399019241333008e-01
5.371099114418029785e-01 4.628901481628417969e-01
3.462616726756095886e-02 9.653738141059875488e-01
9.995799660682678223e-01 4.200491239316761494e-04
9.674589037895202637e-01 3.254108503460884094e-02
8.395598269999027252e-04 9.991604089736938477e-01
7.769611477851867676e-01 2.230388224124908447e-01
6.256362888962030411e-03 9.937435984611511230e-01
4.413579517859034240e-05 9.999558925628662109e-01
9.997276663780212402e-01 2.722846402321010828e-04
1.327833888353779912e-04 9.998672008514404297e-01
5.366781726479530334e-03 9.946331977844238281e-01
9.998954534530639648e-01 1.045809767674654722e-04
5.266798138618469238e-01 4.733201861381530762e-01
1.470229763071984053e-04 9.998530149459838867e-01
1.219890778884291649e-03 9.987800717353820801e-01
1.486242264509201050e-01 8.513757586479187012e-01
2.789780199527740479e-01 7.210220098495483398e-01
9.998831748962402344e-01 1.168364251498132944e-04
1.050362043315544724e-04 9.998949766159057617e-01
8.963733911514282227e-01 1.036266237497329712e-01
9.097599387168884277e-01 9.024009853601455688e-02
9.997010827064514160e-01 2.988674386870115995e-04
3.011974971741437912e-03 9.969879984855651855e-01
9.954769015312194824e-01 4.523140378296375275e-03
4.509898424148559570e-01 5.490102171897888184e-01
1.041425930452533066e-04 9.998958110809326172e-01
2.203509509563446045e-01 7.796490788459777832e-01
3.452474717050790787e-03 9.965475201606750488e-01
1.406534138368442655e-04 9.998593330383300781e-01
7.308756932616233826e-03 9.926912188529968262e-01
7.137350621633231640e-04 9.992862343788146973e-01
3.716925275512039661e-04 9.996283054351806641e-01
4.761675954796373844e-04 9.995238780975341797e-01
1.946099698543548584e-01 8.053900003433227539e-01
3.681012243032455444e-02 9.631899595260620117e-01
8.510082843713462353e-04 9.991489648818969727e-01
1.815397081372793764e-05 9.999818801879882812e-01
9.994412064552307129e-01 5.587341729551553726e-04
4.368022564449347556e-05 9.999563694000244141e-01
5.538381519727408886e-04 9.994460940361022949e-01
2.258747816085815430e-01 7.741252183914184570e-01
7.818711996078491211e-01 2.181288003921508789e-01
2.282534353435039520e-02 9.771746993064880371e-01
7.984149269759654999e-03 9.920158386230468750e-01
9.066893458366394043e-01 9.331072866916656494e-02
9.845387935638427734e-01 1.546126697212457657e-02
9.711167216300964355e-01 2.888328768312931061e-02
1.313093025237321854e-02 9.868690371513366699e-01
3.430174183449707925e-05 9.999656677246093750e-01
4.009587317705154419e-02 9.599041342735290527e-01
3.654474159702658653e-03 9.963455796241760254e-01
9.779384136199951172e-01 2.206154726445674896e-02
3.964108880609273911e-03 9.960358738899230957e-01
3.361161947250366211e-01 6.638838648796081543e-01
1.033593343890970573e-05 9.999896287918090820e-01
7.176064627856248990e-06 9.999928474426269531e-01
2.012649774551391602e-01 7.987350821495056152e-01
9.956604838371276855e-01 4.339523613452911377e-03
6.183581352233886719e-01 3.816418349742889404e-01
6.829487085342407227e-01 3.170512914657592773e-01
9.994997978210449219e-01 5.001522949896752834e-04
9.370180778205394745e-04 9.990629553794860840e-01
8.513694774592295289e-05 9.999148845672607422e-01
9.969237446784973145e-01 3.076279535889625549e-03
9.887917041778564453e-01 1.120834518224000931e-02
3.612109422683715820e-01 6.387889981269836426e-01
9.995777010917663574e-01 4.222936695441603661e-04
6.928696036338806152e-01 3.071303963661193848e-01
1.134665217250585556e-02 9.886533617973327637e-01
9.238659739494323730e-01 7.613401859998703003e-02
3.665766716003417969e-01 6.334233880043029785e-01
6.497486901935189962e-05 9.999350309371948242e-01
5.980956120765767992e-05 9.999401569366455078e-01
4.027758911252021790e-02 9.597223997116088867e-01
3.335378766059875488e-01 6.664621233940124512e-01
9.906815886497497559e-01 9.318452328443527222e-03
6.736913323402404785e-01 3.263086378574371338e-01
7.984911650419235229e-02 9.201508760452270508e-01
2.608241438865661621e-01 7.391758561134338379e-01
9.478740096092224121e-01 5.212604627013206482e-02
3.891832828521728516e-01 6.108167171478271484e-01
2.293310826644301414e-03 9.977066516876220703e-01
6.477395800175145268e-06 9.999935626983642578e-01
3.030908555956557393e-05 9.999697208404541016e-01
9.128912687301635742e-01 8.710870891809463501e-02
3.563243430107831955e-03 9.964367151260375977e-01
1.052799598255660385e-05 9.999895095825195312e-01
3.963176568504422903e-04 9.996036887168884277e-01
6.400540471076965332e-01 3.599459528923034668e-01
1.260249409824609756e-04 9.998739957809448242e-01
3.765934333205223083e-02 9.623406529426574707e-01
1.850099675357341766e-02 9.814990162849426270e-01
1.212012395262718201e-02 9.878799319267272949e-01
1.203037390951067209e-05 9.999879598617553711e-01
3.430586773902177811e-03 9.965693950653076172e-01
8.981569408206269145e-06 9.999910593032836914e-01
7.920151352882385254e-01 2.079848796129226685e-01
5.108185578137636185e-04 9.994891881942749023e-01
2.925814260379411280e-05 9.999707937240600586e-01
7.720205758232623339e-06 9.999922513961791992e-01
3.110450506210327148e-02 9.688954949378967285e-01
9.885912537574768066e-01 1.140876207500696182e-02
3.473340068012475967e-03 9.965266585350036621e-01
8.378388884011656046e-05 9.999161958694458008e-01
9.233861416578292847e-02 9.076613783836364746e-01
2.092352956533432007e-01 7.907647490501403809e-01
6.560108661651611328e-01 3.439891040325164795e-01
1.841055345721542835e-04 9.998158812522888184e-01
8.365985195268876851e-06 9.999916553497314453e-01
3.078489564359188080e-02 9.692150950431823730e-01
1.191342249512672424e-03 9.988086223602294922e-01
8.949398994445800781e-01 1.050600931048393250e-01
5.526915658265352249e-03 9.944730401039123535e-01
9.992046952247619629e-01 7.953201420605182648e-04
2.029211074113845825e-02 9.797078967094421387e-01
3.907956124749034643e-05 9.999608993530273438e-01
4.340277612209320068e-01 5.659722685813903809e-01
5.175658734515309334e-04 9.994823932647705078e-01
2.139775082468986511e-02 9.786022901535034180e-01
3.254472045227885246e-03 9.967454671859741211e-01
9.964905381202697754e-01 3.509392961859703064e-03
6.089439392089843750e-01 3.910560607910156250e-01
2.384993582963943481e-01 7.615006566047668457e-01
9.890702962875366211e-01 1.092962734401226044e-02
2.264856845140457153e-01 7.735143303871154785e-01
3.527675289660692215e-04 9.996472597122192383e-01
9.960048794746398926e-01 3.995086997747421265e-03
5.227583187661366537e-06 9.999947547912597656e-01
5.067697539925575256e-02 9.493229985237121582e-01
1.064878524630330503e-04 9.998935461044311523e-01
7.999765276908874512e-01 2.000234723091125488e-01
3.287036379333585501e-04 9.996713399887084961e-01
9.664664685260504484e-05 9.999033212661743164e-01
5.969104677205905318e-05 9.999402761459350586e-01
1.418373882770538330e-01 8.581625819206237793e-01
1.845177146606147289e-03 9.981548190116882324e-01
1.351286337012425065e-04 9.998648166656494141e-01
9.998102784156799316e-01 1.897626498248428106e-04
1.370071549899876118e-03 9.986299276351928711e-01
3.471117524895817041e-04 9.996528625488281250e-01
8.947954773902893066e-01 1.052045226097106934e-01
2.498425601515918970e-04 9.997501969337463379e-01
9.365732073783874512e-01 6.342682242393493652e-02
9.960966417565941811e-04 9.990039467811584473e-01
1.887815597001463175e-05 9.999811649322509766e-01
5.247983062872663140e-05 9.999475479125976562e-01
1.411673147231340408e-02 9.858832955360412598e-01
6.731661414960399270e-05 9.999326467514038086e-01
9.478841423988342285e-01 5.211580172181129456e-02
6.190046072006225586e-01 3.809953927993774414e-01
5.366361737251281738e-01 4.633637964725494385e-01
2.348777052247896791e-04 9.997650980949401855e-01
8.543922901153564453e-01 1.456076651811599731e-01
2.956235967576503754e-02 9.704377055168151855e-01
2.531187832355499268e-01 7.468811869621276855e-01
9.959653615951538086e-01 4.034607671201229095e-03
2.239676541648805141e-05 9.999775886535644531e-01
1.977579891681671143e-01 8.022419810295104980e-01
1.044613420963287354e-01 8.955386281013488770e-01
6.218667626380920410e-01 3.781332671642303467e-01
6.281252950429916382e-03 9.937187433242797852e-01
4.317726939916610718e-03 9.956822395324707031e-01
2.346314795431680977e-05 9.999765157699584961e-01
3.164242953062057495e-03 9.968357682228088379e-01
4.230467379093170166e-01 5.769532322883605957e-01
1.584551669657230377e-02 9.841544628143310547e-01
3.395353996893391013e-05 9.999660253524780273e-01
9.997134804725646973e-01 2.865564019884914160e-04
9.990775585174560547e-01 9.224693640135228634e-04
1.042797248373972252e-05 9.999896287918090820e-01
9.978790283203125000e-01 2.120993332937359810e-03
6.313541089184582233e-04 9.993686079978942871e-01
8.371061682701110840e-01 1.628938764333724976e-01
1.554242074489593506e-01 8.445757627487182617e-01
2.868650881282519549e-05 9.999712705612182617e-01
9.982565045356750488e-01 1.743441680446267128e-03
9.994034767150878906e-01 5.965664749965071678e-04
8.117601275444030762e-02 9.188240170478820801e-01
8.550230264663696289e-01 1.449769288301467896e-01
9.998480081558227539e-01 1.519759243819862604e-04
9.976742863655090332e-01 2.325726673007011414e-03
1.179585116915404797e-03 9.988203644752502441e-01
9.924934506416320801e-01 7.506565656512975693e-03
3.328129823785275221e-04 9.996671676635742188e-01
2.039695344865322113e-02 9.796029925346374512e-01
3.924016952514648438e-01 6.075983047485351562e-01
1.067802804755046964e-04 9.998931884765625000e-01
1.357558630843413994e-05 9.999864101409912109e-01
5.967738628387451172e-01 4.032261371612548828e-01
2.368114655837416649e-03 9.976319074630737305e-01
3.839096170850098133e-04 9.996160268783569336e-01
8.964048027992248535e-01 1.035952270030975342e-01
9.812426567077636719e-01 1.875734329223632812e-02
9.854254130914341658e-06 9.999901056289672852e-01
1.649159565567970276e-02 9.835084080696105957e-01
1.529437303543090820e-01 8.470562100410461426e-01
3.689356446266174316e-01 6.310643553733825684e-01
2.152136992663145065e-03 9.978479146957397461e-01
6.830182671546936035e-02 9.316982030868530273e-01
1.169487740844488144e-02 9.883050918579101562e-01
6.428419351577758789e-01 3.571580052375793457e-01
2.165350876748561859e-02 9.783465266227722168e-01
6.964337229728698730e-01 3.035663068294525146e-01
5.715320706367492676e-01 4.284679889678955078e-01
1.169673446565866470e-02 9.883032441139221191e-01
1.493308544158935547e-01 8.506690859794616699e-01
2.852247953414916992e-01 7.147752642631530762e-01
1.436792016029357910e-01 8.563208580017089844e-01
9.961558680515736341e-05 9.999003410339355469e-01
9.664318561553955078e-01 3.356816992163658142e-02
7.868993096053600311e-03 9.921310544013977051e-01
9.997501969337463379e-01 2.498578105587512255e-04
5.886467639356851578e-03 9.941135048866271973e-01
3.155614016577601433e-03 9.968444108963012695e-01
8.429928129771724343e-06 9.999915361404418945e-01
8.650954259792342782e-05 9.999134540557861328e-01
9.992461204528808594e-01 7.538708741776645184e-04
1.139940559369279072e-05 9.999885559082031250e-01
1.065837293863296509e-01 8.934162855148315430e-01
4.238038510084152222e-02 9.576196074485778809e-01
1.582235097885131836e-03 9.984177350997924805e-01
4.922896623611450195e-02 9.507710337638854980e-01
2.300736606121063232e-01 7.699263691902160645e-01
1.403729838784784079e-04 9.998595714569091797e-01
5.367432832717895508e-01 4.632567167282104492e-01
1.948585850186645985e-03 9.980514049530029297e-01
4.006482362747192383e-01 5.993517637252807617e-01
9.956908822059631348e-01 4.309168551117181778e-03
9.615055322647094727e-01 3.849443793296813965e-02
7.264648957061581314e-06 9.999927282333374023e-01
9.772371053695678711e-01 2.276292070746421814e-02
5.051485495641827583e-04 9.994947910308837891e-01
4.928621929138898849e-04 9.995071887969970703e-01
1.806631982326507568e-01 8.193368315696716309e-01
6.333306373562663794e-06 9.999936819076538086e-01
4.001271372544579208e-05 9.999599456787109375e-01
4.696951210498809814e-01 5.303048491477966309e-01
6.604689359664916992e-02 9.339531064033508301e-01
6.871076822280883789e-01 3.128922879695892334e-01
2.971275353047531098e-05 9.999703168869018555e-01
5.339404015103355050e-05 9.999465942382812500e-01
4.544544481177581474e-06 9.999954700469970703e-01
9.713757634162902832e-01 2.862424217164516449e-02
4.995667375624179840e-03 9.950043559074401855e-01
7.479099631309509277e-01 2.520900964736938477e-01
2.717698225751519203e-05 9.999728202819824219e-01
1.205773800611495972e-01 8.794226050376892090e-01
8.867592811584472656e-01 1.132407188415527344e-01
9.284061379730701447e-04 9.990715980529785156e-01
1.368794683367013931e-02 9.863120913505554199e-01
1.590611599385738373e-02 9.840938448905944824e-01
7.894753664731979370e-02 9.210524559020996094e-01
1.941320515470579267e-04 9.998058676719665527e-01
9.505499899387359619e-02 9.049449563026428223e-01
1.204838277772068977e-03 9.987951517105102539e-01
5.925418809056282043e-04 9.994074106216430664e-01
6.847195327281951904e-04 9.993152618408203125e-01
2.850645105354487896e-04 9.997149109840393066e-01
2.356111537665128708e-03 9.976438879966735840e-01
5.706844603992067277e-05 9.999428987503051758e-01
1.724827598081901670e-05 9.999827146530151367e-01
9.775226712226867676e-01 2.247731201350688934e-02
9.126930308411829174e-06 9.999908208847045898e-01
4.036227986216545105e-02 9.596377611160278320e-01
4.165835343883372843e-05 9.999583959579467773e-01
2.541021785873454064e-05 9.999746084213256836e-01
8.021481633186340332e-01 1.978518217802047729e-01
3.480536397546529770e-04 9.996519088745117188e-01
4.059781134128570557e-01 5.940218567848205566e-01
6.101790666580200195e-01 3.898209333419799805e-01
3.895536428899504244e-05 9.999610185623168945e-01
1.687998010311275721e-04 9.998311996459960938e-01
9.995161294937133789e-01 4.839028115384280682e-04
1.585299149155616760e-02 9.841469526290893555e-01
2.034040391445159912e-01 7.965959906578063965e-01
9.992001652717590332e-01 7.998934597708284855e-04
9.983766078948974609e-01 1.623411430045962334e-03
5.897492428630357608e-06 9.999941587448120117e-01
2.212804369628429413e-02 9.778719544410705566e-01
1.536128669977188110e-01 8.463871479034423828e-01
2.326746135950088501e-01 7.673253417015075684e-01
9.190316312015056610e-03 9.908096790313720703e-01
6.986682415008544922e-01 3.013317883014678955e-01
8.932933807373046875e-01 1.067066118121147156e-01
1.217589087900705636e-04 9.998781681060791016e-01
3.529869616031646729e-01 6.470130085945129395e-01
7.570162415504455566e-03 9.924297928810119629e-01
9.121344191953539848e-06 9.999908208847045898e-01
8.913513738662004471e-05 9.999108314514160156e-01
1.378896832466125488e-02 9.862110018730163574e-01
2.612186074256896973e-01 7.387813925743103027e-01
9.765508770942687988e-01 2.344908565282821655e-02
9.895732998847961426e-01 1.042669918388128281e-02
1.279055178165435791e-01 8.720945119857788086e-01
6.394177326001226902e-04 9.993606209754943848e-01
1.550841727294027805e-03 9.984490871429443359e-01
8.320782333612442017e-03 9.916792511940002441e-01
2.782940566539764404e-01 7.217059731483459473e-01
4.502601027488708496e-01 5.497399568557739258e-01
3.964336647186428308e-04 9.996035695075988770e-01
1.658340692520141602e-01 8.341659307479858398e-01
7.841618061065673828e-01 2.158381491899490356e-01
1.568555980920791626e-01 8.431444168090820312e-01
2.620935142040252686e-01 7.379064559936523438e-01
6.894488334655761719e-01 3.105511367321014404e-01
9.940623305737972260e-03 9.900593757629394531e-01
4.505634307861328125e-02 9.549436569213867188e-01
8.080590963363647461e-01 1.919408589601516724e-01
9.677391648292541504e-01 3.226085379719734192e-02
1.001823966362280771e-05 9.999899864196777344e-01
2.607899368740618229e-04 9.997392296791076660e-01
4.726715981960296631e-01 5.273284316062927246e-01
5.398055145633406937e-05 9.999459981918334961e-01
5.523088038899004459e-04 9.994476437568664551e-01
1.846620887517929077e-01 8.153378963470458984e-01
3.625922370702028275e-03 9.963740706443786621e-01
1.756363920867443085e-02 9.824364185333251953e-01
3.329801559448242188e-02 9.667020440101623535e-01
7.909218966960906982e-02 9.209077954292297363e-01
6.998746097087860107e-02 9.300125241279602051e-01
5.419346271082758904e-04 9.994580149650573730e-01
7.030378128547454253e-06 9.999929666519165039e-01
9.634052962064743042e-02 9.036595225334167480e-01
5.800295472145080566e-01 4.199704229831695557e-01
4.326579272747039795e-01 5.673420429229736328e-01
9.478247165679931641e-01 5.217528343200683594e-02
4.322206223150715232e-05 9.999567270278930664e-01
9.791567325592041016e-01 2.084323391318321228e-02
7.015600204467773438e-01 2.984399199485778809e-01
4.540828056633472443e-03 9.954591989517211914e-01
2.564065798651427031e-04 9.997436404228210449e-01
2.515839587431401014e-04 9.997484087944030762e-01
3.720919787883758545e-01 6.279079914093017578e-01
9.399229884147644043e-01 6.007702648639678955e-02
1.466737376176752150e-05 9.999853372573852539e-01
1.860834163380786777e-05 9.999814033508300781e-01
8.412582799792289734e-03 9.915873408317565918e-01
9.994878768920898438e-01 5.120779969729483128e-04
4.122946993447840214e-04 9.995877146720886230e-01
5.190093361306935549e-06 9.999947547912597656e-01
1.428021350875496864e-03 9.985719919204711914e-01
9.998664855957031250e-01 1.334589469479396939e-04
5.283650159835815430e-01 4.716349840164184570e-01
9.871810078620910645e-01 1.281905360519886017e-02
8.473709225654602051e-01 1.526290625333786011e-01
1.089182387659093365e-05 9.999891519546508789e-01
6.363382339477539062e-01 3.636617362499237061e-01
9.708111286163330078e-01 2.918884903192520142e-02
1.351094488200033084e-05 9.999865293502807617e-01
9.505966901779174805e-01 4.940334334969520569e-02
8.740385770797729492e-01 1.259614527225494385e-01
6.535311968036694452e-06 9.999934434890747070e-01
1.591428965330123901e-01 8.408570885658264160e-01
9.920440912246704102e-01 7.955843582749366760e-03
1.712791472673416138e-01 8.287209272384643555e-01
2.282497298438102007e-04 9.997717738151550293e-01
9.373287558555603027e-01 6.267120689153671265e-02
4.635330289602279663e-02 9.536466598510742188e-01
1.424682559445500374e-04 9.998575448989868164e-01
9.997720122337341309e-01 2.279487380292266607e-04
6.403580307960510254e-01 3.596420288085937500e-01
3.346444373164558783e-06 9.999966621398925781e-01
6.240604519844055176e-01 3.759395182132720947e-01
9.985522627830505371e-01 1.447672606445848942e-03
9.800352454185485840e-01 1.996468007564544678e-02
9.975862503051757812e-01 2.413762500509619713e-03
8.099291324615478516e-01 1.900708228349685669e-01
5.847566062584519386e-04 9.994152784347534180e-01
3.202666342258453369e-01 6.797333955764770508e-01
1.904165692394599319e-04 9.998095631599426270e-01
4.259853437542915344e-02 9.574014544486999512e-01
7.087572157615795732e-06 9.999929666519165039e-01
1.892438922368455678e-05 9.999810457229614258e-01
1.167077869176864624e-01 8.832921385765075684e-01
7.655763329239562154e-05 9.999234676361083984e-01
5.814112955704331398e-04 9.994186162948608398e-01
3.804713189601898193e-01 6.195287108421325684e-01
5.541071891784667969e-01 4.458928108215332031e-01
5.068868398666381836e-01 4.931131899356842041e-01
2.332703024148941040e-02 9.766729474067687988e-01
2.994504175148904324e-04 9.997005462646484375e-01
1.328549087047576904e-01 8.671450614929199219e-01
4.639341235160827637e-01 5.360658764839172363e-01
7.448816671967506409e-03 9.925512075424194336e-01
1.981344521045684814e-01 8.018655180931091309e-01
9.825741648674011230e-01 1.742588728666305542e-02
2.508243322372436523e-01 7.491756081581115723e-01
5.301272030919790268e-04 9.994699358940124512e-01
1.634082400414627045e-05 9.999836683273315430e-01
5.417774319648742676e-01 4.582225680351257324e-01
3.049007654190063477e-01 6.950992345809936523e-01
5.416427254676818848e-01 4.583572745323181152e-01
9.869427594821900129e-05 9.999012947082519531e-01
8.860303163528442383e-01 1.139697358012199402e-01
1.170539995655417442e-03 9.988294243812561035e-01
7.623817920684814453e-01 2.376182377338409424e-01
9.562719464302062988e-01 4.372802004218101501e-02
2.146682163584046066e-05 9.999785423278808594e-01
3.845891624223440886e-04 9.996154308319091797e-01
5.344553301256382838e-06 9.999946355819702148e-01
9.998697042465209961e-01 1.303164463024586439e-04
2.406950481235980988e-02 9.759305119514465332e-01
1.629842561669647694e-03 9.983702301979064941e-01
9.207069277763366699e-01 7.929306477308273315e-02
2.278531173942610621e-04 9.997721314430236816e-01
5.386910401284694672e-03 9.946131110191345215e-01
2.307904697954654694e-02 9.769209027290344238e-01
8.580849971622228622e-04 9.991419315338134766e-01
9.976223111152648926e-01 2.377642551437020302e-03
6.165982484817504883e-01 3.834018111228942871e-01
8.680899739265441895e-01 1.319099664688110352e-01
1.975419465452432632e-03 9.980245828628540039e-01
9.893503785133361816e-01 1.064962148666381836e-02
2.013427292695268989e-04 9.997987151145935059e-01
2.658720016479492188e-01 7.341280579566955566e-01
9.995292425155639648e-01 4.707357438746839762e-04
1.313251777901314199e-05 9.999868869781494141e-01
3.893939554691314697e-01 6.106060743331909180e-01
9.994669556617736816e-01 5.330624408088624477e-04
1.439381274394690990e-03 9.985606074333190918e-01
9.994788765907287598e-01 5.211475654505193233e-04
7.686133903916925192e-05 9.999231100082397461e-01
6.873810291290283203e-01 3.126190304756164551e-01
9.612225890159606934e-01 3.877739235758781433e-02
2.476737052202224731e-01 7.523262500762939453e-01
2.490027248859405518e-01 7.509972453117370605e-01
9.997134804725646973e-01 2.865009591914713383e-04
9.789614677429199219e-01 2.103859931230545044e-02
4.719349090009927750e-04 9.995280504226684570e-01
5.605838894844055176e-01 4.394161105155944824e-01
3.451699614524841309e-01 6.548300385475158691e-01
7.942432165145874023e-01 2.057567685842514038e-01
7.511413693428039551e-01 2.488586157560348511e-01
9.988195300102233887e-01 1.180461840704083443e-03
6.553465209435671568e-05 9.999344348907470703e-01
9.996913671493530273e-01 3.086768847424536943e-04
4.754317615152103826e-06 9.999952316284179688e-01
9.924443364143371582e-01 7.555696647614240646e-03
9.713677763938903809e-01 2.863223291933536530e-02
9.940577745437622070e-01 5.942263174802064896e-03
9.998972415924072266e-01 1.027193939080461860e-04
7.071508467197418213e-02 9.292849898338317871e-01
1.432845892850309610e-04 9.998567104339599609e-01
4.114273542654700577e-05 9.999588727951049805e-01
2.062020357698202133e-03 9.979379773139953613e-01
3.450364619493484497e-02 9.654963612556457520e-01
9.557318091392517090e-01 4.426815733313560486e-02
5.080831469967961311e-04 9.994919300079345703e-01
9.996217489242553711e-01 3.781860577873885632e-04
3.048056503757834435e-03 9.969519376754760742e-01
1.296123082283884287e-04 9.998704195022583008e-01
6.556433625519275665e-03 9.934436082839965820e-01
4.323156550526618958e-03 9.956768155097961426e-01
9.934687614440917969e-01 6.531190592795610428e-03
2.996997500304132700e-04 9.997003078460693359e-01
9.503541588783264160e-01 4.964584112167358398e-02
3.999957740306854248e-01 6.000042557716369629e-01
1.020009949570521712e-04 9.998979568481445312e-01
9.424003362655639648e-01 5.759961530566215515e-02
3.629372031355160289e-06 9.999964237213134766e-01
9.195444732904434204e-02 9.080455303192138672e-01
8.147110342979431152e-01 1.852889508008956909e-01
8.373725414276123047e-01 1.626274883747100830e-01
9.998365640640258789e-01 1.633780484553426504e-04
9.924843907356262207e-01 7.515615317970514297e-03
4.236547738400986418e-06 9.999957084655761719e-01
6.904614567756652832e-01 3.095385730266571045e-01
1.222598925232887268e-01 8.777401447296142578e-01
9.954746365547180176e-01 4.525400232523679733e-03
1.912901527248322964e-03 9.980871677398681641e-01
3.598353639245033264e-02 9.640164375305175781e-01
9.867162704467773438e-01 1.328369602560997009e-02
9.940354824066162109e-01 5.964465904980897903e-03
2.310708077857270837e-05 9.999768733978271484e-01
3.371795266866683960e-02 9.662821292877197266e-01
9.355177283287048340e-01 6.448228657245635986e-02
6.914192344993352890e-04 9.993085861206054688e-01
9.236269593238830566e-01 7.637304812669754028e-02
4.086455446667969227e-04 9.995914101600646973e-01
9.998792409896850586e-01 1.206956585519947112e-04
1.732712239027023315e-01 8.267288208007812500e-01
8.845663978718221188e-05 9.999115467071533203e-01
9.067739248275756836e-01 9.322609752416610718e-02
5.212077498435974121e-01 4.787923097610473633e-01
4.968247376382350922e-04 9.995031356811523438e-01
1.072559431195259094e-01 8.927440643310546875e-01
2.744763914961367846e-04 9.997255206108093262e-01
8.956263065338134766e-01 1.043736785650253296e-01
8.622654676437377930e-01 1.377346068620681763e-01
5.834665298461914062e-01 4.165334701538085938e-01
1.543672941625118256e-02 9.845632910728454590e-01
3.109640181064605713e-01 6.890360116958618164e-01
8.218271136283874512e-01 1.781729310750961304e-01
3.112289588898420334e-03 9.968877434730529785e-01
4.756829701364040375e-03 9.952431321144104004e-01
9.996794462203979492e-01 3.205603570677340031e-04
1.100980341434478760e-01 8.899019360542297363e-01
5.199590304982848465e-06 9.999947547912597656e-01
9.996106028556823730e-01 3.893990942742675543e-04
2.544438242912292480e-01 7.455561757087707520e-01
3.563267178833484650e-03 9.964367151260375977e-01
9.245958924293518066e-01 7.540413737297058105e-02
6.003143638372421265e-02 9.399685263633728027e-01
9.997295737266540527e-01 2.704234793782234192e-04
5.172758102416992188e-01 4.827242195606231689e-01
3.483668115222826600e-05 9.999651908874511719e-01
5.891600996255874634e-02 9.410839676856994629e-01
1.632459014654159546e-01 8.367540836334228516e-01
2.198659421992488205e-05 9.999780654907226562e-01
7.635091543197631836e-01 2.364908605813980103e-01
1.498144818469882011e-03 9.985018968582153320e-01
1.406735647469758987e-02 9.859326481819152832e-01
7.017610641923965886e-06 9.999929666519165039e-01
9.564424399286508560e-04 9.990435242652893066e-01
4.110992886126041412e-03 9.958890080451965332e-01
5.363784730434417725e-02 9.463621377944946289e-01
6.760044470865977928e-06 9.999932050704956055e-01
7.371608018875122070e-01 2.628392577171325684e-01
9.995751976966857910e-01 4.248548648320138454e-04
9.979064464569091797e-01 2.093579154461622238e-03
1.531329326098784804e-04 9.998468160629272461e-01
6.728356704115867615e-03 9.932716488838195801e-01
7.284287858055904508e-05 9.999271631240844727e-01
4.988192915916442871e-01 5.011807084083557129e-01
8.981320261955261230e-01 1.018679663538932800e-01
9.998339414596557617e-01 1.660120324231684208e-04
3.347674757242202759e-02 9.665232300758361816e-01
9.819347858428955078e-01 1.806526258587837219e-02
7.290356755256652832e-01 2.709642946720123291e-01
9.999040365219116211e-01 9.591527486918494105e-05
9.968206882476806641e-01 3.179343417286872864e-03
1.563226032885722816e-05 9.999843835830688477e-01
3.123134374618530273e-04 9.996876716613769531e-01
4.535349011421203613e-01 5.464650988578796387e-01
2.856493229046463966e-03 9.971434473991394043e-01
6.703076069243252277e-04 9.993296861648559570e-01
1.003048382699489594e-04 9.998996257781982422e-01
1.235089031979441643e-03 9.987649917602539062e-01
4.668583278544247150e-05 9.999532699584960938e-01
3.210036456584930420e-02 9.678996205329895020e-01
9.998117089271545410e-01 1.882789947558194399e-04
7.772177457809448242e-03 9.922278523445129395e-01
5.430629607872106135e-05 9.999456405639648438e-01
5.965241231024265289e-03 9.940348267555236816e-01
3.297487795352935791e-01 6.702511906623840332e-01
7.614998221397399902e-01 2.385001778602600098e-01
1.978844702243804932e-01 8.021154999732971191e-01
3.018734157085418701e-01 6.981265544891357422e-01
2.421732497168704867e-04 9.997578263282775879e-01
7.359200716018676758e-02 9.264080524444580078e-01
2.415180279058404267e-05 9.999758005142211914e-01
9.149647355079650879e-01 8.503524214029312134e-02
9.948284029960632324e-01 5.171573255211114883e-03
5.805139541625976562e-01 4.194860756397247314e-01
1.257764250040054321e-01 8.742235898971557617e-01
3.112148046493530273e-01 6.887851953506469727e-01
7.691765495110303164e-05 9.999231100082397461e-01
9.867827611742541194e-05 9.999012947082519531e-01
9.810867905616760254e-01 1.891320571303367615e-02
5.533339844987494871e-06 9.999945163726806641e-01
5.868257721886038780e-05 9.999413490295410156e-01
8.673552423715591431e-02 9.132644534111022949e-01
9.954078793525695801e-01 4.592090845108032227e-03
9.731088280677795410e-01 2.689115889370441437e-02
8.859667927026748657e-02 9.114032983779907227e-01
3.084524273872375488e-01 6.915476322174072266e-01
9.895918965339660645e-01 1.040815282613039017e-02
2.215170970885083079e-04 9.997784495353698730e-01
7.036854624748229980e-01 2.963144779205322266e-01
9.012852311134338379e-01 9.871477633714675903e-02
2.579523425083607435e-04 9.997420907020568848e-01
7.349000225076451898e-05 9.999264478683471680e-01
1.052228690241463482e-04 9.998947381973266602e-01
2.317169308662414551e-01 7.682830691337585449e-01
2.823169576004147530e-03 9.971767663955688477e-01
1.577877083036582917e-05 9.999842643737792969e-01
9.858798384666442871e-01 1.412016246467828751e-02
8.845287561416625977e-01 1.154712066054344177e-01
1.050872651831014082e-05 9.999895095825195312e-01
1.112027745693922043e-02 9.888796806335449219e-01
5.970057472586631775e-02 9.402994513511657715e-01
9.957572817802429199e-01 4.242731723934412003e-03
4.331842809915542603e-02 9.566816091537475586e-01
9.464954137802124023e-01 5.350463837385177612e-02
3.668870485853403807e-04 9.996330738067626953e-01
9.967987537384033203e-01 3.201243234798312187e-03
1.575243771076202393e-01 8.424755930900573730e-01
1.592521369457244873e-02 9.840748310089111328e-01
2.019587438553571701e-03 9.979804158210754395e-01
3.827902674674987793e-01 6.172096729278564453e-01
2.071802504360675812e-03 9.979281425476074219e-01
1.447710245847702026e-01 8.552289605140686035e-01
6.971026062965393066e-01 3.028973340988159180e-01
8.396040797233581543e-01 1.603958606719970703e-01
1.258629374206066132e-02 9.874137639999389648e-01
9.983774423599243164e-01 1.622528186999261379e-03
6.067088106647133827e-04 9.993932247161865234e-01
2.472958003636449575e-04 9.997527003288269043e-01
2.155698311980813742e-04 9.997844099998474121e-01
2.875607311725616455e-01 7.124392986297607422e-01
2.830049097537994385e-01 7.169950604438781738e-01
1.827170848846435547e-01 8.172829151153564453e-01
4.143990278244018555e-01 5.856009125709533691e-01
3.557300269603729248e-01 6.442700028419494629e-01
9.993815422058105469e-01 6.184616941027343273e-04
9.994397759437561035e-01 5.602150340564548969e-04
1.603103009983897209e-03 9.983969330787658691e-01
4.589554853737354279e-03 9.954105019569396973e-01
1.909699756652116776e-03 9.980903267860412598e-01
8.554131388664245605e-01 1.445868760347366333e-01
1.288062930107116699e-01 8.711936473846435547e-01
4.890209311270155013e-06 9.999951124191284180e-01
3.030112420674413443e-04 9.996969699859619141e-01
9.994977712631225586e-01 5.021940451115369797e-04
3.733769990503787994e-03 9.962661862373352051e-01
1.992761855944991112e-03 9.980072379112243652e-01
2.240912988781929016e-03 9.977591037750244141e-01
3.436676925048232079e-04 9.996563196182250977e-01
4.111662972718477249e-03 9.958882927894592285e-01
7.030867785215377808e-02 9.296913743019104004e-01
5.412718164734542370e-04 9.994587302207946777e-01
1.645114645361900330e-02 9.835489392280578613e-01
9.557784069329500198e-04 9.990442395210266113e-01
2.962187528610229492e-01 7.037812471389770508e-01
7.283878326416015625e-01 2.716121673583984375e-01
3.970698118209838867e-01 6.029302477836608887e-01
4.687991142272949219e-01 5.312008857727050781e-01
9.862956404685974121e-01 1.370438374578952789e-02
4.257630207575857639e-04 9.995742440223693848e-01
8.955315686762332916e-03 9.910447597503662109e-01
8.853840699885040522e-05 9.999114274978637695e-01
8.248562226071953773e-04 9.991751313209533691e-01
1.291528530418872833e-02 9.870846867561340332e-01
3.071723505854606628e-02 9.692827463150024414e-01
4.240806773304939270e-02 9.575919508934020996e-01
9.972679615020751953e-01 2.732017310336232185e-03
4.621456563472747803e-02 9.537854790687561035e-01
1.263203012058511376e-04 9.998736381530761719e-01
6.695385309285484254e-06 9.999933242797851562e-01
9.998902082443237305e-01 1.097779022529721260e-04
4.331288437242619693e-05 9.999567270278930664e-01
4.259818233549594879e-04 9.995740056037902832e-01
1.091267261654138565e-02 9.890873432159423828e-01
2.144478075206279755e-02 9.785552620887756348e-01
6.795386672019958496e-01 3.204613029956817627e-01
3.999775052070617676e-01 6.000224351882934570e-01
9.370046257972717285e-01 6.299538910388946533e-02
7.500557899475097656e-01 2.499442249536514282e-01
9.988322854042053223e-01 1.167759182862937450e-03
1.024578341457527131e-05 9.999897480010986328e-01
8.240113854408264160e-01 1.759885847568511963e-01
4.500907089095562696e-04 9.995499253273010254e-01
9.553303718566894531e-01 4.466957226395606995e-02
9.796832203865051270e-01 2.031682059168815613e-02
4.398643213789910078e-04 9.995601773262023926e-01
1.621675938367843628e-01 8.378324508666992188e-01
2.676549553871154785e-01 7.323450446128845215e-01
9.993885755538940430e-01 6.114356219768524170e-04
9.213665723800659180e-01 7.863334566354751587e-02
9.153473190963268280e-03 9.908465743064880371e-01
3.808436304097995162e-05 9.999619722366333008e-01
9.967985749244689941e-01 3.201432991772890091e-03
1.046705758199095726e-03 9.989532232284545898e-01
4.879199713468551636e-02 9.512079954147338867e-01
9.898602217435836792e-02 9.010140299797058105e-01
2.463032603263854980e-01 7.536967396736145020e-01
1.437983242794871330e-03 9.985620379447937012e-01
2.506871009245514870e-03 9.974931478500366211e-01
1.318077556788921356e-04 9.998681545257568359e-01
9.080548286437988281e-01 9.194513410329818726e-02
1.910088467411696911e-04 9.998089671134948730e-01
1.598682999610900879e-02 9.840131998062133789e-01
6.395140644599450752e-06 9.999935626983642578e-01
7.433369010686874390e-02 9.256662726402282715e-01
9.053612947463989258e-01 9.463865309953689575e-02
4.790265262126922607e-01 5.209734439849853516e-01
5.225135684013366699e-01 4.774864912033081055e-01
2.342327352380380034e-04 9.997658133506774902e-01
9.830021262168884277e-01 1.699785329401493073e-02
1.091605401597917080e-03 9.989084005355834961e-01
9.980346560478210449e-01 1.965349772945046425e-03
9.579780697822570801e-01 4.202189296483993530e-02
5.205668458074796945e-06 9.999947547912597656e-01
7.806100256857462227e-06 9.999922513961791992e-01
5.584749951958656311e-02 9.441524744033813477e-01
1.803637295961380005e-02 9.819636344909667969e-01
1.500258367741480470e-04 9.998499155044555664e-01
9.862058758735656738e-01 1.379409898072481155e-02
2.613923847675323486e-01 7.386076450347900391e-01
7.520875334739685059e-02 9.247912168502807617e-01
3.806305758189409971e-04 9.996193647384643555e-01
7.149835824966430664e-01 2.850163578987121582e-01
9.216410517692565918e-01 7.835891842842102051e-02
2.674932766240090132e-04 9.997325539588928223e-01
4.444858133792877197e-01 5.555141568183898926e-01
6.698146171402186155e-05 9.999330043792724609e-01
7.593173980712890625e-01 2.406826317310333252e-01
1.019687973894178867e-03 9.989803433418273926e-01
2.266987692564725876e-03 9.977329969406127930e-01
9.910808205604553223e-01 8.919216692447662354e-03
4.518032437772490084e-05 9.999548196792602539e-01
7.529124268330633640e-04 9.992470741271972656e-01
9.875211715698242188e-01 1.247886475175619125e-02
1.093881856650114059e-02 9.890612363815307617e-01
7.004443407058715820e-01 2.995557188987731934e-01
4.273060243576765060e-03 9.957269430160522461e-01
5.652778199873864651e-04 9.994346499443054199e-01
3.931707760784775019e-05 9.999606609344482422e-01
9.982957243919372559e-01 1.704307855106890202e-03
9.862478375434875488e-01 1.375212799757719040e-02
8.398302597925066948e-04 9.991601705551147461e-01
5.435964794742176309e-06 9.999945163726806641e-01
1.891621650429442525e-05 9.999810457229614258e-01
3.089188365265727043e-03 9.969108700752258301e-01
3.622914254665374756e-01 6.377086043357849121e-01
5.793184041976928711e-01 4.206815958023071289e-01
8.213752508163452148e-02 9.178625345230102539e-01
8.487811312079429626e-03 9.915122389793395996e-01
7.822178006172180176e-01 2.177821695804595947e-01
3.871112167835235596e-01 6.128888130187988281e-01
9.998631477355957031e-01 1.368273078696802258e-04
5.022134780883789062e-01 4.977865517139434814e-01
9.997566342353820801e-01 2.433797053527086973e-04
1.402463065460324287e-03 9.985975623130798340e-01
4.273487138561904430e-05 9.999572038650512695e-01
5.533565282821655273e-01 4.466434717178344727e-01
3.435952294239541516e-06 9.999965429306030273e-01
3.818477271124720573e-04 9.996181726455688477e-01
9.928861260414123535e-01 7.113900501281023026e-03
3.788963705301284790e-02 9.621104001998901367e-01
3.936366283596726134e-06 9.999960660934448242e-01
1.383192487992346287e-03 9.986168146133422852e-01
7.236325740814208984e-01 2.763673961162567139e-01
5.099860572954639792e-05 9.999489784240722656e-01
1.133896759711205959e-03 9.988660812377929688e-01
1.661791652441024780e-01 8.338208794593811035e-01
9.994248151779174805e-01 5.751549615524709225e-04
4.395671933889389038e-02 9.560433030128479004e-01
9.365272126160562038e-04 9.990634322166442871e-01
1.084164367057383060e-03 9.989157915115356445e-01
3.796242550015449524e-02 9.620375633239746094e-01
2.818452427163720131e-03 9.971815347671508789e-01
1.533789038658142090e-01 8.466210961341857910e-01
9.323804974555969238e-01 6.761948019266128540e-02
9.997500777244567871e-01 2.498713729437440634e-04
9.935588240623474121e-01 6.441239267587661743e-03
1.833195216022431850e-03 9.981667995452880859e-01
5.464436411857604980e-01 4.535563886165618896e-01
3.173931909259408712e-04 9.996826648712158203e-01
4.079307895153760910e-03 9.959206581115722656e-01
1.233773864805698395e-02 9.876623153686523438e-01
5.111573500471422449e-06 9.999948740005493164e-01
1.945468224585056305e-02 9.805452823638916016e-01
4.115117917535826564e-06 9.999958276748657227e-01
1.122313115047290921e-04 9.998877048492431641e-01
1.132658943533897400e-01 8.867341876029968262e-01
2.102740257978439331e-01 7.897259593009948730e-01
9.937772899866104126e-02 9.006222486495971680e-01
8.567971235606819391e-06 9.999914169311523438e-01
5.634139180183410645e-01 4.365860521793365479e-01
7.429093966493383050e-05 9.999257326126098633e-01
9.667315483093261719e-01 3.326844796538352966e-02
9.208216667175292969e-01 7.917831093072891235e-02
5.065510272979736328e-01 4.934489428997039795e-01
1.511559635400772095e-01 8.488440513610839844e-01
4.530388687271624804e-04 9.995469450950622559e-01
5.672064423561096191e-01 4.327934980392456055e-01
1.000670250505208969e-03 9.989992976188659668e-01
5.509881675243377686e-02 9.449012279510498047e-01
9.123469591140747070e-01 8.765304833650588989e-02
6.701728561893105507e-04 9.993298053741455078e-01
9.055782109498977661e-02 9.094421267509460449e-01
1.973511837422847748e-02 9.802649021148681641e-01
1.163340348284691572e-04 9.998836517333984375e-01
1.246050032932544127e-05 9.999874830245971680e-01
7.500565648078918457e-01 2.499434500932693481e-01
9.105998906306922436e-04 9.990893602371215820e-01
1.028261176543310285e-04 9.998971223831176758e-01
6.174875497817993164e-01 3.825124800205230713e-01
1.306950487196445465e-02 9.869304895401000977e-01
4.843309894204139709e-02 9.515668749809265137e-01
8.862044523993972689e-06 9.999911785125732422e-01
5.341493524610996246e-04 9.994658827781677246e-01
2.969538792967796326e-02 9.703045487403869629e-01
3.543335199356079102e-01 6.456664204597473145e-01
6.639736890792846680e-01 3.360263407230377197e-01
1.711870281724259257e-04 9.998288154602050781e-01
2.694770810194313526e-04 9.997305274009704590e-01
8.498511314392089844e-01 1.501488089561462402e-01
5.272554062685230747e-06 9.999947547912597656e-01
8.558256668038666248e-04 9.991441965103149414e-01
2.469799667596817017e-01 7.530199885368347168e-01
2.139928191900253296e-01 7.860071659088134766e-01
1.431786076864227653e-04 9.998568296432495117e-01
7.434463477693498135e-04 9.992565512657165527e-01
9.741755127906799316e-01 2.582448720932006836e-02
9.944374141923617572e-06 9.999901056289672852e-01
9.942561984062194824e-01 5.743761546909809113e-03
9.988942742347717285e-01 1.105735660530626774e-03
1.392830461263656616e-01 8.607169985771179199e-01
1.498598430771380663e-04 9.998501539230346680e-01
1.923828572034835815e-01 8.076171875000000000e-01
1.128082294599153101e-05 9.999886751174926758e-01
9.990071654319763184e-01 9.928850922733545303e-04
5.670285224914550781e-01 4.329714775085449219e-01
7.818501442670822144e-02 9.218150377273559570e-01
4.810886085033416748e-01 5.189114212989807129e-01
6.159921176731586456e-04 9.993839263916015625e-01
3.714689910411834717e-01 6.285309791564941406e-01
4.331597010605037212e-04 9.995668530464172363e-01
9.996453523635864258e-01 3.546822699718177319e-04
