9.998697042465209961e-01 1.303164463024586439e-04
1.126447808928787708e-03 9.988735318183898926e-01
6.973672952881315723e-06 9.999930858612060547e-01
9.999017715454101562e-01 9.820760169532150030e-05
6.413384835468605161e-05 9.999358654022216797e-01
2.332703024148941040e-02 9.766729474067687988e-01
1.583189517259597778e-01 8.416810035705566406e-01
2.687579253688454628e-04 9.997312426567077637e-01
3.701137029565870762e-05 9.999630451202392578e-01
1.012298744171857834e-03 9.989877343177795410e-01
2.226284006610512733e-03 9.977737069129943848e-01
5.605838894844055176e-01 4.394161105155944824e-01
1.309160288656130433e-04 9.998691082000732422e-01
9.008499979972839355e-01 9.915002435445785522e-02
9.998695850372314453e-01 1.303984754486009479e-04
9.990078806877136230e-01 9.921843884512782097e-04
5.341493524610996246e-04 9.994658827781677246e-01
9.994679093360900879e-01 5.320461350493133068e-04
7.861413806676864624e-02 9.213858246803283691e-01
1.714757680892944336e-01 8.285242319107055664e-01
4.055366844113450497e-06 9.999959468841552734e-01
2.266987692564725876e-03 9.977329969406127930e-01
5.245452374219894409e-02 9.475455284118652344e-01
5.645047500729560852e-02 9.435495138168334961e-01
9.998997449874877930e-01 1.002319841063581407e-04
9.885912537574768066e-01 1.140876207500696182e-02
9.997557997703552246e-01 2.441492106299847364e-04
1.428021350875496864e-03 9.985719919204711914e-01
6.777979731559753418e-01 3.222020566463470459e-01
2.708159154281020164e-04 9.997292160987854004e-01
1.600458490429446101e-04 9.998399019241333008e-01
5.447906914923805743e-06 9.999945163726806641e-01
1.217589087900705636e-04 9.998781681060791016e-01
1.903237425722181797e-03 9.980967640876770020e-01
9.998908042907714844e-01 1.092385718948207796e-04
9.392332285642623901e-02 9.060766696929931641e-01
8.401191234588623047e-02 9.159880876541137695e-01
3.287036379333585501e-04 9.996713399887084961e-01
2.213848531246185303e-01 7.786151170730590820e-01
4.918423295021057129e-02 9.508157372474670410e-01
1.912901527248322964e-03 9.980871677398681641e-01
8.264251947402954102e-01 1.735748201608657837e-01
2.310649579158052802e-04 9.997689127922058105e-01
1.948031969368457794e-02 9.805197119712829590e-01
7.287240624427795410e-01 2.712758779525756836e-01
9.937772899866104126e-02 9.006222486495971680e-01
2.921337494626641273e-03 9.970786571502685547e-01
9.668040871620178223e-01 3.319593146443367004e-02
9.941145777702331543e-01 5.885480903089046478e-03
1.149358940892852843e-04 9.998850822448730469e-01
1.529437303543090820e-01 8.470562100410461426e-01
6.871076822280883789e-01 3.128922879695892334e-01
3.202666342258453369e-01 6.797333955764770508e-01
4.499896022025495768e-05 9.999550580978393555e-01
3.048056503757834435e-03 9.969519376754760742e-01
1.295125839533284307e-04 9.998704195022583008e-01
5.364892786019481719e-05 9.999463558197021484e-01
6.949561238288879395e-01 3.050439357757568359e-01
1.941650547087192535e-02 9.805834293365478516e-01
9.796832203865051270e-01 2.031682059168815613e-02
5.527791017811978236e-06 9.999945163726806641e-01
8.967600762844085693e-03 9.910324215888977051e-01
5.023322046326939017e-06 9.999949932098388672e-01
9.995823502540588379e-01 4.176130460109561682e-04
5.744638201576890424e-06 9.999942779541015625e-01
9.529271125793457031e-01 4.707291722297668457e-02
4.790265262126922607e-01 5.209734439849853516e-01
1.459403847547946498e-05 9.999854564666748047e-01
8.969528600573539734e-03 9.910304546356201172e-01
2.135353684425354004e-01 7.864646315574645996e-01
1.122313115047290921e-04 9.998877048492431641e-01
5.366781726479530334e-03 9.946331977844238281e-01
9.948118925094604492e-01 5.188085604459047318e-03
5.523088038899004459e-04 9.994476437568664551e-01
2.217829605797305703e-04 9.997782111167907715e-01
5.095546841621398926e-01 4.904452860355377197e-01
8.412582799792289734e-03 9.915873408317565918e-01
5.578848533332347870e-03 9.944211840629577637e-01
4.203744698315858841e-03 9.957963228225708008e-01
1.528973970562219620e-02 9.847102761268615723e-01
4.693006165325641632e-03 9.953070282936096191e-01
9.904560446739196777e-01 9.543907828629016876e-03
1.288062930107116699e-01 8.711936473846435547e-01
8.755671381950378418e-01 1.244328767061233521e-01
2.821274101734161377e-04 9.997178912162780762e-01
5.970057472586631775e-02 9.402994513511657715e-01
9.117128793150186539e-04 9.990882873535156250e-01
9.961789846420288086e-01 3.820995101705193520e-03
6.637384295463562012e-01 3.362615108489990234e-01
1.146699560194974765e-05 9.999885559082031250e-01
3.858130367007106543e-04 9.996141195297241211e-01
9.998530149459838867e-01 1.469667622586712241e-04
9.998831748962402344e-01 1.168364251498132944e-04
2.793653309345245361e-01 7.206346392631530762e-01
1.091605401597917080e-03 9.989084005355834961e-01
2.016540383920073509e-03 9.979834556579589844e-01
2.686633706616703421e-05 9.999731779098510742e-01
2.782910168170928955e-01 7.217089533805847168e-01
9.994204044342041016e-01 5.795881734229624271e-04
9.974767565727233887e-01 2.523193368688225746e-03
4.354436993598937988e-01 5.645563006401062012e-01
7.264648957061581314e-06 9.999927282333374023e-01
3.598353639245033264e-02 9.640164375305175781e-01
3.282685279846191406e-01 6.717314720153808594e-01
1.388015747070312500e-01 8.611983656883239746e-01
7.434463477693498135e-04 9.992565512657165527e-01
6.839108467102050781e-02 9.316089153289794922e-01
6.218667626380920410e-01 3.781332671642303467e-01
2.870745956897735596e-03 9.971292614936828613e-01
8.862044523993972689e-06 9.999911785125732422e-01
4.965788125991821289e-01 5.034211874008178711e-01
9.997276663780212402e-01 2.722846402321010828e-04
9.579261131875682622e-06 9.999904632568359375e-01
9.920440912246704102e-01 7.955843582749366760e-03
5.077844252809882164e-04 9.994921684265136719e-01
8.349356055259704590e-01 1.650643646717071533e-01
1.226713065989315510e-04 9.998773336410522461e-01
7.448816671967506409e-03 9.925512075424194336e-01
6.599345710128545761e-03 9.934006929397583008e-01
2.062020357698202133e-03 9.979379773139953613e-01
8.685321211814880371e-01 1.314678639173507690e-01
1.595859357621520758e-04 9.998403787612915039e-01
2.489629685878753662e-01 7.510370612144470215e-01
2.495351731777191162e-01 7.504647970199584961e-01
5.462793111801147461e-01 4.537207484245300293e-01
3.232153540011495352e-05 9.999676942825317383e-01
2.852247953414916992e-01 7.147752642631530762e-01
9.761533737182617188e-01 2.384663932025432587e-02
4.122737300349399447e-05 9.999587535858154297e-01
9.997786879539489746e-01 2.213108382420614362e-04
4.676104799727909267e-05 9.999532699584960938e-01
4.025053203804418445e-05 9.999597072601318359e-01
5.511941909790039062e-01 4.488058388233184814e-01
1.378896832466125488e-02 9.862110018730163574e-01
9.825965166091918945e-01 1.740354672074317932e-02
3.489769995212554932e-02 9.651022553443908691e-01
7.433369010686874390e-02 9.256662726402282715e-01
9.998873472213745117e-01 1.126124116126447916e-04
3.080748319625854492e-01 6.919252276420593262e-01
4.568287432193756104e-01 5.431712269783020020e-01
1.437983242794871330e-03 9.985620379447937012e-01
4.859565198421478271e-01 5.140434503555297852e-01
9.995799660682678223e-01 4.200491239316761494e-04
8.981569408206269145e-06 9.999910593032836914e-01
9.365732073783874512e-01 6.342682242393493652e-02
5.516281127929687500e-01 4.483718872070312500e-01
3.918240690836682916e-05 9.999607801437377930e-01
5.834665298461914062e-01 4.165334701538085938e-01
7.085089087486267090e-01 2.914910614490509033e-01
3.004979807883501053e-04 9.996994733810424805e-01
4.331592645030468702e-04 9.995668530464172363e-01
1.265315264463424683e-01 8.734685182571411133e-01
9.996913671493530273e-01 3.086768847424536943e-04
9.676440358161926270e-01 3.235596790909767151e-02
2.043268829584121704e-01 7.956730723381042480e-01
9.296184182167053223e-01 7.038154453039169312e-02
2.943423762917518616e-02 9.705657958984375000e-01
5.419018864631652832e-01 4.580981135368347168e-01
9.966418743133544922e-01 3.358138725161552429e-03
1.089182387659093365e-05 9.999891519546508789e-01
9.123469591140747070e-01 8.765304833650588989e-02
3.518113121390342712e-02 9.648188948631286621e-01
1.470256247557699680e-04 9.998528957366943359e-01
2.485950477421283722e-02 9.751405119895935059e-01
4.413579517859034240e-05 9.999558925628662109e-01
3.043869882822036743e-02 9.695613384246826172e-01
9.812426567077636719e-01 1.875734329223632812e-02
9.190815687179565430e-01 8.091848343610763550e-02
9.975862503051757812e-01 2.413762500509619713e-03
8.845663978718221188e-05 9.999115467071533203e-01
2.348777052247896791e-04 9.997650980949401855e-01
2.589189708232879639e-01 7.410809993743896484e-01
2.421732497168704867e-04 9.997578263282775879e-01
7.520875334739685059e-02 9.247912168502807617e-01
3.435952294239541516e-06 9.999965429306030273e-01
9.998286962509155273e-01 1.712510274956002831e-04
1.570703238248825073e-01 8.429297208786010742e-01
9.990280866622924805e-01 9.719645022414624691e-04
5.538381519727408886e-04 9.994460940361022949e-01
1.717232044029515237e-05 9.999828338623046875e-01
3.477750346064567566e-02 9.652225375175476074e-01
2.789780199527740479e-01 7.210220098495483398e-01
2.333374768495559692e-01 7.666624784469604492e-01
5.635590641759335995e-04 9.994364380836486816e-01
9.810731410980224609e-01 1.892684772610664368e-02
8.586337566375732422e-01 1.413662284612655640e-01
9.509724378585815430e-01 4.902749136090278625e-02
3.473340068012475967e-03 9.965266585350036621e-01
5.526915658265352249e-03 9.944730401039123535e-01
9.981588721275329590e-01 1.841106801293790340e-03
9.195444732904434204e-02 9.080455303192138672e-01
9.612225890159606934e-01 3.877739235758781433e-02
9.996670484542846680e-01 3.329157771077007055e-04
2.276782691478729248e-02 9.772321581840515137e-01
8.693719506263732910e-01 1.306280195713043213e-01
3.574306902009993792e-04 9.996426105499267578e-01
5.741107463836669922e-01 4.258891940116882324e-01
4.530388687271624804e-04 9.995469450950622559e-01
9.988195300102233887e-01 1.180461840704083443e-03
4.994368180632591248e-03 9.950056672096252441e-01
1.113360631279647350e-03 9.988866448402404785e-01
4.368022564449347556e-05 9.999563694000244141e-01
3.970698118209838867e-01 6.029302477836608887e-01
7.543329847976565361e-04 9.992456436157226562e-01
1.073450475814752281e-04 9.998925924301147461e-01
4.111662972718477249e-03 9.958882927894592285e-01
4.786492884159088135e-01 5.213506817817687988e-01
5.071098804473876953e-01 4.928900599479675293e-01
4.165835343883372843e-05 9.999583959579467773e-01
7.768638730049133301e-01 2.231360971927642822e-01
9.998294115066528320e-01 1.705179456621408463e-04
9.997566342353820801e-01 2.433797053527086973e-04
8.370724916458129883e-01 1.629275381565093994e-01
1.084164367057383060e-03 9.989157915115356445e-01
1.038021966814994812e-02 9.896197915077209473e-01
2.276833765790797770e-05 9.999772310256958008e-01
9.998291730880737305e-01 1.708113704808056355e-04
9.998493194580078125e-01 1.506466651335358620e-04
4.547159746289253235e-02 9.545284509658813477e-01
6.043173074722290039e-01 3.956826627254486084e-01
1.887815597001463175e-05 9.999811649322509766e-01
2.896556106861680746e-04 9.997102618217468262e-01
6.046579480171203613e-01 3.953420221805572510e-01
3.087681034230627120e-05 9.999691247940063477e-01
8.673143383930437267e-06 9.999912977218627930e-01
4.079615175724029541e-01 5.920385122299194336e-01
3.978466093540191650e-01 6.021534204483032227e-01
7.914128218544647098e-05 9.999208450317382812e-01
4.553286089503671974e-06 9.999954700469970703e-01
1.296123082283884287e-04 9.998704195022583008e-01
5.205668458074796945e-06 9.999947547912597656e-01
9.616316556930541992e-01 3.836838528513908386e-02
1.257764250040054321e-01 8.742235898971557617e-01
9.760884046554565430e-01 2.391158789396286011e-02
8.543922901153564453e-01 1.456076651811599731e-01
3.630325198173522949e-02 9.636967182159423828e-01
1.946099698543548584e-01 8.053900003433227539e-01
4.320291876792907715e-01 5.679707527160644531e-01
1.003048382699489594e-04 9.998996257781982422e-01
1.201874017715454102e-01 8.798125386238098145e-01
9.994599223136901855e-01 5.400597001425921917e-04
8.744980692863464355e-01 1.255018711090087891e-01
4.754317615152103826e-06 9.999952316284179688e-01
4.589554853737354279e-03 9.954105019569396973e-01
2.774799577309750021e-05 9.999722242355346680e-01
1.212373282760381699e-02 9.878762960433959961e-01
8.860303163528442383e-01 1.139697358012199402e-01
2.910283207893371582e-02 9.708971977233886719e-01
4.273487138561904430e-05 9.999572038650512695e-01
6.739902892149984837e-05 9.999326467514038086e-01
8.492189226672053337e-04 9.991507530212402344e-01
7.143308520317077637e-01 2.856691479682922363e-01
2.000234235310927033e-05 9.999799728393554688e-01
3.450364619493484497e-02 9.654963612556457520e-01
9.980346560478210449e-01 1.965349772945046425e-03
9.890916347503662109e-01 1.090829353779554367e-02
9.998854398727416992e-01 1.145959904533810914e-04
5.967738628387451172e-01 4.032261371612548828e-01
2.744763914961367846e-04 9.997255206108093262e-01
9.925099611282348633e-01 7.490022107958793640e-03
1.287838518619537354e-01 8.712161183357238770e-01
9.871810078620910645e-01 1.281905360519886017e-02
9.994212388992309570e-01 5.787325790151953697e-04
9.795336723327636719e-01 2.046626992523670197e-02
9.113880223594605923e-04 9.990886449813842773e-01
2.683901693671941757e-04 9.997316002845764160e-01
9.053612947463989258e-01 9.463865309953689575e-02
4.762672260403633118e-02 9.523733258247375488e-01
5.838502645492553711e-01 4.161497354507446289e-01
4.079307895153760910e-03 9.959206581115722656e-01
2.139928191900253296e-01 7.860071659088134766e-01
1.660851836204528809e-01 8.339148759841918945e-01
1.279055178165435791e-01 8.720945119857788086e-01
7.422853112220764160e-01 2.577146887779235840e-01
2.621753083076328039e-04 9.997377991676330566e-01
1.469745952636003494e-02 9.853025674819946289e-01
4.586542672768700868e-06 9.999954700469970703e-01
6.013670281390659511e-05 9.999399185180664062e-01
9.864733219146728516e-01 1.352674514055252075e-02
7.646276950836181641e-01 2.353723347187042236e-01
6.145802140235900879e-01 3.854197561740875244e-01
9.979379773139953613e-01 2.061968203634023666e-03
6.702495156787335873e-04 9.993298053741455078e-01
4.142696980125037953e-06 9.999958276748657227e-01
1.629842561669647694e-03 9.983702301979064941e-01
1.570285880006849766e-03 9.984297156333923340e-01
4.394725328893400729e-05 9.999560117721557617e-01
1.845177146606147289e-03 9.981548190116882324e-01
1.794456147763412446e-05 9.999819993972778320e-01
1.041425930452533066e-04 9.998958110809326172e-01
9.942561984062194824e-01 5.743761546909809113e-03
3.606367111206054688e-01 6.393633484840393066e-01
2.347053123230580240e-05 9.999765157699584961e-01
6.998746097087860107e-02 9.300125241279602051e-01
1.357558630843413994e-05 9.999864101409912109e-01
7.434252620441839099e-05 9.999256134033203125e-01
1.339831622317433357e-03 9.986602067947387695e-01
2.397747486829757690e-01 7.602252364158630371e-01
1.396820698573719710e-05 9.999860525131225586e-01
7.015600204467773438e-01 2.984399199485778809e-01
9.216410517692565918e-01 7.835891842842102051e-02
3.307484462857246399e-02 9.669252038002014160e-01
1.751375151798129082e-03 9.982486963272094727e-01
5.694174170494079590e-01 4.305826127529144287e-01
4.691823050961829722e-05 9.999530315399169922e-01
6.343687418848276138e-04 9.993656277656555176e-01
9.126930308411829174e-06 9.999908208847045898e-01
4.768286049365997314e-01 5.231713652610778809e-01
8.206859638448804617e-05 9.999179840087890625e-01
1.161101754405535758e-04 9.998838901519775391e-01
9.997045397758483887e-01 2.953764051198959351e-04
4.837579908780753613e-04 9.995162487030029297e-01
1.948585850186645985e-03 9.980514049530029297e-01
4.787067174911499023e-01 5.212932825088500977e-01
9.746121764183044434e-01 2.538785338401794434e-02
8.513694774592295289e-05 9.999148845672607422e-01
2.447766484692692757e-03 9.975522160530090332e-01
1.050872651831014082e-05 9.999895095825195312e-01
5.104443058371543884e-02 9.489555954933166504e-01
5.416427254676818848e-01 4.583572745323181152e-01
5.241287499666213989e-02 9.475871324539184570e-01
8.137636780738830566e-01 1.862362772226333618e-01
5.608228221535682678e-02 9.439176917076110840e-01
9.359740018844604492e-01 6.402605026960372925e-02
8.993051596917212009e-05 9.999101161956787109e-01
1.942852046340703964e-03 9.980570673942565918e-01
8.320782333612442017e-03 9.916792511940002441e-01
9.878012537956237793e-01 1.219866983592510223e-02
8.021481633186340332e-01 1.978518217802047729e-01
6.382518410682678223e-01 3.617481291294097900e-01
2.573762536048889160e-01 7.426237463951110840e-01
9.053117537405341864e-05 9.999095201492309570e-01
1.901743416965473443e-05 9.999809265136718750e-01
9.999040365219116211e-01 9.591527486918494105e-05
7.507877796888351440e-02 9.249212145805358887e-01
6.937007904052734375e-01 3.062992393970489502e-01
9.724837541580200195e-01 2.751617878675460815e-02
9.948284029960632324e-01 5.171573255211114883e-03
5.965194304735632613e-06 9.999940395355224609e-01
7.838288545608520508e-01 2.161711007356643677e-01
5.448634055937873200e-06 9.999945163726806641e-01
3.112289588898420334e-03 9.968877434730529785e-01
6.125426292419433594e-02 9.387456774711608887e-01
9.373869895935058594e-01 6.261303275823593140e-02
2.382846176624298096e-02 9.761715531349182129e-01
9.777906537055969238e-01 2.220927365124225616e-02
3.132671554340049624e-05 9.999686479568481445e-01
3.072373569011688232e-01 6.927626729011535645e-01
1.219890778884291649e-03 9.987800717353820801e-01
5.347947478294372559e-01 4.652052521705627441e-01
1.732712239027023315e-01 8.267288208007812500e-01
7.453169822692871094e-01 2.546830773353576660e-01
2.890894538722932339e-04 9.997108578681945801e-01
8.407899737358093262e-02 9.159209728240966797e-01
9.207543730735778809e-01 7.924570888280868530e-02
1.133896177634596825e-03 9.988660812377929688e-01
2.416149675846099854e-01 7.583850622177124023e-01
3.477186837699264288e-04 9.996522665023803711e-01
