9.997726082801818848e-01 2.273474674439057708e-04
9.998220801353454590e-01 1.779051817720755935e-04
9.965338706970214844e-01 3.466064110398292542e-03
9.941117167472839355e-01 5.888226442039012909e-03
9.963994026184082031e-01 3.600582480430603027e-03
9.942355751991271973e-01 5.764448083937168121e-03
1.403313968330621719e-02 9.859668612480163574e-01
9.999134540557861328e-01 8.654370321892201900e-05
2.264118194580078125e-02 9.773588180541992188e-01
9.991633892059326172e-01 8.366354159079492092e-04
9.959583878517150879e-01 4.041584674268960953e-03
2.795184729620814323e-03 9.972048401832580566e-01
3.839150886051356792e-04 9.996160268783569336e-01
2.379222307354211807e-03 9.976207613945007324e-01
5.515345931053161621e-01 4.484654664993286133e-01
5.247688889503479004e-01 4.752311110496520996e-01
9.993921518325805664e-01 6.078334408812224865e-04
8.821267485618591309e-01 1.178733035922050476e-01
9.985412359237670898e-01 1.458795042708516121e-03
8.759015798568725586e-02 9.124099016189575195e-01
5.887249112129211426e-01 4.112750589847564697e-01
9.968702197074890137e-01 3.129843389615416527e-03
1.032631993293762207e-01 8.967368006706237793e-01
9.602178335189819336e-01 3.978221490979194641e-02
9.999357461929321289e-01 6.428091728594154119e-05
1.586213591508567333e-03 9.984138011932373047e-01
9.555429220199584961e-01 4.445704817771911621e-02
9.903210997581481934e-01 9.678910486400127411e-03
6.342959403991699219e-01 3.657040894031524658e-01
9.994260072708129883e-01 5.740108899772167206e-04
6.588658690452575684e-02 9.341133832931518555e-01
8.743776679039001465e-01 1.256223469972610474e-01
1.075097266584634781e-02 9.892489910125732422e-01
9.989504218101501465e-01 1.049618120305240154e-03
9.992625117301940918e-01 7.375336135737597942e-04
9.985457658767700195e-01 1.454203971661627293e-03
1.581384390592575073e-01 8.418615460395812988e-01
1.830922998487949371e-02 9.816908240318298340e-01
9.997314810752868652e-01 2.685279177967458963e-04
9.534097313880920410e-01 4.659028351306915283e-02
2.488282769918441772e-01 7.511717081069946289e-01
9.956783652305603027e-01 4.321683198213577271e-03
9.866672158241271973e-01 1.333277951925992966e-02
1.728839706629514694e-03 9.982711076736450195e-01
7.836961187422275543e-03 9.921631217002868652e-01
2.101290598511695862e-02 9.789871573448181152e-01
4.451058339327573776e-03 9.955489635467529297e-01
6.342183332890272141e-03 9.936577677726745605e-01
5.948835983872413635e-03 9.940511584281921387e-01
2.306610792875289917e-01 7.693389654159545898e-01
9.979571104049682617e-01 2.042848384007811546e-03
9.870640039443969727e-01 1.293594017624855042e-02
9.990217685699462891e-01 9.782615816220641136e-04
7.347718812525272369e-03 9.926522970199584961e-01
9.965403079986572266e-01 3.459725761786103249e-03
4.847097443416714668e-04 9.995152950286865234e-01
9.984298348426818848e-01 1.570098218508064747e-03
3.783280402421951294e-02 9.621672630310058594e-01
4.843028485774993896e-01 5.156971812248229980e-01
5.519527196884155273e-01 4.480472803115844727e-01
9.983584284782409668e-01 1.641532056964933872e-03
9.971777200698852539e-01 2.822285518050193787e-03
5.051669478416442871e-01 4.948330819606781006e-01
1.628799363970756531e-02 9.837120175361633301e-01
9.294624924659729004e-01 7.053748518228530884e-02
9.995654225349426270e-01 4.345111665315926075e-04
9.982415437698364258e-01 1.758438767865300179e-03
9.734609723091125488e-01 2.653906680643558502e-02
3.814238356426358223e-03 9.961857199668884277e-01
9.976740479469299316e-01 2.325989073142409325e-03
9.962576627731323242e-01 3.742302535101771355e-03
9.996179342269897461e-01 3.819842240773141384e-04
9.989534616470336914e-01 1.046517281793057919e-03
9.974275231361389160e-01 2.572514582425355911e-03
7.565991282463073730e-01 2.434009313583374023e-01
2.431400269269943237e-01 7.568600177764892578e-01
4.958745837211608887e-01 5.041253566741943359e-01
9.917519688606262207e-01 8.248025551438331604e-03
9.353061318397521973e-01 6.469389796257019043e-02
9.995537400245666504e-01 4.462266224436461926e-04
9.999452829360961914e-01 5.469713869388215244e-05
9.964711666107177734e-01 3.528814995661377907e-03
9.977679252624511719e-01 2.232143888249993324e-03
9.875491959974169731e-04 9.990124702453613281e-01
9.969428181648254395e-01 3.057149471715092659e-03
9.977205395698547363e-01 2.279449719935655594e-03
5.386399105191230774e-03 9.946135878562927246e-01
9.979904890060424805e-01 2.009506104514002800e-03
9.998399019241333008e-01 1.600496616447344422e-04
9.489282965660095215e-01 5.107172951102256775e-02
9.940733313560485840e-01 5.926716141402721405e-03
4.318466782569885254e-02 9.568153619766235352e-01
9.976341724395751953e-01 2.365799620747566223e-03
9.675357937812805176e-01 3.246417641639709473e-02
9.995958209037780762e-01 4.042436776217073202e-04
6.583239138126373291e-02 9.341675639152526855e-01
9.968978166580200195e-01 3.102192422375082970e-03
2.928333282470703125e-01 7.071666121482849121e-01
1.041191667318344116e-01 8.958808183670043945e-01
9.608356952667236328e-01 3.916433081030845642e-02
9.995655417442321777e-01 4.345004272181540728e-04
1.215847358107566833e-01 8.784152865409851074e-01
9.978709220886230469e-01 2.129115862771868706e-03
8.305946588516235352e-01 1.694053560495376587e-01
9.998606443405151367e-01 1.393461279803887010e-04
1.046372056007385254e-01 8.953627347946166992e-01
9.974052309989929199e-01 2.594730583950877190e-03
9.529538750648498535e-01 4.704609513282775879e-02
3.958238661289215088e-02 9.604175686836242676e-01
9.884697198867797852e-01 1.153026893734931946e-02
5.381195247173309326e-02 9.461880326271057129e-01
2.369110472500324249e-02 9.763088822364807129e-01
9.504433274269104004e-01 4.955671355128288269e-02
9.983293414115905762e-01 1.670695492066442966e-03
9.996407032012939453e-01 3.593022120185196400e-04
7.678802609443664551e-01 2.321197241544723511e-01
1.769580990076065063e-01 8.230419158935546875e-01
2.202988544013351202e-04 9.997797608375549316e-01
9.858427643775939941e-01 1.415725145488977432e-02
9.722948670387268066e-01 2.770510315895080566e-02
8.572599887847900391e-01 1.427400261163711548e-01
9.820069670677185059e-01 1.799299754202365875e-02
9.982220530509948730e-01 1.777905621565878391e-03
9.942810535430908203e-01 5.718926433473825455e-03
9.739851951599121094e-01 2.601477876305580139e-02
3.362779738381505013e-03 9.966372251510620117e-01
9.866285324096679688e-01 1.337141823023557663e-02
1.616212772205471992e-03 9.983837604522705078e-01
8.690708130598068237e-02 9.130928516387939453e-01
9.996777772903442383e-01 3.222370578441768885e-04
2.487101778388023376e-02 9.751290082931518555e-01
3.009123206138610840e-01 6.990877389907836914e-01
9.601170420646667480e-01 3.988293930888175964e-02
9.997724890708923340e-01 2.275404985994100571e-04
3.627643454819917679e-04 9.996372461318969727e-01
9.997791647911071777e-01 2.208738587796688080e-04
5.930496007204055786e-02 9.406949877738952637e-01
9.923887848854064941e-01 7.611158303916454315e-03
1.403220463544130325e-03 9.985967278480529785e-01
9.998557567596435547e-01 1.442656503058969975e-04
9.997005462646484375e-01 2.994746610056608915e-04
5.393014289438724518e-03 9.946070313453674316e-01
8.480851650238037109e-01 1.519148051738739014e-01
6.215608119964599609e-01 3.784391582012176514e-01
9.991894364356994629e-01 8.105039014481008053e-04
9.992953538894653320e-01 7.045696838758885860e-04
9.852020144462585449e-01 1.479802746325731277e-02
6.185112148523330688e-02 9.381488561630249023e-01
9.988510608673095703e-01 1.148973242379724979e-03
9.999426603317260742e-01 5.728272299165837467e-05
9.993289709091186523e-01 6.711003370583057404e-04
3.603912191465497017e-04 9.996396303176879883e-01
1.907598343677818775e-03 9.980923533439636230e-01
9.995132684707641602e-01 4.867479146923869848e-04
4.927191417664289474e-03 9.950727820396423340e-01
1.804932020604610443e-03 9.981951117515563965e-01
8.997271652333438396e-04 9.991003274917602539e-01
9.959465861320495605e-01 4.053423646837472916e-03
4.149506858084350824e-04 9.995850920677185059e-01
9.987025260925292969e-01 1.297478447668254375e-03
2.384882234036922455e-02 9.761511683464050293e-01
9.569225311279296875e-01 4.307741299271583557e-02
1.583110657520592213e-03 9.984169006347656250e-01
4.511860013008117676e-02 9.548813700675964355e-01
5.558182001113891602e-01 4.441818594932556152e-01
2.189565420849248767e-04 9.997810721397399902e-01
9.964583516120910645e-01 3.541602520272135735e-03
9.427114725112915039e-01 5.728847533464431763e-02
5.863588885404169559e-04 9.994136095046997070e-01
9.991866946220397949e-01 8.133554365485906601e-04
7.167965668486431241e-05 9.999283552169799805e-01
9.940505623817443848e-01 5.949370563030242920e-03
2.324434928596019745e-02 9.767556190490722656e-01
9.999155998229980469e-01 8.434840128757059574e-05
9.997677206993103027e-01 2.322827349416911602e-04
9.998929500579833984e-01 1.069928985089063644e-04
9.985353946685791016e-01 1.464630244299769402e-03
9.913281798362731934e-01 8.671786636114120483e-03
9.074512869119644165e-03 9.909254312515258789e-01
9.997134804725646973e-01 2.865047717932611704e-04
4.770101513713598251e-03 9.952299594879150391e-01
9.997417330741882324e-01 2.582788874860852957e-04
9.985852241516113281e-01 1.414786325767636299e-03
5.543110966682434082e-01 4.456889629364013672e-01
9.814008474349975586e-01 1.859912462532520294e-02
9.914612770080566406e-01 8.538697846233844757e-03
9.979769587516784668e-01 2.023027045652270317e-03
1.366149750538170338e-03 9.986338019371032715e-01
9.924023151397705078e-01 7.597729098051786423e-03
9.352681636810302734e-01 6.473188102245330811e-02
9.995050430297851562e-01 4.949930589646100998e-04
9.991763234138488770e-01 8.236894500441849232e-04
9.994848966598510742e-01 5.150688230060040951e-04
7.434355560690164566e-03 9.925656318664550781e-01
9.411577582359313965e-01 5.884220451116561890e-02
9.998548030853271484e-01 1.451816788176074624e-04
9.999012947082519531e-01 9.871178917819634080e-05
3.943390678614377975e-03 9.960565567016601562e-01
9.364596605300903320e-01 6.354033946990966797e-02
9.399628043174743652e-01 6.003717333078384399e-02
4.541153460741043091e-02 9.545884132385253906e-01
3.911981880664825439e-01 6.088017821311950684e-01
9.954777359962463379e-01 4.522333852946758270e-03
5.559051036834716797e-01 4.440949261188507080e-01
9.883638620376586914e-01 1.163610257208347321e-02
9.995819926261901855e-01 4.179582756478339434e-04
2.310042828321456909e-01 7.689957022666931152e-01
9.998413324356079102e-01 1.587009755894541740e-04
9.987550973892211914e-01 1.244885264895856380e-03
1.652142256498336792e-01 8.347858190536499023e-01
4.968272447586059570e-01 5.031727552413940430e-01
9.997448325157165527e-01 2.551618381403386593e-04
7.917861342430114746e-01 2.082139104604721069e-01
9.990075230598449707e-01 9.924669284373521805e-04
7.432032823562622070e-01 2.567967176437377930e-01
9.161255359649658203e-01 8.387448638677597046e-02
3.324916958808898926e-01 6.675083637237548828e-01
9.998815059661865234e-01 1.184841094072908163e-04
8.250824213027954102e-01 1.749175339937210083e-01
8.441068348474800587e-05 9.999155998229980469e-01
9.993156194686889648e-01 6.843973533250391483e-04
9.991643428802490234e-01 8.356824982911348343e-04
8.722456693649291992e-01 1.277543753385543823e-01
4.263637959957122803e-02 9.573636651039123535e-01
3.185352776199579239e-03 9.968146681785583496e-01
8.696073293685913086e-01 1.303926110267639160e-01
5.061108991503715515e-02 9.493889212608337402e-01
9.990358352661132812e-01 9.641653741709887981e-04
9.428942799568176270e-01 5.710576847195625305e-02
9.950520396232604980e-01 4.947957582771778107e-03
2.529460489749908447e-01 7.470539212226867676e-01
9.922502636909484863e-01 7.749667391180992126e-03
9.997447133064270020e-01 2.553358499426394701e-04
2.214736193418502808e-01 7.785264253616333008e-01
4.502655938267707825e-02 9.549734592437744141e-01
5.557267069816589355e-01 4.442732632160186768e-01
9.799466729164123535e-01 2.005339600145816803e-02
1.896336823701858521e-01 8.103662729263305664e-01
9.997829794883728027e-01 2.170004008803516626e-04
9.963067770004272461e-01 3.693191334605216980e-03
2.060814586002379656e-04 9.997939467430114746e-01
9.997683167457580566e-01 2.317275066161528230e-04
2.587044797837734222e-02 9.741296172142028809e-01
9.992313385009765625e-01 7.686894969083368778e-04
9.968245029449462891e-01 3.175464691594243050e-03
9.998961687088012695e-01 1.037644178722985089e-04
9.954091906547546387e-01 4.590825177729129791e-03
9.935389161109924316e-01 6.461126264184713364e-03
9.995369911193847656e-01 4.629968025255948305e-04
9.820273518562316895e-01 1.797268912196159363e-02
9.673848152160644531e-01 3.261517733335494995e-02
9.738067388534545898e-01 2.619322761893272400e-02
9.995591044425964355e-01 4.408835375215858221e-04
9.988150596618652344e-01 1.184948370791971684e-03
4.637933373451232910e-01 5.362066626548767090e-01
9.965038299560546875e-01 3.496180986985564232e-03
9.981908202171325684e-01 1.809139386750757694e-03
7.868110537528991699e-01 2.131889015436172485e-01
9.983395338058471680e-01 1.660443376749753952e-03
8.502239584922790527e-01 1.497760266065597534e-01
9.371609091758728027e-01 6.283906102180480957e-02
2.043822547420859337e-03 9.979561567306518555e-01
9.987651109695434570e-01 1.234884257428348064e-03
1.428875606507062912e-02 9.857112765312194824e-01
4.185909405350685120e-03 9.958140254020690918e-01
9.990422129631042480e-01 9.577975142747163773e-04
6.971807479858398438e-01 3.028192222118377686e-01
8.605871349573135376e-02 9.139412641525268555e-01
6.232855319976806641e-01 3.767144978046417236e-01
1.925308257341384888e-03 9.980746507644653320e-01
5.293177673593163490e-04 9.994706511497497559e-01
9.998931884765625000e-01 1.068291821866296232e-04
9.718528389930725098e-01 2.814712934195995331e-02
9.937484264373779297e-01 6.251586135476827621e-03
9.042643755674362183e-02 9.095736145973205566e-01
9.975014328956604004e-01 2.498508431017398834e-03
9.994445443153381348e-01 5.554897361434996128e-04
9.811658859252929688e-01 1.883412525057792664e-02
9.864053130149841309e-01 1.359468325972557068e-02
6.115106865763664246e-02 9.388489723205566406e-01
3.230598813388496637e-04 9.996769428253173828e-01
9.998189806938171387e-01 1.810969697544351220e-04
6.638278961181640625e-01 3.361721038818359375e-01
2.933745980262756348e-01 7.066254019737243652e-01
9.768954515457153320e-01 2.310454100370407104e-02
9.877586960792541504e-01 1.224130298942327499e-02
9.713922142982482910e-01 2.860776521265506744e-02
7.019727956503629684e-03 9.929803013801574707e-01
1.156731508672237396e-02 9.884327054023742676e-01
9.944775700569152832e-01 5.522428080439567566e-03
3.581985533237457275e-01 6.418014168739318848e-01
1.283511985093355179e-03 9.987164735794067383e-01
9.960845708847045898e-01 3.915371838957071304e-03
6.077557429671287537e-02 9.392244219779968262e-01
6.025059148669242859e-02 9.397493600845336914e-01
9.977592229843139648e-01 2.240723231807351112e-03
9.987903237342834473e-01 1.209655310958623886e-03
8.988302946090698242e-02 9.101169705390930176e-01
9.681070446968078613e-01 3.189289197325706482e-02
9.999573230743408203e-01 4.272281512385234237e-05
9.510587453842163086e-01 4.894127324223518372e-02
4.525010883808135986e-01 5.474988818168640137e-01
9.474846124649047852e-01 5.251540988683700562e-02
7.785751223564147949e-01 2.214248478412628174e-01
2.275809459388256073e-02 9.772418737411499023e-01
3.176515400409698486e-01 6.823484897613525391e-01
9.976621866226196289e-01 2.337823621928691864e-03
1.872365392046049237e-04 9.998127818107604980e-01
9.997300505638122559e-01 2.699860488064587116e-04
9.990803003311157227e-01 9.196759201586246490e-04
1.282981131225824356e-02 9.871701598167419434e-01
6.994542479515075684e-01 3.005457520484924316e-01
2.516468986868858337e-03 9.974835515022277832e-01
9.985435009002685547e-01 1.456532394513487816e-03
3.152442222926765680e-04 9.996848106384277344e-01
7.959715723991394043e-01 2.040284276008605957e-01
9.965538978576660156e-01 3.446136601269245148e-03
9.344799518585205078e-01 6.551999598741531372e-02
1.648301072418689728e-02 9.835169911384582520e-01
9.726527929306030273e-01 2.734723873436450958e-02
2.573627571109682322e-04 9.997426867485046387e-01
9.951279163360595703e-01 4.872080404311418533e-03
9.809224009513854980e-01 1.907762885093688965e-02
9.984799027442932129e-01 1.520108198747038841e-03
9.939398765563964844e-01 6.060097366571426392e-03
9.985414743423461914e-01 1.458520651794970036e-03
9.954192638397216797e-01 4.580786451697349548e-03
1.431016176939010620e-01 8.568984270095825195e-01
9.998395442962646484e-01 1.604810677235946059e-04
9.246379137039184570e-01 7.536209374666213989e-02
1.972276531159877777e-02 9.802772402763366699e-01
9.607598781585693359e-01 3.924007713794708252e-02
9.077420830726623535e-01 9.225792437791824341e-02
9.988455772399902344e-01 1.154452213086187840e-03
1.330142840743064880e-04 9.998669624328613281e-01
9.997435212135314941e-01 2.564564056228846312e-04
1.161043122410774231e-01 8.838957548141479492e-01
9.991196990013122559e-01 8.802768425084650517e-04
9.871966838836669922e-01 1.280335057526826859e-02
9.997400641441345215e-01 2.599868166726082563e-04
2.943580737337470055e-03 9.970564842224121094e-01
6.403785347938537598e-01 3.596214950084686279e-01
6.175002548843622208e-03 9.938249588012695312e-01
6.754837036132812500e-01 3.245162963867187500e-01
9.817980527877807617e-01 1.820199005305767059e-02
9.264354705810546875e-01 7.356457412242889404e-02
3.458328545093536377e-02 9.654166698455810547e-01
9.811623096466064453e-01 1.883764937520027161e-02
9.983806610107421875e-01 1.619317336007952690e-03
5.669781239703297615e-04 9.994329810142517090e-01
9.988671541213989258e-01 1.132835517637431622e-03
9.998034834861755371e-01 1.965108094736933708e-04
4.392572343349456787e-01 5.607427358627319336e-01
9.982939362525939941e-01 1.706015551462769508e-03
9.662954807281494141e-01 3.370459377765655518e-02
7.105440599843859673e-04 9.992893934249877930e-01
2.603218853473663330e-01 7.396780848503112793e-01
2.955591771751642227e-03 9.970443844795227051e-01
5.634152889251708984e-01 4.365847408771514893e-01
9.954492449760437012e-01 4.550796933472156525e-03
7.921432256698608398e-01 2.078567445278167725e-01
1.577029470354318619e-03 9.984229803085327148e-01
9.995207786560058594e-01 4.791743122041225433e-04
9.878900647163391113e-01 1.211001724004745483e-02
9.316221475601196289e-01 6.837781518697738647e-02
3.123354613780975342e-01 6.876645684242248535e-01
8.720430731773376465e-01 1.279569119215011597e-01
9.958999752998352051e-01 4.099981859326362610e-03
1.276694983243942261e-01 8.723305463790893555e-01
9.993085861206054688e-01 6.914310506545007229e-04
7.827218770980834961e-01 2.172781527042388916e-01
9.981334805488586426e-01 1.866558333858847618e-03
9.440517425537109375e-01 5.594826862215995789e-02
1.753654032945632935e-01 8.246346116065979004e-01
9.956549406051635742e-01 4.344992339611053467e-03
9.994432330131530762e-01 5.567476036958396435e-04
1.115464474423788488e-04 9.998884201049804688e-01
9.529587626457214355e-01 4.704124107956886292e-02
9.965335130691528320e-01 3.466446418315172195e-03
9.368560314178466797e-01 6.314397603273391724e-02
9.991028308868408203e-01 8.971546776592731476e-04
5.350326374173164368e-02 9.464967846870422363e-01
9.994520545005798340e-01 5.479676765389740467e-04
3.121545910835266113e-02 9.687845110893249512e-01
8.235138058662414551e-01 1.764862090349197388e-01
6.299688816070556641e-01 3.700311481952667236e-01
9.945622086524963379e-01 5.437841638922691345e-03
9.824429750442504883e-01 1.755700074136257172e-02
9.636191129684448242e-01 3.638083487749099731e-02
9.978182315826416016e-01 2.181821502745151520e-03
9.991570711135864258e-01 8.429635199718177319e-04
9.944065809249877930e-01 5.593480542302131653e-03
6.016965489834547043e-04 9.993983507156372070e-01
9.995923638343811035e-01 4.076705081388354301e-04
1.694357767701148987e-02 9.830564260482788086e-01
9.987089633941650391e-01 1.291017164476215839e-03
9.998682737350463867e-01 1.317023416049778461e-04
3.439087187871336937e-03 9.965608716011047363e-01
7.729863524436950684e-01 2.270136177539825439e-01
9.999192953109741211e-01 8.073787466855719686e-05
9.975615739822387695e-01 2.438425552099943161e-03
7.195748686790466309e-01 2.804251611232757568e-01
5.201920866966247559e-01 4.798078835010528564e-01
9.988586902618408203e-01 1.141295419074594975e-03
9.128349423408508301e-01 8.716505020856857300e-02
9.943935871124267578e-01 5.606377497315406799e-03
9.949346184730529785e-01 5.065448116511106491e-03
3.757496476173400879e-01 6.242503523826599121e-01
6.831454634666442871e-01 3.168545663356781006e-01
9.990451931953430176e-01 9.547972003929316998e-04
1.147381514310836792e-01 8.852617740631103516e-01
9.083065390586853027e-01 9.169339388608932495e-02
9.945600628852844238e-01 5.439945962280035019e-03
9.995425939559936523e-01 4.574076447170227766e-04
5.435126367956399918e-03 9.945648908615112305e-01
6.568099856376647949e-01 3.431900441646575928e-01
4.514671396464109421e-03 9.954853057861328125e-01
3.489981871098279953e-03 9.965099692344665527e-01
5.316585302352905273e-02 9.468341469764709473e-01
9.984265565872192383e-01 1.573460409417748451e-03
4.840071126818656921e-02 9.515993595123291016e-01
9.976472258567810059e-01 2.352720126509666443e-03
8.978794813156127930e-01 1.021205335855484009e-01
9.986143112182617188e-01 1.385654089972376823e-03
8.217537999153137207e-01 1.782462149858474731e-01
9.996278285980224609e-01 3.721238172147423029e-04
9.986238479614257812e-01 1.376190455630421638e-03
9.996052384376525879e-01 3.947644727304577827e-04
9.997183680534362793e-01 2.816439082380384207e-04
9.774484038352966309e-01 2.255159430205821991e-02
4.884694237262010574e-03 9.951152801513671875e-01
3.384763258509337902e-04 9.996615648269653320e-01
9.965282082557678223e-01 3.471787320449948311e-03
9.354296922683715820e-01 6.457031518220901489e-02
9.806786179542541504e-01 1.932146027684211731e-02
1.691002864390611649e-03 9.983090162277221680e-01
1.452097147703170776e-01 8.547903299331665039e-01
9.504405260086059570e-01 4.955950006842613220e-02
3.833064110949635506e-03 9.961668848991394043e-01
9.998456239700317383e-01 1.543136168038472533e-04
9.992625117301940918e-01 7.374738343060016632e-04
8.439465761184692383e-01 1.560534238815307617e-01
9.998420476913452148e-01 1.578749070176854730e-04
9.997739195823669434e-01 2.260316250612959266e-04
9.994095563888549805e-01 5.904897698201239109e-04
9.963862895965576172e-01 3.613666864112019539e-03
9.964513778686523438e-01 3.548564622178673744e-03
9.995791316032409668e-01 4.208974714856594801e-04
9.977845549583435059e-01 2.215432468801736832e-03
9.915705919265747070e-01 8.429345674812793732e-03
9.996199607849121094e-01 3.800290869548916817e-04
9.998261332511901855e-01 1.739477156661450863e-04
9.962139725685119629e-01 3.785957116633653641e-03
9.784951806068420410e-01 2.150480635464191437e-02
9.775239229202270508e-01 2.247601747512817383e-02
8.351506548933684826e-04 9.991648197174072266e-01
9.890429377555847168e-01 1.095704920589923859e-02
9.610564112663269043e-01 3.894352912902832031e-02
2.794154919683933258e-03 9.972057938575744629e-01
9.953570961952209473e-01 4.642840009182691574e-03
9.997197985649108887e-01 2.801687805913388729e-04
9.993582367897033691e-01 6.417291006073355675e-04
1.994532532989978790e-02 9.800546169281005859e-01
9.956054091453552246e-01 4.394608084112405777e-03
1.044938936829566956e-01 8.955061435699462891e-01
2.141881559509783983e-04 9.997858405113220215e-01
9.954386353492736816e-01 4.561332520097494125e-03
7.861281931400299072e-02 9.213871359825134277e-01
9.752789139747619629e-01 2.472105063498020172e-02
9.617197513580322266e-01 3.828029707074165344e-02
1.534946411848068237e-01 8.465053439140319824e-01
9.800028800964355469e-01 1.999713666737079620e-02
9.997664093971252441e-01 2.336525649297982454e-04
9.442951083183288574e-01 5.570491403341293335e-02
1.741878106258809566e-03 9.982581734657287598e-01
1.122255437076091766e-02 9.887774586677551270e-01
9.994903802871704102e-01 5.095677915960550308e-04
6.408725312212482095e-05 9.999358654022216797e-01
9.969657063484191895e-01 3.034241264685988426e-03
8.325838446617126465e-01 1.674161106348037720e-01
9.986856579780578613e-01 1.314308843575417995e-03
8.311217427253723145e-01 1.688783168792724609e-01
8.707935810089111328e-01 1.292064040899276733e-01
6.568250060081481934e-01 3.431749641895294189e-01
9.950349330902099609e-01 4.965142346918582916e-03
1.458795089274644852e-02 9.854120612144470215e-01
9.964181184768676758e-01 3.581930883228778839e-03
7.266786098480224609e-01 2.733214199542999268e-01
2.306506335735321045e-01 7.693493962287902832e-01
4.475351870059967041e-01 5.524647831916809082e-01
4.927488043904304504e-03 9.950725436210632324e-01
9.958172440528869629e-01 4.182744305580854416e-03
1.013247072696685791e-01 8.986752629280090332e-01
9.981901049613952637e-01 1.809931825846433640e-03
9.996758699417114258e-01 3.241557569708675146e-04
9.665408730506896973e-01 3.345910087227821350e-02
9.983573555946350098e-01 1.642618444748222828e-03
7.219532132148742676e-01 2.780467867851257324e-01
9.989312291145324707e-01 1.068802550435066223e-03
1.019378826022148132e-01 8.980621099472045898e-01
9.745520949363708496e-01 2.544796653091907501e-02
9.179238677024841309e-01 8.207616209983825684e-02
9.997579455375671387e-01 2.420532255200669169e-04
9.925392270088195801e-01 7.460777647793292999e-03
6.436268240213394165e-02 9.356372952461242676e-01
9.984669089317321777e-01 1.533004455268383026e-03
9.067508578300476074e-01 9.324913471937179565e-02
9.998860359191894531e-01 1.139305750257335603e-04
9.997894167900085449e-01 2.106471365550532937e-04
3.047039806842803955e-01 6.952960491180419922e-01
9.997979998588562012e-01 2.019598905462771654e-04
7.017567288130521774e-03 9.929823875427246094e-01
1.142712123692035675e-02 9.885728359222412109e-01
9.927176237106323242e-01 7.282380014657974243e-03
9.998495578765869141e-01 1.503772800788283348e-04
3.184551298618316650e-01 6.815448403358459473e-01
9.904344081878662109e-01 9.565650485455989838e-03
9.797571301460266113e-01 2.024285681545734406e-02
1.156692393124103546e-02 9.884330630302429199e-01
9.997552037239074707e-01 2.448282903060317039e-04
9.997673630714416504e-01 2.327003749087452888e-04
9.991610050201416016e-01 8.389964932575821877e-04
9.967689514160156250e-01 3.231122158467769623e-03
9.998365640640258789e-01 1.633602951187640429e-04
9.930098056793212891e-01 6.990181282162666321e-03
9.995773434638977051e-01 4.226004821248352528e-04
2.272030338644981384e-02 9.772796630859375000e-01
9.678117632865905762e-01 3.218828886747360229e-02
9.987953901290893555e-01 1.204636297188699245e-03
8.602098226547241211e-01 1.397901922464370728e-01
9.994723200798034668e-01 5.277190939523279667e-04
9.813480377197265625e-01 1.865202933549880981e-02
4.076767340302467346e-02 9.592323899269104004e-01
5.958454012870788574e-01 4.041546583175659180e-01
1.168548129498958588e-03 9.988314509391784668e-01
2.798841893672943115e-02 9.720116257667541504e-01
9.917562007904052734e-01 8.243829011917114258e-03
9.958695769309997559e-01 4.130393266677856445e-03
1.411899807862937450e-03 9.985880255699157715e-01
9.993115663528442383e-01 6.884140893816947937e-04
9.858409166336059570e-01 1.415904704481363297e-02
6.515811383724212646e-02 9.348418712615966797e-01
9.715212583541870117e-01 2.847877889871597290e-02
9.999070167541503906e-01 9.301439422415569425e-05
2.804055402521044016e-04 9.997195601463317871e-01
5.346019938588142395e-02 9.465398192405700684e-01
4.833358898758888245e-02 9.516663551330566406e-01
9.999567270278930664e-01 4.328071736381389201e-05
8.860490918159484863e-01 1.139509081840515137e-01
9.988170862197875977e-01 1.182916923426091671e-03
8.081908524036407471e-02 9.191809296607971191e-01
9.988493919372558594e-01 1.150557422079145908e-03
9.251883625984191895e-01 7.481165975332260132e-02
9.941384792327880859e-01 5.861538928002119064e-03
9.993013143539428711e-01 6.986950174905359745e-04
9.936926364898681641e-01 6.307382136583328247e-03
9.970090985298156738e-01 2.990874228999018669e-03
9.994375109672546387e-01 5.624506738968193531e-04
9.998914003372192383e-01 1.085902840713970363e-04
9.995476603507995605e-01 4.522634553723037243e-04
8.865317106246948242e-01 1.134683117270469666e-01
2.024655640125274658e-01 7.975344657897949219e-01
9.990141391754150391e-01 9.858249686658382416e-04
5.877094268798828125e-01 4.122905433177947998e-01
9.998125433921813965e-01 1.875297311926260591e-04
1.493547111749649048e-02 9.850645661354064941e-01
4.302783310413360596e-01 5.697216391563415527e-01
9.992797970771789551e-01 7.202561246231198311e-04
9.948198199272155762e-01 5.180243868380784988e-03
9.969592094421386719e-01 3.040869487449526787e-03
9.996246099472045898e-01 3.754078061319887638e-04
6.456964183598756790e-03 9.935430288314819336e-01
9.780791997909545898e-01 2.192077785730361938e-02
3.333608806133270264e-01 6.666390895843505859e-01
9.997791647911071777e-01 2.208730147685855627e-04
1.866730599431321025e-04 9.998133778572082520e-01
3.013701736927032471e-01 6.986298561096191406e-01
9.997988343238830566e-01 2.012055192608386278e-04
9.999089241027832031e-01 9.103829506784677505e-05
9.931273460388183594e-01 6.872696336358785629e-03
1.185302529484033585e-02 9.881469607353210449e-01
8.509063720703125000e-01 1.490935534238815308e-01
9.966102242469787598e-01 3.389715682715177536e-03
9.977265000343322754e-01 2.273473422974348068e-03
9.989306330680847168e-01 1.069367281161248684e-03
8.198728561401367188e-01 1.801270991563796997e-01
9.802600741386413574e-01 1.973993331193923950e-02
1.172139719128608704e-01 8.827860355377197266e-01
8.493974208831787109e-01 1.506025493144989014e-01
9.927524328231811523e-01 7.247604429721832275e-03
9.997317194938659668e-01 2.682162157725542784e-04
9.980315566062927246e-01 1.968477154150605202e-03
9.907365441322326660e-01 9.263460524380207062e-03
9.855221509933471680e-01 1.447778381407260895e-02
9.999052286148071289e-01 9.476043487666174769e-05
9.995197057723999023e-01 4.802949260920286179e-04
1.663778442889451981e-03 9.983362555503845215e-01
9.582639336585998535e-01 4.173611477017402649e-02
9.999233484268188477e-01 7.666120654903352261e-05
8.336213827133178711e-01 1.663786023855209351e-01
9.751714468002319336e-01 2.482854388654232025e-02
1.637052297592163086e-01 8.362947702407836914e-01
1.882983371615409851e-03 9.981170892715454102e-01
7.871874570846557617e-01 2.128125429153442383e-01
8.018164662644267082e-04 9.991981387138366699e-01
1.728129573166370392e-03 9.982718229293823242e-01
9.990449547767639160e-01 9.550788090564310551e-04
9.400513172149658203e-01 5.994864553213119507e-02
9.998351335525512695e-01 1.648179022595286369e-04
9.998130202293395996e-01 1.870302658062428236e-04
1.456860899925231934e-01 8.543139100074768066e-01
9.991346001625061035e-01 8.654319681227207184e-04
9.890707731246948242e-01 1.092925760895013809e-02
9.981758594512939453e-01 1.824095146730542183e-03
7.226969003677368164e-01 2.773030996322631836e-01
9.972803592681884766e-01 2.719630720093846321e-03
2.316630212590098381e-03 9.976834058761596680e-01
9.343872070312500000e-01 6.561277806758880615e-02
4.352536052465438843e-02 9.564746618270874023e-01
4.956000484526157379e-03 9.950439929962158203e-01
7.013546228408813477e-01 2.986454069614410400e-01
5.487474799156188965e-01 4.512525200843811035e-01
1.549645233899354935e-02 9.845035076141357422e-01
9.965800642967224121e-01 3.419923596084117889e-03
3.256024792790412903e-02 9.674397110939025879e-01
5.110833644866943359e-01 4.889166057109832764e-01
9.996395111083984375e-01 3.604993107728660107e-04
9.367112815380096436e-02 9.063289165496826172e-01
7.229408621788024902e-01 2.770591676235198975e-01
2.234367579221725464e-01 7.765631675720214844e-01
7.097293734550476074e-01 2.902706563472747803e-01
9.924579858779907227e-01 7.542085833847522736e-03
7.530261874198913574e-01 2.469738125801086426e-01
9.998863935470581055e-01 1.135774000431410968e-04
4.279374610632658005e-03 9.957206845283508301e-01
9.206000566482543945e-01 7.939997315406799316e-02
4.652702715247869492e-03 9.953473210334777832e-01
7.112694438546895981e-03 9.928873181343078613e-01
9.989249110221862793e-01 1.075121806934475899e-03
1.400493085384368896e-01 8.599506616592407227e-01
9.847424030303955078e-01 1.525763329118490219e-02
6.252489089965820312e-01 3.747510612010955811e-01
9.951910972595214844e-01 4.808903671801090240e-03
5.236667580902576447e-03 9.947633147239685059e-01
9.952783584594726562e-01 4.721693694591522217e-03
5.076209828257560730e-02 9.492378830909729004e-01
9.040770679712295532e-02 9.095923304557800293e-01
7.744682431221008301e-01 2.255316972732543945e-01
9.997099041938781738e-01 2.901163243222981691e-04
9.825113415718078613e-01 1.748868450522422791e-02
9.988729357719421387e-01 1.127015100792050362e-03
5.136811733245849609e-01 4.863187670707702637e-01
3.266199678182601929e-02 9.673379659652709961e-01
9.996091723442077637e-01 3.908610960934311152e-04
9.840574860572814941e-01 1.594246923923492432e-02
9.913990497589111328e-01 8.600905537605285645e-03
9.962075948715209961e-01 3.792404895648360252e-03
2.408156357705593109e-02 9.759184122085571289e-01
8.610574007034301758e-01 1.389425843954086304e-01
9.241588115692138672e-01 7.584119588136672974e-02
8.544362187385559082e-01 1.455637961626052856e-01
6.934889554977416992e-01 3.065110445022583008e-01
8.870084420777857304e-04 9.991130232810974121e-01
6.364219784736633301e-01 3.635779917240142822e-01
9.402769207954406738e-01 5.972313880920410156e-02
9.590051770210266113e-01 4.099482670426368713e-02
2.418088540434837341e-02 9.758191704750061035e-01
9.999482631683349609e-01 5.171914017410017550e-05
9.972167015075683594e-01 2.783269155770540237e-03
9.976844787597656250e-01 2.315568970516324043e-03
9.981617331504821777e-01 1.838274998590350151e-03
9.993663430213928223e-01 6.337083177641034126e-04
9.096685051918029785e-01 9.033148735761642456e-02
8.172984421253204346e-02 9.182701110839843750e-01
9.906003475189208984e-01 9.399607777595520020e-03
7.204160690307617188e-01 2.795839309692382812e-01
9.659805297851562500e-01 3.401939943432807922e-02
9.998835325241088867e-01 1.164779023383744061e-04
9.907400608062744141e-01 9.259938262403011322e-03
1.314435066888108850e-04 9.998685121536254883e-01
9.996378421783447266e-01 3.621454525273293257e-04
4.704076127381995320e-05 9.999529123306274414e-01
1.311955302953720093e-01 8.688045144081115723e-01
1.187609625048935413e-03 9.988124370574951172e-01
1.860454827547073364e-01 8.139545321464538574e-01
9.988967180252075195e-01 1.103311427868902683e-03
9.849480986595153809e-01 1.505189388990402222e-02
8.846588134765625000e-01 1.153412088751792908e-01
9.984293580055236816e-01 1.570630702190101147e-03
9.984468817710876465e-01 1.553104142658412457e-03
2.937079071998596191e-01 7.062920928001403809e-01
2.579258522018790245e-03 9.974207878112792969e-01
2.988598644733428955e-01 7.011401653289794922e-01
3.416297733783721924e-01 6.583701968193054199e-01
4.407580792903900146e-01 5.592418909072875977e-01
2.369503378868103027e-01 7.630496621131896973e-01
9.686695933341979980e-01 3.133036941289901733e-02
2.161879390478134155e-01 7.838120460510253906e-01
9.986843466758728027e-01 1.315608853474259377e-03
8.982792496681213379e-03 9.910172224044799805e-01
9.991614818572998047e-01 8.384897955693304539e-04
9.672703742980957031e-01 3.272955864667892456e-02
9.875103235244750977e-01 1.248961035162210464e-02
9.989597797393798828e-01 1.040194649249315262e-03
9.991281628608703613e-01 8.718356839381158352e-04
9.998425245285034180e-01 1.574300986248999834e-04
2.524980902671813965e-01 7.475019097328186035e-01
9.994229078292846680e-01 5.770658026449382305e-04
9.997436404228210449e-01 2.563581510912626982e-04
9.905995726585388184e-01 9.400432929396629333e-03
9.700742959976196289e-01 2.992570586502552032e-02
9.953859448432922363e-01 4.614015575498342514e-03
5.155879771336913109e-04 9.994844198226928711e-01
9.988464117050170898e-01 1.153523102402687073e-03
9.939743876457214355e-01 6.025568582117557526e-03
9.993633627891540527e-01 6.366308662109076977e-04
2.600404666736721992e-03 9.973995685577392578e-01
6.947951316833496094e-01 3.052049279212951660e-01
9.528903365135192871e-01 4.710968211293220520e-02
2.730590663850307465e-02 9.726940393447875977e-01
9.762342572212219238e-01 2.376576326787471771e-02
4.967334098182618618e-04 9.995032548904418945e-01
9.980503320693969727e-01 1.949699013493955135e-03
6.920558810234069824e-01 3.079441189765930176e-01
9.978888630867004395e-01 2.111123641952872276e-03
9.765141606330871582e-01 2.348581701517105103e-02
9.211014509201049805e-01 7.889860868453979492e-02
9.978026747703552246e-01 2.197258174419403076e-03
9.996700286865234375e-01 3.300155221950262785e-04
9.724879264831542969e-01 2.751211263239383698e-02
9.863066673278808594e-01 1.369339320808649063e-02
9.892206788063049316e-01 1.077937893569469452e-02
9.986314177513122559e-01 1.368506578728556633e-03
9.995649456977844238e-01 4.351024690549820662e-04
9.643409252166748047e-01 3.565903007984161377e-02
9.769725799560546875e-01 2.302743121981620789e-02
4.452909156680107117e-02 9.554708600044250488e-01
1.585545688867568970e-01 8.414454460144042969e-01
9.569386839866638184e-01 4.306125640869140625e-02
9.685759544372558594e-01 3.142404183745384216e-02
9.613836407661437988e-01 3.861636668443679810e-02
1.271734508918598294e-04 9.998728036880493164e-01
9.998515844345092773e-01 1.483492233091965318e-04
9.972586631774902344e-01 2.741277916356921196e-03
1.424898277036845684e-03 9.985750913619995117e-01
9.997370839118957520e-01 2.629425725899636745e-04
9.988207221031188965e-01 1.179224578663706779e-03
1.515035629272460938e-01 8.484964370727539062e-01
9.985337257385253906e-01 1.466229441575706005e-03
9.858133271336555481e-03 9.901419281959533691e-01
9.958349466323852539e-01 4.164997953921556473e-03
9.253227710723876953e-01 7.467727363109588623e-02
9.844678044319152832e-01 1.553222723305225372e-02
9.949402809143066406e-01 5.059765651822090149e-03
7.171787619590759277e-01 2.828212380409240723e-01
9.999183416366577148e-01 8.169667853508144617e-05
9.703878760337829590e-01 2.961213886737823486e-02
7.178104519844055176e-01 2.821895480155944824e-01
7.628288585692644119e-03 9.923716783523559570e-01
4.285438731312751770e-02 9.571456313133239746e-01
9.979746937751770020e-01 2.025341149419546127e-03
9.685562849044799805e-01 3.144370019435882568e-02
9.993724226951599121e-01 6.276398198679089546e-04
2.141612023115158081e-02 9.785838723182678223e-01
7.769173383712768555e-01 2.230826914310455322e-01
9.148045778274536133e-01 8.519543707370758057e-02
9.993343949317932129e-01 6.656087352894246578e-04
9.987383484840393066e-01 1.261644065380096436e-03
5.006347894668579102e-01 4.993652403354644775e-01
9.999120235443115234e-01 8.792857988737523556e-05
9.971916079521179199e-01 2.808352233842015266e-03
8.164080977439880371e-01 1.835918724536895752e-01
8.701513409614562988e-01 1.298486441373825073e-01
4.045532271265983582e-02 9.595446586608886719e-01
9.977110624313354492e-01 2.288909163326025009e-03
9.988569021224975586e-01 1.143074361607432365e-03
9.914735555648803711e-01 8.526487275958061218e-03
1.401852667331695557e-01 8.598147630691528320e-01
2.699555829167366028e-02 9.730044603347778320e-01
1.079825311899185181e-01 8.920174837112426758e-01
9.004977345466613770e-01 9.950224310159683228e-02
9.988510608673095703e-01 1.148966839537024498e-03
9.248919039964675903e-02 9.075108170509338379e-01
8.116773329675197601e-03 9.918831586837768555e-01
1.538200158393010497e-04 9.998461008071899414e-01
1.606112569570541382e-01 8.393887877464294434e-01
9.685896039009094238e-01 3.141037374734878540e-02
9.920336604118347168e-01 7.966289296746253967e-03
7.915138006210327148e-01 2.084862142801284790e-01
2.651885151863098145e-02 9.734811782836914062e-01
9.992321729660034180e-01 7.678922847844660282e-04
5.628162622451782227e-01 4.371837377548217773e-01
9.918141961097717285e-01 8.185736835002899170e-03
9.998352527618408203e-01 1.647731260163709521e-04
9.953476786613464355e-01 4.652339965105056763e-03
9.735769629478454590e-01 2.642300352454185486e-02
9.995100498199462891e-01 4.899806808680295944e-04
9.993129968643188477e-01 6.870060460641980171e-04
9.979721903800964355e-01 2.027753973379731178e-03
9.940624833106994629e-01 5.937527865171432495e-03
9.985467791557312012e-01 1.453248900361359119e-03
9.877025485038757324e-01 1.229743752628564835e-02
9.997352957725524902e-01 2.647445071488618851e-04
1.906718313694000244e-02 9.809328317642211914e-01
1.013168320059776306e-02 9.898682832717895508e-01
8.909615874290466309e-01 1.090384498238563538e-01
7.683783769607543945e-02 9.231621026992797852e-01
9.993638396263122559e-01 6.361657287925481796e-04
9.996096491813659668e-01 3.903628385160118341e-04
9.808657169342041016e-01 1.913427561521530151e-02
9.990068078041076660e-01 9.931934764608740807e-04
9.993927478790283203e-01 6.072317482903599739e-04
9.819040894508361816e-01 1.809592545032501221e-02
9.996515512466430664e-01 3.484494227450340986e-04
9.802937507629394531e-01 1.970621757209300995e-02
4.757815040647983551e-04 9.995242357254028320e-01
1.970739848911762238e-02 9.802926182746887207e-01
9.999036788940429688e-01 9.637001494411379099e-05
9.982255101203918457e-01 1.774466247297823429e-03
9.997957348823547363e-01 2.043180575128644705e-04
9.997933506965637207e-01 2.067208843072876334e-04
8.594582080841064453e-01 1.405417621135711670e-01
9.996459484100341797e-01 3.540633188094943762e-04
2.751452848315238953e-03 9.972484707832336426e-01
9.954541921615600586e-01 4.545789677649736404e-03
9.915803074836730957e-01 8.419646881520748138e-03
9.940443634986877441e-01 5.955657456070184708e-03
9.611359238624572754e-01 3.886411711573600769e-02
2.456199191510677338e-02 9.754379987716674805e-01
9.472934529185295105e-03 9.905270338058471680e-01
5.124298110604286194e-02 9.487570524215698242e-01
9.987826943397521973e-01 1.217289594933390617e-03
9.989067316055297852e-01 1.093211001716554165e-03
1.648334711790084839e-01 8.351665139198303223e-01
8.721930384635925293e-01 1.278069615364074707e-01
9.945606589317321777e-01 5.439357832074165344e-03
9.400691986083984375e-01 5.993074923753738403e-02
9.612819552421569824e-01 3.871807456016540527e-02
9.989919066429138184e-01 1.008073566481471062e-03
4.475087858736515045e-03 9.955248832702636719e-01
9.960001111030578613e-01 3.999884705990552902e-03
9.944928884506225586e-01 5.507095251232385635e-03
3.301979303359985352e-01 6.698020696640014648e-01
9.991922974586486816e-01 8.077368838712573051e-04
9.999021291732788086e-01 9.784799476619809866e-05
5.792654752731323242e-01 4.207345247268676758e-01
1.398312742821872234e-04 9.998601675033569336e-01
6.136180832982063293e-03 9.938638210296630859e-01
9.986668825149536133e-01 1.333132502622902393e-03
9.997741580009460449e-01 2.259088651044294238e-04
