8.319434127770364285e-04 9.991680383682250977e-01
9.865450263023376465e-01 1.345500349998474121e-02
1.368626835756003857e-04 9.998631477355957031e-01
1.797970831394195557e-01 8.202028870582580566e-01
4.937429912388324738e-03 9.950625300407409668e-01
9.979997277259826660e-01 2.000230830162763596e-03
9.934011101722717285e-01 6.598851643502712250e-03
4.016981620225124061e-05 9.999598264694213867e-01
9.982226490974426270e-01 1.777286175638437271e-03
7.106810808181762695e-03 9.928931593894958496e-01
9.992249011993408203e-01 7.750793010927736759e-04
1.210774498758837581e-04 9.998788833618164062e-01
1.564717094879597425e-04 9.998434782028198242e-01
9.999135732650756836e-01 8.640014129923656583e-05
8.520855307579040527e-01 1.479145139455795288e-01
9.645144939422607422e-01 3.548558428883552551e-02
9.930005073547363281e-01 6.999448407441377640e-03
9.569717645645141602e-01 4.302822053432464600e-02
7.663128376007080078e-01 2.336872071027755737e-01
4.508672654628753662e-02 9.549133181571960449e-01
5.303468108177185059e-01 4.696531891822814941e-01
8.293283754028379917e-04 9.991706609725952148e-01
9.982904791831970215e-01 1.709533971734344959e-03
9.995757937431335449e-01 4.242000286467373371e-04
8.011871250346302986e-05 9.999198913574218750e-01
9.943414926528930664e-01 5.658523645251989365e-03
1.985945999622344971e-01 8.014053702354431152e-01
9.977129697799682617e-01 2.287021838128566742e-03
4.400473535060882568e-01 5.599526166915893555e-01
9.999380111694335938e-01 6.194412708282470703e-05
9.965787529945373535e-01 3.421273082494735718e-03
2.399865686893463135e-01 7.600134611129760742e-01
8.014193153940141201e-04 9.991986155509948730e-01
1.587663544341921806e-03 9.984123706817626953e-01
9.998567104339599609e-01 1.432210701750591397e-04
2.387842505413573235e-05 9.999761581420898438e-01
5.799259245395660400e-02 9.420074224472045898e-01
6.473064422607421875e-01 3.526935577392578125e-01
9.989174604415893555e-01 1.082527567632496357e-03
9.986371397972106934e-01 1.362873474135994911e-03
9.995018243789672852e-01 4.981700913049280643e-04
8.294979488709941506e-05 9.999170303344726562e-01
5.933020710945129395e-01 4.066979289054870605e-01
9.985355138778686523e-01 1.464481581933796406e-03
9.962418079376220703e-01 3.758231876417994499e-03
9.941477775573730469e-01 5.852243863046169281e-03
9.988105297088623047e-01 1.189511152915656567e-03
9.868096113204956055e-01 1.319039519876241684e-02
9.979705214500427246e-01 2.029473194852471352e-03
9.995847344398498535e-01 4.152177716605365276e-04
5.606956779956817627e-03 9.943929910659790039e-01
9.979283809661865234e-01 2.071575960144400597e-03
9.921473860740661621e-01 7.852633483707904816e-03
9.987905621528625488e-01 1.209436450153589249e-03
2.648301888257265091e-03 9.973516464233398438e-01
9.999343156814575195e-01 6.563546776305884123e-05
9.717749357223510742e-01 2.822503820061683655e-02
6.804854273796081543e-01 3.195145130157470703e-01
1.912551820278167725e-01 8.087448477745056152e-01
9.949392080307006836e-01 5.060744937509298325e-03
7.481423090212047100e-04 9.992517828941345215e-01
5.549464374780654907e-02 9.445053339004516602e-01
4.313943088054656982e-01 5.686057209968566895e-01
1.308786571025848389e-01 8.691213726997375488e-01
9.979786276817321777e-01 2.021400956436991692e-03
4.211756959557533264e-02 9.578824639320373535e-01
7.387568475678563118e-04 9.992612004280090332e-01
9.993044137954711914e-01 6.955498247407376766e-04
9.498925209045410156e-01 5.010751634836196899e-02
9.999741315841674805e-01 2.582481283752713352e-05
9.967296123504638672e-01 3.270437009632587433e-03
9.973236322402954102e-01 2.676333533599972725e-03
9.997330307960510254e-01 2.669717359822243452e-04
9.999392032623291016e-01 6.075809142203070223e-05
9.998304843902587891e-01 1.694669772405177355e-04
9.990986585617065430e-01 9.014051174744963646e-04
9.819497466087341309e-01 1.805024594068527222e-02
9.392861723899841309e-01 6.071382015943527222e-02
9.868675470352172852e-01 1.313250139355659485e-02
9.996139407157897949e-01 3.861029981635510921e-04
9.611428976058959961e-01 3.885709121823310852e-02
9.800569415092468262e-01 1.994306035339832306e-02
9.997267127037048340e-01 2.732218417804688215e-04
1.291336375288665295e-03 9.987086057662963867e-01
9.952234625816345215e-01 4.776504822075366974e-03
9.998792409896850586e-01 1.207728128065355122e-04
7.375235557556152344e-01 2.624764740467071533e-01
9.995088577270507812e-01 4.911166615784168243e-04
9.888027310371398926e-01 1.119720004498958588e-02
2.620493760332465172e-04 9.997379183769226074e-01
9.700857400894165039e-01 2.991423010826110840e-02
9.933779835700988770e-01 6.621981970965862274e-03
9.987229704856872559e-01 1.276987022720277309e-03
9.317159056663513184e-01 6.828406453132629395e-02
9.998557567596435547e-01 1.442001812392845750e-04
9.992849230766296387e-01 7.151281461119651794e-04
9.998675584793090820e-01 1.323970063822343946e-04
9.993048906326293945e-01 6.950661190785467625e-04
9.999182224273681641e-01 8.179201540770009160e-05
9.935556054115295410e-01 6.444382946938276291e-03
9.990548491477966309e-01 9.451060323044657707e-04
9.994090795516967773e-01 5.908911698497831821e-04
9.941911101341247559e-01 5.808873102068901062e-03
9.996016621589660645e-01 3.983073984272778034e-04
9.685209393501281738e-01 3.147906437516212463e-02
2.859492633433546871e-05 9.999713897705078125e-01
7.004778017289936543e-04 9.992995262145996094e-01
1.868857592344284058e-01 8.131142854690551758e-01
1.391465630149468780e-04 9.998608827590942383e-01
1.435717967979144305e-05 9.999856948852539062e-01
9.984937906265258789e-01 1.506180735304951668e-03
1.710631840978749096e-05 9.999828338623046875e-01
8.578549027442932129e-01 1.421451121568679810e-01
9.627181291580200195e-01 3.728190064430236816e-02
1.298651099205017090e-01 8.701349496841430664e-01
1.127638667821884155e-01 8.872361183166503906e-01
4.930016584694385529e-04 9.995069503784179688e-01
9.737018346786499023e-01 2.629818581044673920e-02
9.982945322990417480e-01 1.705424510873854160e-03
7.965185046195983887e-01 2.034815102815628052e-01
9.988219141960144043e-01 1.178116421215236187e-03
3.725441098213195801e-01 6.274558901786804199e-01
3.643533587455749512e-02 9.635646939277648926e-01
3.667225973913446069e-05 9.999632835388183594e-01
5.414826329797506332e-03 9.945852160453796387e-01
9.876639246940612793e-01 1.233608927577733994e-02
1.945672743022441864e-02 9.805431962013244629e-01
2.476088516414165497e-02 9.752390980720520020e-01
4.013534344267100096e-04 9.995986819267272949e-01
9.883596897125244141e-01 1.164035964757204056e-02
7.914920151233673096e-02 9.208507537841796875e-01
7.121376256691291928e-05 9.999288320541381836e-01
9.997020363807678223e-01 2.979473792947828770e-04
9.345947182737290859e-05 9.999065399169921875e-01
2.721827924251556396e-01 7.278171777725219727e-01
7.776638120412826538e-02 9.222335815429687500e-01
1.450097537599503994e-03 9.985498785972595215e-01
7.785493731498718262e-01 2.214506417512893677e-01
3.397514345124363899e-03 9.966024160385131836e-01
3.288744017481803894e-02 9.671126008033752441e-01
8.365635275840759277e-01 1.634365022182464600e-01
5.148050785064697266e-01 4.851949214935302734e-01
9.889602661132812500e-01 1.103981584310531616e-02
9.767829179763793945e-01 2.321708574891090393e-02
1.161576481536030769e-03 9.988384842872619629e-01
9.999532699584960938e-01 4.667061148211359978e-05
2.742265933193266392e-04 9.997257590293884277e-01
9.999390840530395508e-01 6.092432158766314387e-05
8.860275745391845703e-01 1.139724105596542358e-01
8.636821508407592773e-01 1.363178044557571411e-01
8.490126729011535645e-01 1.509872674942016602e-01
9.998257756233215332e-01 1.742757594911381602e-04
1.941720547620207071e-04 9.998058676719665527e-01
9.998158812522888184e-01 1.841880584834143519e-04
2.518603205680847168e-01 7.481397390365600586e-01
9.998019337654113770e-01 1.980795350391417742e-04
9.055594205856323242e-01 9.444053471088409424e-02
9.999456405639648438e-01 5.433411206468008459e-05
1.549307926325127482e-04 9.998450279235839844e-01
9.482379555702209473e-01 5.176198482513427734e-02
9.996551275253295898e-01 3.448788193054497242e-04
9.957326054573059082e-01 4.267405252903699875e-03
9.998339414596557617e-01 1.660164562053978443e-04
7.942356751300394535e-04 9.992057681083679199e-01
9.997916817665100098e-01 2.083728613797575235e-04
3.949297126382589340e-03 9.960507750511169434e-01
2.176157722715288401e-04 9.997823834419250488e-01
9.997383952140808105e-01 2.615526318550109863e-04
3.743042179848998785e-05 9.999625682830810547e-01
2.260402077808976173e-03 9.977395534515380859e-01
9.999642372131347656e-01 3.575492883101105690e-05
9.636832475662231445e-01 3.631675243377685547e-02
9.998885393142700195e-01 1.113973194151185453e-04
5.247374773025512695e-01 4.752625226974487305e-01
1.550941467285156250e-01 8.449058532714843750e-01
9.973863959312438965e-01 2.613665536046028137e-03
8.476601913571357727e-03 9.915233850479125977e-01
9.937019348144531250e-01 6.298025138676166534e-03
9.843033552169799805e-01 1.569667831063270569e-02
9.975076913833618164e-01 2.492230851203203201e-03
9.850471019744873047e-01 1.495285704731941223e-02
9.999716281890869141e-01 2.835192935890518129e-05
9.977514147758483887e-01 2.248540287837386131e-03
8.337916731834411621e-01 1.662083268165588379e-01
9.981964230537414551e-01 1.803582650609314442e-03
9.999482631683349609e-01 5.170641816221177578e-05
2.339677885174751282e-04 9.997660517692565918e-01
9.946452379226684570e-01 5.354768596589565277e-03
9.980904459953308105e-01 1.909490558318793774e-03
1.353788393316790462e-04 9.998645782470703125e-01
9.964588284492492676e-01 3.541123354807496071e-03
9.998750686645507812e-01 1.249600609298795462e-04
4.879968764726072550e-04 9.995119571685791016e-01
9.998837709426879883e-01 1.162238186225295067e-04
9.965973496437072754e-01 3.402704838663339615e-03
9.782208800315856934e-01 2.177909947931766510e-02
7.406657678075134754e-04 9.992592930793762207e-01
2.521100395824760199e-04 9.997479319572448730e-01
9.745126962661743164e-01 2.548729814589023590e-02
9.999535083770751953e-01 4.648756294045597315e-05
4.075522124767303467e-01 5.924477577209472656e-01
9.965601563453674316e-01 3.439791500568389893e-03
1.285898033529520035e-03 9.987140893936157227e-01
9.988713860511779785e-01 1.128554577007889748e-03
9.999352693557739258e-01 6.475638656411319971e-05
9.997567534446716309e-01 2.432474575471132994e-04
9.999380111694335938e-01 6.196948379511013627e-05
9.999229907989501953e-01 7.702335278736427426e-05
9.544992446899414062e-01 4.550078138709068298e-02
9.999160766601562500e-01 8.394383621634915471e-05
5.185637623071670532e-03 9.948143959045410156e-01
1.573878526687622070e-02 9.842611551284790039e-01
3.391072386875748634e-04 9.996608495712280273e-01
2.676062867976725101e-04 9.997324347496032715e-01
5.733725801110267639e-02 9.426627755165100098e-01
9.892137646675109863e-01 1.078624650835990906e-02
2.611577219795435667e-04 9.997388720512390137e-01
8.860059976577758789e-01 1.139940544962882996e-01
9.472520947456359863e-01 5.274791643023490906e-02
1.361061440547928214e-04 9.998638629913330078e-01
8.585094474256038666e-03 9.914148449897766113e-01
9.983037710189819336e-01 1.696183346211910248e-03
4.975439608097076416e-02 9.502456784248352051e-01
2.195567358285188675e-04 9.997804760932922363e-01
4.888549149036407471e-01 5.111451148986816406e-01
9.995698332786560059e-01 4.301755107007920742e-04
9.999753236770629883e-01 2.466892510710749775e-05
9.999338388442993164e-01 6.610117270611226559e-05
9.984549283981323242e-01 1.545034581795334816e-03
9.996372461318969727e-01 3.627646656241267920e-04
2.160533145070075989e-02 9.783946275711059570e-01
5.540634989738464355e-01 4.459365308284759521e-01
9.991016387939453125e-01 8.984198793768882751e-04
9.995754361152648926e-01 4.246192111168056726e-04
9.981227517127990723e-01 1.877240370959043503e-03
9.990316629409790039e-01 9.683152893558144569e-04
9.997463822364807129e-01 2.536301326472312212e-04
9.437017440795898438e-01 5.629833042621612549e-02
8.683139458298683167e-04 9.991317391395568848e-01
9.999474287033081055e-01 5.258608871372416615e-05
9.990019202232360840e-01 9.981051553040742874e-04
9.999573230743408203e-01 4.266052565071731806e-05
9.812408089637756348e-01 1.875918731093406677e-02
6.479064375162124634e-02 9.352093338966369629e-01
3.675688505172729492e-01 6.324311494827270508e-01
9.968565702438354492e-01 3.143381327390670776e-03
9.999704360961914062e-01 2.956422576971817762e-05
1.201981902122497559e-01 8.798018693923950195e-01
9.999073743820190430e-01 9.266310371458530426e-05
1.207796503877034411e-05 9.999879598617553711e-01
9.673619866371154785e-01 3.263807296752929688e-02
9.891272056847810745e-04 9.990108013153076172e-01
4.613477271050214767e-03 9.953865408897399902e-01
9.998843669891357422e-01 1.156051803263835609e-04
1.118172612041234970e-02 9.888182282447814941e-01
9.990332126617431641e-01 9.668058482930064201e-04
4.961739614373072982e-05 9.999504089355468750e-01
7.988417637534439564e-04 9.992011189460754395e-01
9.999532699584960938e-01 4.676805110648274422e-05
9.945803284645080566e-01 5.419661756604909897e-03
9.999130964279174805e-01 8.692011033417657018e-05
1.283281296491622925e-01 8.716718554496765137e-01
9.997066855430603027e-01 2.932458592113107443e-04
9.997784495353698730e-01 2.215132990386337042e-04
7.978573441505432129e-03 9.920215010643005371e-01
4.105817060917615891e-04 9.995893836021423340e-01
9.970920085906982422e-01 2.908002585172653198e-03
1.818925607949495316e-03 9.981811046600341797e-01
9.998614788055419922e-01 1.385133800795301795e-04
2.084364369511604309e-02 9.791563749313354492e-01
5.452850746223703027e-05 9.999455213546752930e-01
5.531047657132148743e-02 9.446895718574523926e-01
5.982928276062011719e-01 4.017071723937988281e-01
2.746783755719661713e-02 9.725321531295776367e-01
9.674763083457946777e-01 3.252361342310905457e-02
9.035068750381469727e-01 9.649305790662765503e-02
1.361800150334602222e-05 9.999864101409912109e-01
2.010086774826049805e-01 7.989913225173950195e-01
5.079500079154968262e-01 4.920500218868255615e-01
9.737677574157714844e-01 2.623220719397068024e-02
9.924662709236145020e-01 7.533648516982793808e-03
1.961934752762317657e-02 9.803805947303771973e-01
9.940085411071777344e-01 5.991434678435325623e-03
9.999002218246459961e-01 9.972279076464474201e-05
9.881446361541748047e-01 1.185536105185747147e-02
8.924266695976257324e-01 1.075733155012130737e-01
9.833653569221496582e-01 1.663466356694698334e-02
9.991179108619689941e-01 8.821047958917915821e-04
9.737119078636169434e-01 2.628802694380283356e-02
1.300055086612701416e-01 8.699945211410522461e-01
9.596635103225708008e-01 4.033641889691352844e-02
3.902583420276641846e-01 6.097416877746582031e-01
8.954371809959411621e-01 1.045628339052200317e-01
4.213516041636466980e-02 9.578648805618286133e-01
9.935784339904785156e-01 6.421530619263648987e-03
1.013500243425369263e-02 9.898650050163269043e-01
9.996994733810424805e-01 3.005281032528728247e-04
1.089882105588912964e-02 9.891012310981750488e-01
9.971842169761657715e-01 2.815784187987446785e-03
9.919016957283020020e-01 8.098283782601356506e-03
7.189008593559265137e-01 2.810991406440734863e-01
9.981954693794250488e-01 1.804573694244027138e-03
9.999284744262695312e-01 7.155754428822547197e-05
9.980028271675109863e-01 1.997148850932717323e-03
3.946559503674507141e-03 9.960534572601318359e-01
4.259536415338516235e-02 9.574046134948730469e-01
9.996201992034912109e-01 3.798058023676276207e-04
6.834825277328491211e-01 3.165174424648284912e-01
9.998633861541748047e-01 1.365640055155381560e-04
9.987824559211730957e-01 1.217497163452208042e-03
9.996446371078491211e-01 3.553467977326363325e-04
8.103372454643249512e-01 1.896627396345138550e-01
8.131256618071347475e-05 9.999186992645263672e-01
9.999507665634155273e-01 4.928408816340379417e-05
9.972139000892639160e-01 2.786182565614581108e-03
9.998766183853149414e-01 1.233797520399093628e-04
3.697051943163387477e-05 9.999630451202392578e-01
5.834587384015321732e-03 9.941654205322265625e-01
9.996641874313354492e-01 3.358418762218207121e-04
9.999653100967407227e-01 3.464512337814085186e-05
1.585041987709701061e-03 9.984149932861328125e-01
9.988293051719665527e-01 1.170716830529272556e-03
9.998256564140319824e-01 1.744195615174248815e-04
9.991232752799987793e-01 8.766759419813752174e-04
9.944489002227783203e-01 5.551164969801902771e-03
4.903270602226257324e-01 5.096729397773742676e-01
4.649163782596588135e-01 5.350836515426635742e-01
1.377906999550759792e-03 9.986220598220825195e-01
9.963215589523315430e-01 3.678477602079510689e-03
9.984649419784545898e-01 1.535061979666352272e-03
9.325176477432250977e-01 6.748238950967788696e-02
9.969321489334106445e-01 3.067847108468413353e-03
9.847131371498107910e-01 1.528687588870525360e-02
1.263766898773610592e-03 9.987362027168273926e-01
2.575683891773223877e-01 7.424316406250000000e-01
9.999525547027587891e-01 4.741616066894493997e-05
8.023830056190490723e-01 1.976169645786285400e-01
9.998706579208374023e-01 1.293690438615158200e-04
9.989676475524902344e-01 1.032322412356734276e-03
9.938469529151916504e-01 6.153082940727472305e-03
9.942461848258972168e-01 5.753810051828622818e-03
1.658766157925128937e-02 9.834123849868774414e-01
9.998770952224731445e-01 1.229428889928385615e-04
9.998359680175781250e-01 1.639937836444005370e-04
8.334097266197204590e-01 1.665902882814407349e-01
8.011879981495440006e-04 9.991988539695739746e-01
2.458669692277908325e-01 7.541330456733703613e-01
6.502855569124221802e-03 9.934971332550048828e-01
2.005180976993869990e-05 9.999799728393554688e-01
4.511075094342231750e-03 9.954889416694641113e-01
9.998905658721923828e-01 1.093975370167754591e-04
1.048064950737170875e-04 9.998952150344848633e-01
9.999190568923950195e-01 8.097767567960545421e-05
9.996028542518615723e-01 3.971943806391209364e-04
9.990124702453613281e-01 9.874921524897217751e-04
1.011772197671234608e-03 9.989882111549377441e-01
9.996351003646850586e-01 3.648454148788005114e-04
4.788626357913017273e-02 9.521138072013854980e-01
8.759136795997619629e-01 1.240863129496574402e-01
9.998420476913452148e-01 1.578952360432595015e-04
9.909118413925170898e-01 9.088124148547649384e-03
7.225038409233093262e-01 2.774960994720458984e-01
9.982384443283081055e-01 1.761539140716195107e-03
3.360093687660992146e-04 9.996639490127563477e-01
9.736731648445129395e-01 2.632680721580982208e-02
9.994226694107055664e-01 5.773222073912620544e-04
2.581838369369506836e-01 7.418161034584045410e-01
9.913763403892517090e-01 8.623689413070678711e-03
5.223158950684592128e-05 9.999477863311767578e-01
9.999514818191528320e-01 4.853143036598339677e-05
7.482618689537048340e-01 2.517381608486175537e-01
9.998927116394042969e-01 1.072817176464013755e-04
7.186564616858959198e-03 9.928134083747863770e-01
3.110269317403435707e-03 9.968897700309753418e-01
9.999496936798095703e-01 5.034832793171517551e-05
9.952641725540161133e-01 4.735811613500118256e-03
1.713024675846099854e-01 8.286975622177124023e-01
9.999599456787109375e-01 4.001771230832673609e-05
9.924679398536682129e-01 7.532113231718540192e-03
9.976424574851989746e-01 2.357549034059047699e-03
9.943342208862304688e-01 5.665845237672328949e-03
9.974790215492248535e-01 2.520949114114046097e-03
2.031874610111117363e-03 9.979681372642517090e-01
9.938236474990844727e-01 6.176389753818511963e-03
9.998152852058410645e-01 1.847604144131764770e-04
9.962828755378723145e-01 3.717139363288879395e-03
1.046596808009780943e-04 9.998953342437744141e-01
5.004316568374633789e-03 9.949957132339477539e-01
9.906304478645324707e-01 9.369515813887119293e-03
9.994137287139892578e-01 5.862374091520905495e-04
9.890151619911193848e-01 1.098488178104162216e-02
9.993808269500732422e-01 6.192051805555820465e-04
2.291638375027105212e-04 9.997708201408386230e-01
9.728587865829467773e-01 2.714118920266628265e-02
9.989799857139587402e-01 1.019968534819781780e-03
7.256113290786743164e-01 2.743887305259704590e-01
4.666348919272422791e-03 9.953336119651794434e-01
8.729742765426635742e-01 1.270257532596588135e-01
9.989517927169799805e-01 1.048162695951759815e-03
9.995034933090209961e-01 4.964696709066629410e-04
8.984067440032958984e-01 1.015932783484458923e-01
5.041733384132385254e-01 4.958267211914062500e-01
9.997959733009338379e-01 2.040949184447526932e-04
9.720482230186462402e-01 2.795176021754741669e-02
9.998857975006103516e-01 1.142481487477198243e-04
9.945824742317199707e-01 5.417541600763797760e-03
9.965251088142395020e-01 3.474817378446459770e-03
8.831652402877807617e-01 1.168348044157028198e-01
9.657220244407653809e-01 3.427805006504058838e-02
8.600760251283645630e-02 9.139924645423889160e-01
9.628837704658508301e-01 3.711624443531036377e-02
9.878766536712646484e-01 1.212333887815475464e-02
1.659938279772177339e-04 9.998339414596557617e-01
9.999138116836547852e-01 8.618240826763212681e-05
9.973874688148498535e-01 2.612487180158495903e-03
7.626687884330749512e-01 2.373311370611190796e-01
6.319041252136230469e-01 3.680958449840545654e-01
6.913134455680847168e-02 9.308686852455139160e-01
9.999431371688842773e-01 5.690824036719277501e-05
9.999442100524902344e-01 5.579152275458909571e-05
6.100739836692810059e-01 3.899260163307189941e-01
9.971783161163330078e-01 2.821643836796283722e-03
4.789765179157257080e-01 5.210235118865966797e-01
6.390727590769529343e-03 9.936093091964721680e-01
2.650371752679347992e-04 9.997349381446838379e-01
9.997752308845520020e-01 2.247581142000854015e-04
9.999325275421142578e-01 6.750754255335777998e-05
8.988462090492248535e-01 1.011538058519363403e-01
9.883272051811218262e-01 1.167275942862033844e-02
1.068854704499244690e-02 9.893113970756530762e-01
3.156819194555282593e-02 9.684318304061889648e-01
2.430782914161682129e-01 7.569217681884765625e-01
9.992909431457519531e-01 7.089953869581222534e-04
8.977928161621093750e-01 1.022072061896324158e-01
9.998371601104736328e-01 1.628056197660043836e-04
2.651614522619638592e-05 9.999735355377197266e-01
9.989239573478698730e-01 1.076053129509091377e-03
9.993647933006286621e-01 6.351672927848994732e-04
9.996957778930664062e-01 3.042664320673793554e-04
9.377207756042480469e-01 6.227929517626762390e-02
8.332396149635314941e-01 1.667603701353073120e-01
9.922139048576354980e-01 7.786077912896871567e-03
6.814473867416381836e-01 3.185525834560394287e-01
5.931159481406211853e-03 9.940688610076904297e-01
9.999134540557861328e-01 8.656417048769071698e-05
9.951416254043579102e-01 4.858436528593301773e-03
9.996318817138671875e-01 3.680553345475345850e-04
2.970335481222718954e-04 9.997029900550842285e-01
1.267736515728756785e-04 9.998731613159179688e-01
1.218348834663629532e-02 9.878165125846862793e-01
6.013875245116651058e-04 9.993985891342163086e-01
9.998267292976379395e-01 1.732716336846351624e-04
9.999605417251586914e-01 3.948323137592524290e-05
9.994644522666931152e-01 5.356181645765900612e-04
9.638313651084899902e-01 3.616863861680030823e-02
8.800704777240753174e-02 9.119929671287536621e-01
9.904087781906127930e-01 9.591208770871162415e-03
8.724344968795776367e-01 1.275654882192611694e-01
9.994828701019287109e-01 5.171108059585094452e-04
7.040562923066318035e-04 9.992959499359130859e-01
2.784481085836887360e-02 9.721552133560180664e-01
9.857411384582519531e-01 1.425887364894151688e-02
9.998652935028076172e-01 1.347148936474695802e-04
5.472507327795028687e-03 9.945275187492370605e-01
9.961383938789367676e-01 3.861617064103484154e-03
1.486636102199554443e-01 8.513363599777221680e-01
9.848126769065856934e-01 1.518733799457550049e-02
3.773984266445040703e-03 9.962260723114013672e-01
9.992223978042602539e-01 7.776335696689784527e-04
9.998519420623779297e-01 1.480577047914266586e-04
9.994327425956726074e-01 5.672375555150210857e-04
9.863898158073425293e-01 1.361022423952817917e-02
9.795958995819091797e-01 2.040405385196208954e-02
6.790053157601505518e-05 9.999320507049560547e-01
9.997943043708801270e-01 2.057339734164997935e-04
9.931035041809082031e-01 6.896545179188251495e-03
4.894720623269677162e-04 9.995105266571044922e-01
9.629818201065063477e-01 3.701820969581604004e-02
9.997364878654479980e-01 2.635384153109043837e-04
9.790368676185607910e-01 2.096315287053585052e-02
7.985456585884094238e-01 2.014543563127517700e-01
6.552487611770629883e-01 3.447512388229370117e-01
9.999217987060546875e-01 7.820277096470817924e-05
9.941560029983520508e-01 5.843934603035449982e-03
7.141754031181335449e-03 9.928582906723022461e-01
8.903335928916931152e-01 1.096664220094680786e-01
1.742437928915023804e-01 8.257561922073364258e-01
1.754701253958046436e-03 9.982453584671020508e-01
3.265523016452789307e-01 6.734476685523986816e-01
9.912791848182678223e-01 8.720751851797103882e-03
9.998905658721923828e-01 1.094202743843197823e-04
9.985275268554687500e-01 1.472471980378031731e-03
8.177666068077087402e-01 1.822333931922912598e-01
5.016734004020690918e-01 4.983266592025756836e-01
9.962345957756042480e-01 3.765471046790480614e-03
1.676711812615394592e-02 9.832329154014587402e-01
8.976859971880912781e-03 9.910231828689575195e-01
1.387484644510550424e-05 9.999861717224121094e-01
1.117858191719278693e-04 9.998881816864013672e-01
2.833252549171447754e-01 7.166746854782104492e-01
9.730737209320068359e-01 2.692622505128383636e-02
9.999321699142456055e-01 6.777878297725692391e-05
1.985141076147556305e-02 9.801486134529113770e-01
9.774292707443237305e-01 2.257076278328895569e-02
9.991963505744934082e-01 8.036745712161064148e-04
1.872817403636872768e-03 9.981271624565124512e-01
9.997034668922424316e-01 2.964948362205177546e-04
9.916880662785843015e-05 9.999008178710937500e-01
8.949356079101562500e-01 1.050644442439079285e-01
4.039287269115447998e-01 5.960712432861328125e-01
9.992909431457519531e-01 7.089917198754847050e-04
8.878643512725830078e-01 1.121356561779975891e-01
9.618867039680480957e-01 3.811334073543548584e-02
9.999564886093139648e-01 4.356736462796106935e-05
9.999272823333740234e-01 7.269388879649341106e-05
9.993864297866821289e-01 6.135519943200051785e-04
9.994398951530456543e-01 5.601478042080998421e-04
9.978449344635009766e-01 2.155033405870199203e-03
9.998680353164672852e-01 1.319075818173587322e-04
9.997562766075134277e-01 2.436643408145755529e-04
3.745422959327697754e-01 6.254577040672302246e-01
1.113562881946563721e-01 8.886436820030212402e-01
9.800557494163513184e-01 1.994421705603599548e-02
9.692980647087097168e-01 3.070194274187088013e-02
1.468597259372472763e-02 9.853140115737915039e-01
9.999343156814575195e-01 6.569622200913727283e-05
9.461042881011962891e-01 5.389572679996490479e-02
9.998652935028076172e-01 1.346780190942808986e-04
9.998173117637634277e-01 1.827518281061202288e-04
3.170320705976337194e-04 9.996830224990844727e-01
3.778932094573974609e-01 6.221067309379577637e-01
9.991692304611206055e-01 8.308423566631972790e-04
4.522813469520770013e-05 9.999548196792602539e-01
9.997178912162780762e-01 2.821481321007013321e-04
1.405251119285821915e-02 9.859474897384643555e-01
1.834145560860633850e-02 9.816585183143615723e-01
9.993294477462768555e-01 6.705357809551060200e-04
9.999053478240966797e-01 9.460278670303523540e-05
9.986571073532104492e-01 1.342827104963362217e-03
9.996194839477539062e-01 3.805043234024196863e-04
9.981558918952941895e-01 1.844096346758306026e-03
1.010719016194343567e-01 8.989280462265014648e-01
9.998513460159301758e-01 1.486069086240604520e-04
9.988663196563720703e-01 1.133670448325574398e-03
4.160142317414283752e-02 9.583985805511474609e-01
9.988388419151306152e-01 1.161231310106813908e-03
9.942469000816345215e-01 5.753183737397193909e-03
9.889363646507263184e-01 1.106367539614439011e-02
9.996953010559082031e-01 3.047416976187378168e-04
9.999244213104248047e-01 7.559970981674268842e-05
8.944354653358459473e-01 1.055644974112510681e-01
9.998342990875244141e-01 1.656500826356932521e-04
9.990907907485961914e-01 9.092717082239687443e-04
1.017233654856681824e-01 8.982765674591064453e-01
9.999538660049438477e-01 4.607371374731883407e-05
9.672004580497741699e-01 3.279952332377433777e-02
7.355253398418426514e-02 9.264473915100097656e-01
9.990954399108886719e-01 9.046200430020689964e-04
9.972921013832092285e-01 2.707921899855136871e-03
9.998706579208374023e-01 1.293664536206051707e-04
2.897045612335205078e-01 7.102954387664794922e-01
4.828795135836116970e-05 9.999517202377319336e-01
2.393691975157707930e-04 9.997606873512268066e-01
9.997534155845642090e-01 2.465944271534681320e-04
9.998464584350585938e-01 1.535653427708894014e-04
7.201804692158475518e-05 9.999279975891113281e-01
9.883140325546264648e-01 1.168600283563137054e-02
9.997646212577819824e-01 2.353338495595380664e-04
9.835464954376220703e-01 1.645346730947494507e-02
9.980896115303039551e-01 1.910392311401665211e-03
9.996343851089477539e-01 3.656278131529688835e-04
2.911165915429592133e-02 9.708883166313171387e-01
9.999437332153320312e-01 5.624639743473380804e-05
9.901809692382812500e-01 9.819057770073413849e-03
9.991789460182189941e-01 8.210830274038016796e-04
9.995841383934020996e-01 4.158939991611987352e-04
2.125437930226325989e-02 9.787456989288330078e-01
9.999545812606811523e-01 4.538786743069067597e-05
3.267077505588531494e-01 6.732922792434692383e-01
9.858221411705017090e-01 1.417789701372385025e-02
1.954062581062316895e-01 8.045937418937683105e-01
2.348180627450346947e-03 9.976518750190734863e-01
9.958940744400024414e-01 4.105872008949518204e-03
9.468412399291992188e-01 5.315878614783287048e-02
9.963868856430053711e-01 3.613129723817110062e-03
9.986504912376403809e-01 1.349569763988256454e-03
4.434922884684056044e-04 9.995564818382263184e-01
9.999430179595947266e-01 5.700296242139302194e-05
9.996999502182006836e-01 3.001349396072328091e-04
2.716656541451811790e-03 9.972833395004272461e-01
2.208191603422164917e-01 7.791808247566223145e-01
9.991846680641174316e-01 8.152843802236020565e-04
9.928171634674072266e-01 7.182884961366653442e-03
9.961438179016113281e-01 3.856165567412972450e-03
9.709191918373107910e-01 2.908079326152801514e-02
6.678767204284667969e-01 3.321232497692108154e-01
2.521149218082427979e-01 7.478850483894348145e-01
9.997734427452087402e-01 2.265442744828760624e-04
1.192176132462918758e-03 9.988077878952026367e-01
9.964210987091064453e-01 3.578882198780775070e-03
7.847019005566835403e-04 9.992152452468872070e-01
9.186570048332214355e-01 8.134298771619796753e-02
8.884354829788208008e-01 1.115644425153732300e-01
9.999301433563232422e-01 6.990696419961750507e-05
8.941630125045776367e-01 1.058370471000671387e-01
8.819872140884399414e-01 1.180127412080764771e-01
5.517534539103507996e-02 9.448246955871582031e-01
1.124635804444551468e-02 9.887536764144897461e-01
9.994675517082214355e-01 5.324936937540769577e-04
1.478363573551177979e-01 8.521636128425598145e-01
5.890101790428161621e-01 4.109897911548614502e-01
9.862065911293029785e-01 1.379344519227743149e-02
9.986251592636108398e-01 1.374839688651263714e-03
9.459306001663208008e-01 5.406944826245307922e-02
7.271122303791344166e-04 9.992728829383850098e-01
4.107099473476409912e-01 5.892900228500366211e-01
8.176583647727966309e-01 1.823416501283645630e-01
1.908566057682037354e-02 9.809143543243408203e-01
9.979834556579589844e-01 2.016515471041202545e-03
9.998675584793090820e-01 1.324810000369325280e-04
9.998883008956909180e-01 1.117291394621133804e-04
3.937239646911621094e-01 6.062759757041931152e-01
2.220454392954707146e-03 9.977795481681823730e-01
4.496291652321815491e-02 9.550370573997497559e-01
9.189923405647277832e-01 8.100771903991699219e-02
9.893223643302917480e-01 1.067765709012746811e-02
9.955683350563049316e-01 4.431715700775384903e-03
9.998610019683837891e-01 1.390016113873571157e-04
1.092530041933059692e-02 9.890747666358947754e-01
9.999308586120605469e-01 6.917445716680958867e-05
9.926124811172485352e-01 7.387472316622734070e-03
9.883147478103637695e-01 1.168528106063604355e-02
3.725238144397735596e-01 6.274762153625488281e-01
1.937003731727600098e-01 8.062996268272399902e-01
3.191712498664855957e-01 6.808287501335144043e-01
9.985174536705017090e-01 1.482563675381243229e-03
9.998790025711059570e-01 1.209542024298571050e-04
5.641077295877039433e-04 9.994358420372009277e-01
9.997177720069885254e-01 2.821884409058839083e-04
9.933587908744812012e-01 6.641159299761056900e-03
9.998626708984375000e-01 1.373446866637095809e-04
9.999635219573974609e-01 3.645951073849573731e-05
3.944987431168556213e-03 9.960550069808959961e-01
1.342402845621109009e-01 8.657596707344055176e-01
1.756216224748641253e-04 9.998244643211364746e-01
9.810802340507507324e-01 1.891979016363620758e-02
7.390319705009460449e-01 2.609679996967315674e-01
4.026461839675903320e-01 5.973538756370544434e-01
9.108366370201110840e-01 8.916336297988891602e-02
5.644846558570861816e-01 4.355153739452362061e-01
9.997118115425109863e-01 2.881932014133781195e-04
1.011408939957618713e-01 8.988590836524963379e-01
1.511474102735519409e-01 8.488525748252868652e-01
9.995161294937133789e-01 4.839295579586178064e-04
9.987578392028808594e-01 1.242178259417414665e-03
1.413014950230717659e-03 9.985870122909545898e-01
9.999105930328369141e-01 8.944865840021520853e-05
9.560825228691101074e-01 4.391745105385780334e-02
9.867238402366638184e-01 1.327612157911062241e-02
9.999142885208129883e-01 8.575890387874096632e-05
9.998258948326110840e-01 1.741226151352748275e-04
5.927932215854525566e-04 9.994071722030639648e-01
4.779092501848936081e-03 9.952209591865539551e-01
9.991098046302795410e-01 8.901180699467658997e-04
4.232629144098609686e-04 9.995767474174499512e-01
2.109551057219505310e-02 9.789044260978698730e-01
7.942711818031966686e-04 9.992057681083679199e-01
8.515306981280446053e-04 9.991484880447387695e-01
1.451555290259420872e-03 9.985484480857849121e-01
9.999550580978393555e-01 4.496442852541804314e-05
9.998564720153808594e-01 1.434482255717739463e-04
9.997087121009826660e-01 2.913111820816993713e-04
9.910265803337097168e-01 8.973369374871253967e-03
9.997360110282897949e-01 2.639422309584915638e-04
1.694746874272823334e-02 9.830524921417236328e-01
8.747707121074199677e-03 9.912522435188293457e-01
9.709730148315429688e-01 2.902700006961822510e-02
9.285001754760742188e-01 7.149980962276458740e-02
1.095692999660968781e-02 9.890430569648742676e-01
9.118295907974243164e-01 8.817041665315628052e-02
9.998754262924194336e-01 1.245230378117412329e-04
9.997335076332092285e-01 2.665205975063145161e-04
6.975445747375488281e-01 3.024554550647735596e-01
6.960568428039550781e-01 3.039431571960449219e-01
9.633278846740722656e-01 3.667216375470161438e-02
6.656927871517837048e-04 9.993342757225036621e-01
9.934853911399841309e-01 6.514618638902902603e-03
7.197030186653137207e-01 2.802969217300415039e-01
9.989413619041442871e-01 1.058613299392163754e-03
9.999294281005859375e-01 7.057247421471402049e-05
2.260621637105941772e-03 9.977394342422485352e-01
9.995394945144653320e-01 4.604928544722497463e-04
2.262067236006259918e-02 9.773793220520019531e-01
9.999138116836547852e-01 8.621718734502792358e-05
9.787390828132629395e-01 2.126093581318855286e-02
9.989181756973266602e-01 1.081793569028377533e-03
7.644075900316238403e-03 9.923559427261352539e-01
9.995019435882568359e-01 4.980366793461143970e-04
5.011527799069881439e-03 9.949885010719299316e-01
9.998275041580200195e-01 1.724498288240283728e-04
9.988351464271545410e-01 1.164843910373747349e-03
9.999589920043945312e-01 4.104402250959537923e-05
9.997640252113342285e-01 2.359397913096472621e-04
9.984939098358154297e-01 1.506033120676875114e-03
9.495431780815124512e-01 5.045688897371292114e-02
9.999494552612304688e-01 5.057145608589053154e-05
9.999666213989257812e-01 3.341243063914589584e-05
9.999535083770751953e-01 4.648472531698644161e-05
1.052305888151749969e-04 9.998947381973266602e-01
9.999660253524780273e-01 3.392000871826894581e-05
9.810886383056640625e-01 1.891137659549713135e-02
9.942771792411804199e-01 5.722856149077415466e-03
6.396091580390930176e-01 3.603908121585845947e-01
2.543378468544688076e-05 9.999746084213256836e-01
9.992195367813110352e-01 7.804098422639071941e-04
5.265258252620697021e-03 9.947347640991210938e-01
9.999308586120605469e-01 6.911200762260705233e-05
2.608805894851684570e-01 7.391194105148315430e-01
9.999333620071411133e-01 6.665052205789834261e-05
9.957826137542724609e-01 4.217458423227071762e-03
9.995090961456298828e-01 4.909332492388784885e-04
9.341981785837560892e-05 9.999065399169921875e-01
9.998482465744018555e-01 1.516749325674027205e-04
9.994021654129028320e-01 5.977758555673062801e-04
9.991049170494079590e-01 8.950423798523843288e-04
3.501516301184892654e-03 9.964984655380249023e-01
5.418330803513526917e-02 9.458166956901550293e-01
7.328230276471003890e-05 9.999266862869262695e-01
9.930412769317626953e-01 6.958751939237117767e-03
9.996398687362670898e-01 3.601592034101486206e-04
9.780902862548828125e-01 2.190975472331047058e-02
9.927666187286376953e-01 7.233331445604562759e-03
9.992357492446899414e-01 7.642370183020830154e-04
9.998434782028198242e-01 1.565561979077756405e-04
9.955528378486633301e-01 4.447154700756072998e-03
9.999320507049560547e-01 6.789036706322804093e-05
9.999496936798095703e-01 5.035082358517684042e-05
9.996299743652343750e-01 3.699510998558253050e-04
9.656565189361572266e-01 3.434342145919799805e-02
2.103627230098936707e-05 9.999790191650390625e-01
1.456732716178521514e-04 9.998543262481689453e-01
9.999083280563354492e-01 9.167294047074392438e-05
9.996283054351806641e-01 3.717087965924292803e-04
9.999374151229858398e-01 6.256564665818586946e-05
9.990965127944946289e-01 9.034713148139417171e-04
9.975786805152893066e-01 2.421357203274965286e-03
6.573392748832702637e-01 3.426607549190521240e-01
9.999567270278930664e-01 4.326825364842079580e-05
9.999272823333740234e-01 7.268654735526069999e-05
9.150190949440002441e-01 8.498089760541915894e-02
9.869831800460815430e-01 1.301681436598300934e-02
8.801945447921752930e-01 1.198054924607276917e-01
9.998633861541748047e-01 1.365990465274080634e-04
1.654042716836556792e-05 9.999834299087524414e-01
4.298770129680633545e-01 5.701229572296142578e-01
9.912157058715820312e-01 8.784275501966476440e-03
2.348329275846481323e-01 7.651671171188354492e-01
9.997466206550598145e-01 2.533621154725551605e-04
9.993336796760559082e-01 6.663364474661648273e-04
2.796835964545607567e-03 9.972032308578491211e-01
9.959906935691833496e-01 4.009356722235679626e-03
9.998067021369934082e-01 1.933331514010205865e-04
5.598926145466975868e-05 9.999439716339111328e-01
1.645865559112280607e-04 9.998353719711303711e-01
1.029851194471120834e-02 9.897015094757080078e-01
1.899809092283248901e-01 8.100190758705139160e-01
9.999363422393798828e-01 6.363302236422896385e-05
5.869557335972785950e-02 9.413044452667236328e-01
4.890784155577421188e-03 9.951091408729553223e-01
9.991994500160217285e-01 8.005896233953535557e-04
2.325108507648110390e-03 9.976748824119567871e-01
3.504400551319122314e-01 6.495599150657653809e-01
7.663027197122573853e-02 9.233697056770324707e-01
9.790496230125427246e-01 2.095033228397369385e-02
9.973108768463134766e-01 2.689178334549069405e-03
9.996590614318847656e-01 3.409379569347947836e-04
9.971350431442260742e-01 2.864901674911379814e-03
8.859682679176330566e-01 1.140317469835281372e-01
1.107425705413334072e-04 9.998892545700073242e-01
6.691673398017883301e-01 3.308327198028564453e-01
8.068121969699859619e-03 9.919318556785583496e-01
3.942537587136030197e-04 9.996057152748107910e-01
9.900321960449218750e-01 9.967845864593982697e-03
9.808967113494873047e-01 1.910329610109329224e-02
9.992484450340270996e-01 7.514731260016560555e-04
9.998314380645751953e-01 1.685039023868739605e-04
9.332010746002197266e-01 6.679894775152206421e-02
9.994853734970092773e-01 5.145831964910030365e-04
9.998852014541625977e-01 1.147577058873139322e-04
9.999336004257202148e-01 6.639315688516944647e-05
3.480204613879323006e-03 9.965198040008544922e-01
9.997842907905578613e-01 2.157617273041978478e-04
2.997406199574470520e-02 9.700259566307067871e-01
9.999555349349975586e-01 4.444996375241316855e-05
9.595015048980712891e-01 4.049852862954139709e-02
9.927575588226318359e-01 7.242453284561634064e-03
9.379287958145141602e-01 6.207118928432464600e-02
9.992884397506713867e-01 7.114885956980288029e-04
9.894574284553527832e-01 1.054260227829217911e-02
9.813837409019470215e-01 1.861633174121379852e-02
8.506663441658020020e-01 1.493336707353591919e-01
9.810224175453186035e-01 1.897758431732654572e-02
9.999691247940063477e-01 3.091894905082881451e-05
3.809275338426232338e-03 9.961906671524047852e-01
9.606112726032733917e-03 9.903938174247741699e-01
3.522368788253515959e-04 9.996477365493774414e-01
7.249543666839599609e-01 2.750456333160400391e-01
2.158596515655517578e-01 7.841403484344482422e-01
9.961526989936828613e-01 3.847248386591672897e-03
7.754538059234619141e-01 2.245461791753768921e-01
9.109012484550476074e-01 8.909872919321060181e-02
9.999362230300903320e-01 6.375912198564037681e-05
9.993951320648193359e-01 6.048734067007899284e-04
9.512987732887268066e-01 4.870117455720901489e-02
9.931246638298034668e-01 6.875355727970600128e-03
9.965279698371887207e-01 3.472035052254796028e-03
1.223427355289459229e-01 8.776572942733764648e-01
8.163530230522155762e-01 1.836469918489456177e-01
9.529855847358703613e-01 4.701443761587142944e-02
9.999471902847290039e-01 5.278439130051992834e-05
9.999538660049438477e-01 4.616651494870893657e-05
1.076617278158664703e-02 9.892338514328002930e-01
9.874970912933349609e-01 1.250286214053630829e-02
9.969124794006347656e-01 3.087477991357445717e-03
9.998744726181030273e-01 1.254945236723870039e-04
9.901847839355468750e-01 9.815238416194915771e-03
8.867329452186822891e-04 9.991132616996765137e-01
9.896289706230163574e-01 1.037095580250024796e-02
9.507714509963989258e-01 4.922858625650405884e-02
9.990137815475463867e-01 9.862446459010243416e-04
9.948630928993225098e-01 5.136925261467695236e-03
2.925496955867856741e-04 9.997074007987976074e-01
9.520068168640136719e-01 4.799318686127662659e-02
1.245371677214279771e-04 9.998754262924194336e-01
9.599409103393554688e-01 4.005911201238632202e-02
2.468761205673217773e-01 7.531238794326782227e-01
5.811265436932444572e-04 9.994188547134399414e-01
9.551270008087158203e-01 4.487301036715507507e-02
1.151699107140302658e-04 9.998848438262939453e-01
9.997391104698181152e-01 2.608954091556370258e-04
4.695374369621276855e-01 5.304625630378723145e-01
9.999616146087646484e-01 3.840571662294678390e-05
9.998061060905456543e-01 1.939233770826831460e-04
9.990031123161315918e-01 9.969539241865277290e-04
7.222465276718139648e-01 2.777534723281860352e-01
5.864468812942504883e-01 4.135530889034271240e-01
1.014955691061913967e-03 9.989849925041198730e-01
8.667393922805786133e-01 1.332605928182601929e-01
9.257445111870765686e-03 9.907425045967102051e-01
1.454778102925047278e-04 9.998544454574584961e-01
2.752602813416160643e-05 9.999724626541137695e-01
1.168971575680188835e-04 9.998830556869506836e-01
9.912256598472595215e-01 8.774316869676113129e-03
9.991940855979919434e-01 8.059391984716057777e-04
7.382490634918212891e-01 2.617509663105010986e-01
9.997346997261047363e-01 2.652763214427977800e-04
9.994674324989318848e-01 5.325992242433130741e-04
9.953569769859313965e-01 4.643044434487819672e-03
9.997492432594299316e-01 2.507589524611830711e-04
9.967193007469177246e-01 3.280649427324533463e-03
5.422034263610839844e-01 4.577966034412384033e-01
9.940568208694458008e-01 5.943198688328266144e-03
9.998457431793212891e-01 1.541821402497589588e-04
9.999265670776367188e-01 7.342808385146781802e-05
8.387286216020584106e-04 9.991612434387207031e-01
9.999340772628784180e-01 6.586162635358050466e-05
4.982167156413197517e-04 9.995018243789672852e-01
1.023664325475692749e-02 9.897633790969848633e-01
9.999266862869262695e-01 7.329648360610008240e-05
9.996434450149536133e-01 3.565383376553654671e-04
9.991179108619689941e-01 8.820460061542689800e-04
4.944789689034223557e-04 9.995055198669433594e-01
8.390800356864929199e-01 1.609199047088623047e-01
1.043351069092750549e-01 8.956648707389831543e-01
9.998685121536254883e-01 1.314338587690144777e-04
9.966955184936523438e-01 3.304450307041406631e-03
9.650023579597473145e-01 3.499771282076835632e-02
9.998855590820312500e-01 1.143946574302390218e-04
9.968560934066772461e-01 3.143877489492297173e-03
9.969519376754760742e-01 3.048011567443609238e-03
1.178963924758136272e-03 9.988209605216979980e-01
9.991248250007629395e-01 8.752383291721343994e-04
9.566445946693420410e-01 4.335537180304527283e-02
9.781907796859741211e-01 2.180927246809005737e-02
9.999493360519409180e-01 5.063104981672950089e-05
8.209380507469177246e-01 1.790619194507598877e-01
9.999647140502929688e-01 3.522613769746385515e-05
1.321564777754247189e-04 9.998677968978881836e-01
2.031010016798973083e-02 9.796898365020751953e-01
8.554686903953552246e-01 1.445312947034835815e-01
9.999439716339111328e-01 5.598498682957142591e-05
9.963839054107666016e-01 3.616114612668752670e-03
2.154831308871507645e-04 9.997845292091369629e-01
3.923136740922927856e-02 9.607685804367065430e-01
9.980294108390808105e-01 1.970588928088545799e-03
1.080436850315891206e-04 9.998919963836669922e-01
9.994642138481140137e-01 5.357498885132372379e-04
9.998934268951416016e-01 1.065200340235605836e-04
9.997947812080383301e-01 2.051920746453106403e-04
9.987130165100097656e-01 1.287020393647253513e-03
9.999297857284545898e-01 7.016756717348471284e-05
5.232951641082763672e-01 4.767048358917236328e-01
9.779831171035766602e-01 2.201685309410095215e-02
9.993132352828979492e-01 6.867389311082661152e-04
9.956291913986206055e-01 4.370831884443759918e-03
9.997105002403259277e-01 2.894841600209474564e-04
9.768547415733337402e-01 2.314532920718193054e-02
6.245090044103562832e-04 9.993755221366882324e-01
8.662103414535522461e-01 1.337897032499313354e-01
9.779714941978454590e-01 2.202852629125118256e-02
9.999507665634155273e-01 4.928879207000136375e-05
7.032696008682250977e-01 2.967304289340972900e-01
9.493628144264221191e-01 5.063717067241668701e-02
9.997389912605285645e-01 2.609568182379007339e-04
9.333518743515014648e-01 6.664819270372390747e-02
9.998139739036560059e-01 1.860617776401340961e-04
2.595617473125457764e-01 7.404382824897766113e-01
9.966442584991455078e-01 3.355756867676973343e-03
2.754813730716705322e-01 7.245186567306518555e-01
9.749084115028381348e-01 2.509166672825813293e-02
9.999271631240844727e-01 7.287102198461070657e-05
9.490197896957397461e-01 5.098017305135726929e-02
7.690188795095309615e-05 9.999231100082397461e-01
9.996533393859863281e-01 3.466043272055685520e-04
9.995071887969970703e-01 4.927606787532567978e-04
5.069888356956653297e-05 9.999493360519409180e-01
9.877642989158630371e-01 1.223568338900804520e-02
9.998652935028076172e-01 1.347119396086782217e-04
9.997389912605285645e-01 2.609493385534733534e-04
8.475027978420257568e-03 9.915249943733215332e-01
9.996660947799682617e-01 3.338616515975445509e-04
4.868710879236459732e-03 9.951312541961669922e-01
9.998108744621276855e-01 1.891747961053624749e-04
9.809990525245666504e-01 1.900093257427215576e-02
9.999336004257202148e-01 6.636195030296221375e-05
3.549573244526982307e-03 9.964504241943359375e-01
5.335092646419070661e-05 9.999465942382812500e-01
9.923616647720336914e-01 7.638272363692522049e-03
9.856674075126647949e-01 1.433263812214136124e-02
8.974878191947937012e-01 1.025121137499809265e-01
5.038092732429504395e-01 4.961907267570495605e-01
2.805863134562969208e-02 9.719413518905639648e-01
3.158601000905036926e-02 9.684139490127563477e-01
7.039026822894811630e-04 9.992960691452026367e-01
9.990832805633544922e-01 9.167346288450062275e-04
9.530833363533020020e-01 4.691658914089202881e-02
9.991410970687866211e-01 8.588685886934399605e-04
1.785376518964767456e-01 8.214623332023620605e-01
9.694921970367431641e-01 3.050775825977325439e-02
9.999412298202514648e-01 5.877924195374362171e-05
9.999439716339111328e-01 5.604134639725089073e-05
9.981290698051452637e-01 1.870894921012222767e-03
9.997422099113464355e-01 2.577865961939096451e-04
2.131396438926458359e-03 9.978685379028320312e-01
9.999196529388427734e-01 8.031575998757034540e-05
8.913487545214593410e-05 9.999108314514160156e-01
4.030442796647548676e-04 9.995970129966735840e-01
1.653026193380355835e-01 8.346974253654479980e-01
4.706674735643900931e-05 9.999529123306274414e-01
9.827827215194702148e-01 1.721727848052978516e-02
9.990404248237609863e-01 9.596010786481201649e-04
9.999184608459472656e-01 8.151419024216011167e-05
9.995276927947998047e-01 4.723651800304651260e-04
9.870971553027629852e-04 9.990128278732299805e-01
3.908733371645212173e-03 9.960913062095642090e-01
9.989509582519531250e-01 1.049066311679780483e-03
2.669946663081645966e-02 9.733005762100219727e-01
6.511988613056018949e-05 9.999349117279052734e-01
4.952117428183555603e-02 9.504788517951965332e-01
9.604438543319702148e-01 3.955610096454620361e-02
9.972779154777526855e-01 2.722061937674880028e-03
9.992997646331787109e-01 7.002715719863772392e-04
1.671900041401386261e-03 9.983281493186950684e-01
9.973303079605102539e-01 2.669651992619037628e-03
3.980872631072998047e-01 6.019127964973449707e-01
9.999160766601562500e-01 8.390028961002826691e-05
2.221845462918281555e-02 9.777815341949462891e-01
1.870494149625301361e-02 9.812951087951660156e-01
3.505261556711047888e-04 9.996495246887207031e-01
9.996227025985717773e-01 3.772440832108259201e-04
7.278662815224379301e-05 9.999271631240844727e-01
9.949852228164672852e-01 5.014798603951931000e-03
8.929092288017272949e-01 1.070907488465309143e-01
9.998260140419006348e-01 1.740577135933563113e-04
2.661123871803283691e-03 9.973388314247131348e-01
3.304676115512847900e-01 6.695323586463928223e-01
9.991063475608825684e-01 8.936137892305850983e-04
9.999076128005981445e-01 9.237619087798520923e-05
9.998823404312133789e-01 1.176236110040917993e-04
3.423206275328993797e-03 9.965767264366149902e-01
9.900104403495788574e-01 9.989605285227298737e-03
9.695132970809936523e-01 3.048672899603843689e-02
9.997662901878356934e-01 2.336636825930327177e-04
2.059573866426944733e-02 9.794042110443115234e-01
9.972881078720092773e-01 2.711854875087738037e-03
1.142335217446088791e-02 9.885767102241516113e-01
4.411496818065643311e-01 5.588502883911132812e-01
2.981988945975899696e-04 9.997017979621887207e-01
7.316673145396634936e-05 9.999268054962158203e-01
9.999147653579711914e-01 8.527336467523127794e-05
9.989135265350341797e-01 1.086474163457751274e-03
9.899827837944030762e-01 1.001729629933834076e-02
9.999263286590576172e-01 7.370891398750245571e-05
9.990705847740173340e-01 9.294096962548792362e-04
1.041004899889230728e-02 9.895899891853332520e-01
9.988872408866882324e-01 1.112827332690358162e-03
7.390781305730342865e-03 9.926092028617858887e-01
9.999525547027587891e-01 4.741697557619772851e-05
9.963116049766540527e-01 3.688415279611945152e-03
6.038230276317335665e-05 9.999395608901977539e-01
9.999647140502929688e-01 3.533131166477687657e-05
2.923124097287654877e-02 9.707687497138977051e-01
9.997060894966125488e-01 2.938918478321284056e-04
2.581397593021392822e-01 7.418602108955383301e-01
9.174483418464660645e-01 8.255167305469512939e-02
9.996757507324218750e-01 3.242738312110304832e-04
2.319729537703096867e-05 9.999767541885375977e-01
9.998208880424499512e-01 1.791951654013246298e-04
8.335684537887573242e-01 1.664315611124038696e-01
1.724347384879365563e-05 9.999827146530151367e-01
9.841392636299133301e-01 1.586074568331241608e-02
1.261514262296259403e-04 9.998738765716552734e-01
9.998828172683715820e-01 1.171275653177872300e-04
9.998992681503295898e-01 1.007784667308442295e-04
9.998799562454223633e-01 1.200651240651495755e-04
9.999122619628906250e-01 8.778004848863929510e-05
9.595987796783447266e-01 4.040125012397766113e-02
2.368718944489955902e-02 9.763128757476806641e-01
2.212579420302063227e-05 9.999778270721435547e-01
9.998761415481567383e-01 1.238699187524616718e-04
9.766976237297058105e-01 2.330231852829456329e-02
1.146107353270053864e-02 9.885389208793640137e-01
9.983140230178833008e-01 1.685962430201470852e-03
3.258642554283142090e-02 9.674136042594909668e-01
1.633540391921997070e-01 8.366459608078002930e-01
9.996373653411865234e-01 3.625796816777437925e-04
9.238517668563872576e-05 9.999076128005981445e-01
9.685276746749877930e-01 3.147237747907638550e-02
9.999575614929199219e-01 4.240499038132838905e-05
5.947239995002746582e-01 4.052760601043701172e-01
9.241290092468261719e-01 7.587105035781860352e-02
9.990605711936950684e-01 9.393985383212566376e-04
9.997988343238830566e-01 2.011655888054519892e-04
1.955924788489937782e-03 9.980440139770507812e-01
9.828332066535949707e-01 1.716681942343711853e-02
8.166184276342391968e-02 9.183381795883178711e-01
9.356097579002380371e-01 6.439018994569778442e-02
9.978042244911193848e-01 2.195769222453236580e-03
9.897034764289855957e-01 1.029647979885339737e-02
9.996662139892578125e-01 3.337795787956565619e-04
9.998396635055541992e-01 1.603639102540910244e-04
4.828555583953857422e-01 5.171444416046142578e-01
1.002730219624936581e-03 9.989972710609436035e-01
9.916594624519348145e-01 8.340557105839252472e-03
2.070830576121807098e-02 9.792917370796203613e-01
9.991488456726074219e-01 8.511778432875871658e-04
9.996511936187744141e-01 3.488090296741575003e-04
7.219343185424804688e-01 2.780656814575195312e-01
9.790543317794799805e-01 2.094569802284240723e-02
4.030807758681476116e-05 9.999597072601318359e-01
9.999390840530395508e-01 6.093942647567018867e-05
9.974472522735595703e-01 2.552810823544859886e-03
9.914960861206054688e-01 8.503938093781471252e-03
2.858559309970587492e-04 9.997140765190124512e-01
6.819071859354153275e-05 9.999318122863769531e-01
1.666822936385869980e-05 9.999833106994628906e-01
9.996367692947387695e-01 3.632505249697715044e-04
9.986376166343688965e-01 1.362359034828841686e-03
9.976509213447570801e-01 2.349083544686436653e-03
9.992470741271972656e-01 7.529016584157943726e-04
3.582046774681657553e-04 9.996417760848999023e-01
1.147498562932014465e-01 8.852500915527343750e-01
9.759559631347656250e-01 2.404406480491161346e-02
9.942225813865661621e-01 5.777388811111450195e-03
9.554669959470629692e-04 9.990444779396057129e-01
1.323879259871318936e-04 9.998675584793090820e-01
9.742192924022674561e-04 9.990258216857910156e-01
9.999443292617797852e-01 5.572336158365942538e-05
9.989231228828430176e-01 1.076904474757611752e-03
9.902515411376953125e-01 9.748428128659725189e-03
2.966328710317611694e-02 9.703366756439208984e-01
9.999394416809082031e-01 6.055315679986961186e-05
1.289361389353871346e-03 9.987106323242187500e-01
9.678745269775390625e-01 3.212545812129974365e-02
9.997157454490661621e-01 2.841874666046351194e-04
9.999105930328369141e-01 8.945266017690300941e-05
9.971780776977539062e-01 2.821959089487791061e-03
6.823641248047351837e-03 9.931764006614685059e-01
8.392599411308765411e-04 9.991607666015625000e-01
2.198108268203213811e-04 9.997802376747131348e-01
9.988038539886474609e-01 1.196191646158695221e-03
1.300076564803021029e-05 9.999870061874389648e-01
8.387306332588195801e-01 1.612693816423416138e-01
1.307507753372192383e-01 8.692492246627807617e-01
9.706600308418273926e-01 2.933995984494686127e-02
9.993545413017272949e-01 6.454468239098787308e-04
9.995505213737487793e-01 4.494544409681111574e-04
9.998780488967895508e-01 1.218918187078088522e-04
9.997730851173400879e-01 2.269269316457211971e-04
9.882261157035827637e-01 1.177383027970790863e-02
4.054103046655654907e-03 9.959458708763122559e-01
5.542130470275878906e-01 4.457869529724121094e-01
9.999015331268310547e-01 9.843637235462665558e-05
7.121076583862304688e-01 2.878923714160919189e-01
8.288832306861877441e-01 1.711168289184570312e-01
9.945367574691772461e-01 5.463213659822940826e-03
9.735837578773498535e-03 9.902641773223876953e-01
9.999194145202636719e-01 8.058296225499361753e-05
4.274875391274690628e-04 9.995724558830261230e-01
2.167334605474025011e-05 9.999783039093017578e-01
2.931766211986541748e-03 9.970682263374328613e-01
9.936344576999545097e-04 9.990063309669494629e-01
5.234767741058021784e-05 9.999476671218872070e-01
9.982988238334655762e-01 1.701245550066232681e-03
9.391218423843383789e-01 6.087817996740341187e-02
1.006018519401550293e-01 8.993980884552001953e-01
4.787494894117116928e-03 9.952124357223510742e-01
9.998737573623657227e-01 1.262409496121108532e-04
9.992287158966064453e-01 7.712811348028481007e-04
9.988052845001220703e-01 1.194719690829515457e-03
5.058188922703266144e-03 9.949417710304260254e-01
9.951570630073547363e-01 4.842934198677539825e-03
9.983947873115539551e-01 1.605178462341427803e-03
9.999479055404663086e-01 5.207368303672410548e-05
9.793913364410400391e-01 2.060870453715324402e-02
9.800451397895812988e-01 1.995493844151496887e-02
9.999336004257202148e-01 6.637523620156571269e-05
9.999475479125976562e-01 5.240136306383647025e-05
9.999252557754516602e-01 7.471465505659580231e-05
9.970554113388061523e-01 2.944578882306814194e-03
9.995804429054260254e-01 4.195270885247737169e-04
1.439689565449953079e-02 9.856030941009521484e-01
1.170034636743366718e-03 9.988300204277038574e-01
5.115759968757629395e-01 4.884240031242370605e-01
3.791512250900268555e-01 6.208487749099731445e-01
9.992571473121643066e-01 7.428096141666173935e-04
9.992530941963195801e-01 7.469260599464178085e-04
9.954158067703247070e-01 4.584207665175199509e-03
9.827578663825988770e-01 1.724209822714328766e-02
9.978285431861877441e-01 2.171464962884783745e-03
9.957154393196105957e-01 4.284520167857408524e-03
1.097802072763442993e-03 9.989022016525268555e-01
7.135140895843505859e-02 9.286485910415649414e-01
1.674484083196148276e-04 9.998325109481811523e-01
9.997629523277282715e-01 2.370625152252614498e-04
8.801373839378356934e-02 9.119862318038940430e-01
9.955691695213317871e-01 4.430827684700489044e-03
9.998276233673095703e-01 1.723870373098179698e-04
9.990637898445129395e-01 9.361721458844840527e-04
9.998627901077270508e-01 1.372027909383177757e-04
7.729689031839370728e-02 9.227031469345092773e-01
9.927559494972229004e-01 7.244098931550979614e-03
9.940651655197143555e-01 5.934837739914655685e-03
7.971214652061462402e-01 2.028785049915313721e-01
8.646193742752075195e-01 1.353806853294372559e-01
9.998438358306884766e-01 1.561144890729337931e-04
9.955641031265258789e-01 4.435921087861061096e-03
5.656691268086433411e-02 9.434331059455871582e-01
9.999115467071533203e-01 8.838816575007513165e-05
1.088817119598388672e-01 8.911182880401611328e-01
9.999759197235107422e-01 2.406283056188840419e-05
9.996096491813659668e-01 3.903438628185540438e-04
6.819071859354153275e-05 9.999318122863769531e-01
2.218074805568903685e-04 9.997782111167907715e-01
9.555929899215698242e-01 4.440704360604286194e-02
8.816029429435729980e-01 1.183970645070075989e-01
8.747215867042541504e-01 1.252784729003906250e-01
9.935472607612609863e-01 6.452680099755525589e-03
1.320758135989308357e-03 9.986792206764221191e-01
1.651824684813618660e-03 9.983482360839843750e-01
9.903573393821716309e-01 9.642645716667175293e-03
9.838990569114685059e-01 1.610092446208000183e-02
9.999552965164184570e-01 4.464818630367517471e-05
1.814557239413261414e-02 9.818544387817382812e-01
2.393576130270957947e-02 9.760642051696777344e-01
5.339149758219718933e-02 9.466085433959960938e-01
9.626902937889099121e-01 3.730967268347740173e-02
9.955249428749084473e-01 4.475022200495004654e-03
9.965528249740600586e-01 3.447174793109297752e-03
9.996070265769958496e-01 3.929393715225160122e-04
9.948234558105468750e-01 5.176502279937267303e-03
9.994562268257141113e-01 5.437854561023414135e-04
2.670561429113149643e-03 9.973294734954833984e-01
9.998787641525268555e-01 1.212526112794876099e-04
1.494796425104141235e-01 8.505204319953918457e-01
9.982440471649169922e-01 1.756021520122885704e-03
2.383637242019176483e-03 9.976164102554321289e-01
9.965774416923522949e-01 3.422541311010718346e-03
9.978352189064025879e-01 2.164768986403942108e-03
9.997537732124328613e-01 2.462253323756158352e-04
7.430432597175240517e-04 9.992569088935852051e-01
3.057975845877081156e-05 9.999693632125854492e-01
3.330026520416140556e-03 9.966699481010437012e-01
9.879607558250427246e-01 1.203920040279626846e-02
1.910512149333953857e-02 9.808948636054992676e-01
2.572354605945292860e-05 9.999742507934570312e-01
9.994026422500610352e-01 5.973954685032367706e-04
9.951013922691345215e-01 4.898590035736560822e-03
9.960513710975646973e-01 3.948647994548082352e-03
9.285687208175659180e-01 7.143130898475646973e-02
7.847451567649841309e-01 2.152548581361770630e-01
3.790710121393203735e-02 9.620928764343261719e-01
3.105788305401802063e-02 9.689421653747558594e-01
9.984678626060485840e-01 1.532156136818230152e-03
5.987886106595396996e-04 9.994012117385864258e-01
9.901708960533142090e-01 9.829114191234111786e-03
9.966382980346679688e-01 3.361696144565939903e-03
9.828755855560302734e-01 1.712439768016338348e-02
3.277436189819127321e-04 9.996722936630249023e-01
8.983206152915954590e-01 1.016793996095657349e-01
4.980646446347236633e-02 9.501935243606567383e-01
9.912307262420654297e-01 8.769262582063674927e-03
9.940448403358459473e-01 5.955171771347522736e-03
9.998699426651000977e-01 1.300553994951769710e-04
3.017984516918659210e-02 9.698202013969421387e-01
7.287444896064698696e-04 9.992712140083312988e-01
9.015650749206542969e-01 9.843487292528152466e-02
9.994546771049499512e-01 5.453366320580244064e-04
8.973013162612915039e-01 1.026986688375473022e-01
9.793702512979507446e-03 9.902063012123107910e-01
9.988296627998352051e-01 1.170393545180559158e-03
1.006243866868317127e-03 9.989938139915466309e-01
9.975188970565795898e-01 2.481176517903804779e-03
9.968041181564331055e-01 3.195921890437602997e-03
3.393540084362030029e-01 6.606460213661193848e-01
9.995372295379638672e-01 4.627550661098212004e-04
9.999396800994873047e-01 6.031019438523799181e-05
9.997083544731140137e-01 2.916441007982939482e-04
9.997074007987976074e-01 2.926049637608230114e-04
9.994739890098571777e-01 5.260881152935326099e-04
9.097756147384643555e-01 9.022438526153564453e-02
9.999603033065795898e-01 3.968473174609243870e-05
9.999164342880249023e-01 8.361013897228986025e-05
9.999564886093139648e-01 4.352350879344157875e-05
1.971584606508258730e-05 9.999803304672241211e-01
9.042506106197834015e-03 9.909574985504150391e-01
9.999526739120483398e-01 4.732386878458783031e-05
2.781766951084136963e-01 7.218232750892639160e-01
2.202093601226806641e-04 9.997797608375549316e-01
7.245166489155963063e-05 9.999275207519531250e-01
8.664565086364746094e-01 1.335435509681701660e-01
9.999631643295288086e-01 3.677795393741689622e-05
9.999279975891113281e-01 7.194899080786854029e-05
9.994578957557678223e-01 5.420960951596498489e-04
9.999467134475708008e-01 5.326618338585831225e-05
9.999039173126220703e-01 9.604268416296690702e-05
9.807667732238769531e-01 1.923318766057491302e-02
9.813578724861145020e-01 1.864209771156311035e-02
7.781278491020202637e-01 2.218721807003021240e-01
3.531639873981475830e-01 6.468360424041748047e-01
2.924693981185555458e-04 9.997075200080871582e-01
9.501165747642517090e-01 4.988339170813560486e-02
1.689659059047698975e-02 9.831033945083618164e-01
9.327859282493591309e-01 6.721413135528564453e-02
7.798089981079101562e-01 2.201909720897674561e-01
2.183821517974138260e-03 9.978162050247192383e-01
9.991295933723449707e-01 8.703967905603349209e-04
3.070192906307056546e-05 9.999692440032958984e-01
9.744296073913574219e-01 2.557040564715862274e-02
9.990793466567993164e-01 9.205801761709153652e-04
9.908085465431213379e-01 9.191514924168586731e-03
2.804566174745559692e-04 9.997195601463317871e-01
9.995765089988708496e-01 4.235458909533917904e-04
4.116655886173248291e-02 9.588333964347839355e-01
1.827866537496447563e-03 9.981721639633178711e-01
1.250202883966267109e-03 9.987497329711914062e-01
7.382069826126098633e-01 2.617929577827453613e-01
