1.600458490429446101e-04 9.998399019241333008e-01
9.445325732231140137e-01 5.546745657920837402e-02
8.738315105438232422e-01 1.261685192584991455e-01
9.976281523704528809e-01 2.371839713305234909e-03
7.917061448097229004e-02 9.208293557167053223e-01
1.613093772903084755e-04 9.998387098312377930e-01
3.361161947250366211e-01 6.638838648796081543e-01
2.665109746158123016e-02 9.733489155769348145e-01
1.605959841981530190e-03 9.983940720558166504e-01
5.205668458074796945e-06 9.999947547912597656e-01
1.849601976573467255e-02 9.815039634704589844e-01
7.434252620441839099e-05 9.999256134033203125e-01
3.155614016577601433e-03 9.968444108963012695e-01
9.973095655441284180e-01 2.690503606572747231e-03
7.045587153697852045e-06 9.999929666519165039e-01
1.279055178165435791e-01 8.720945119857788086e-01
6.237402930855751038e-02 9.376260042190551758e-01
4.272390604019165039e-01 5.727608799934387207e-01
1.437983242794871330e-03 9.985620379447937012e-01
8.845663978718221188e-05 9.999115467071533203e-01
7.020939665380865335e-05 9.999297857284545898e-01
3.078304827213287354e-01 6.921695470809936523e-01
8.888939023017883301e-01 1.111061647534370422e-01
8.107229471206665039e-01 1.892770081758499146e-01
2.890902978833764791e-04 9.997108578681945801e-01
4.114273542654700577e-05 9.999588727951049805e-01
9.768759608268737793e-01 2.312401868402957916e-02
6.871076822280883789e-01 3.128922879695892334e-01
3.660329878330230713e-01 6.339669823646545410e-01
9.994248151779174805e-01 5.751549615524709225e-04
7.834211587905883789e-01 2.165788859128952026e-01
1.788893900811672211e-02 9.821110367774963379e-01
5.533339844987494871e-06 9.999945163726806641e-01
2.649696543812751770e-03 9.973503351211547852e-01
1.599148090463131666e-04 9.998400211334228516e-01
4.968247376382350922e-04 9.995031356811523438e-01
9.937772899866104126e-02 9.006222486495971680e-01
7.818496227264404297e-02 9.218150377273559570e-01
9.317651391029357910e-03 9.906823635101318359e-01
5.416465457528829575e-03 9.945835471153259277e-01
9.993922710418701172e-01 6.077291327528655529e-04
8.406703472137451172e-01 1.593296676874160767e-01
9.505645036697387695e-01 4.943555220961570740e-02
3.204910026397556067e-04 9.996795654296875000e-01
9.569603204727172852e-01 4.303966462612152100e-02
7.477350882254540920e-04 9.992522597312927246e-01
3.287036379333585501e-04 9.996713399887084961e-01
1.815397081372793764e-05 9.999818801879882812e-01
7.822178006172180176e-01 2.177821695804595947e-01
9.207069277763366699e-01 7.929306477308273315e-02
2.781217098236083984e-01 7.218782901763916016e-01
1.339493244886398315e-01 8.660506606101989746e-01
7.593173980712890625e-01 2.406826317310333252e-01
5.172758102416992188e-01 4.827242195606231689e-01
9.889790415763854980e-01 1.102094259113073349e-02
9.997866749763488770e-01 2.133553207386285067e-04
2.139928191900253296e-01 7.860071659088134766e-01
9.492046833038330078e-01 5.079529806971549988e-02
1.515164331067353487e-05 9.999848604202270508e-01
9.940354824066162109e-01 5.964465904980897903e-03
2.539493143558502197e-01 7.460506558418273926e-01
1.084164367057383060e-03 9.989157915115356445e-01
4.982053269486641511e-06 9.999949932098388672e-01
3.557300269603729248e-01 6.442700028419494629e-01
5.416427254676818848e-01 4.583572745323181152e-01
4.540418088436126709e-02 9.545958042144775391e-01
9.998894929885864258e-01 1.104991169995628297e-04
6.604689359664916992e-02 9.339531064033508301e-01
1.507279812358319759e-03 9.984927177429199219e-01
9.886759519577026367e-01 1.132399309426546097e-02
7.484527230262756348e-01 2.515472471714019775e-01
6.736913323402404785e-01 3.263086378574371338e-01
1.291726803174242377e-04 9.998707771301269531e-01
7.936917245388031006e-03 9.920631051063537598e-01
6.220331415534019470e-02 9.377966523170471191e-01
6.076419949531555176e-01 3.923580348491668701e-01
6.414506435394287109e-01 3.585493266582489014e-01
5.834665298461914062e-01 4.165334701538085938e-01
4.859565198421478271e-01 5.140434503555297852e-01
2.994526922702789307e-02 9.700546860694885254e-01
1.167077869176864624e-01 8.832921385765075684e-01
1.555579528212547302e-02 9.844442605972290039e-01
1.009929655992891639e-05 9.999898672103881836e-01
1.091605401597917080e-03 9.989084005355834961e-01
9.904906749725341797e-01 9.509352967143058777e-03
7.838288545608520508e-01 2.161711007356643677e-01
3.221342563629150391e-01 6.778657436370849609e-01
7.835063338279724121e-02 9.216493368148803711e-01
2.049262262880802155e-02 9.795073866844177246e-01
1.439381274394690990e-03 9.985606074333190918e-01
1.089182387659093365e-05 9.999891519546508789e-01
6.213233064045198262e-06 9.999938011169433594e-01
1.031954434438375756e-05 9.999896287918090820e-01
8.611138910055160522e-04 9.991388320922851562e-01
8.615043163299560547e-01 1.384957134723663330e-01
1.216798089444637299e-03 9.987831711769104004e-01
7.696484923362731934e-01 2.303515076637268066e-01
2.829171251505613327e-03 9.971708655357360840e-01
8.376899641007184982e-04 9.991623163223266602e-01
1.041750330477952957e-02 9.895825386047363281e-01
1.909699756652116776e-03 9.980903267860412598e-01
5.344553301256382838e-06 9.999946355819702148e-01
2.348777052247896791e-04 9.997650980949401855e-01
7.891106605529785156e-01 2.108893543481826782e-01
2.213637903332710266e-02 9.778636097908020020e-01
4.242491908371448517e-03 9.957575201988220215e-01
9.996217489242553711e-01 3.781860577873885632e-04
1.557636191137135029e-03 9.984423518180847168e-01
4.117393400520086288e-03 9.958826303482055664e-01
3.483668115222826600e-05 9.999651908874511719e-01
1.045844546752050519e-04 9.998954534530639648e-01
6.185349822044372559e-01 3.814650177955627441e-01
8.021481633186340332e-01 1.978518217802047729e-01
1.406534138368442655e-04 9.998593330383300781e-01
7.035289308987557888e-05 9.999296665191650391e-01
1.107842754572629929e-02 9.889215230941772461e-01
8.991498907562345266e-05 9.999101161956787109e-01
7.015600204467773438e-01 2.984399199485778809e-01
7.399373316729906946e-06 9.999926090240478516e-01
1.061583952832734212e-05 9.999893903732299805e-01
1.554242074489593506e-01 8.445757627487182617e-01
1.288062930107116699e-01 8.711936473846435547e-01
9.853670597076416016e-01 1.463299989700317383e-02
9.870091080665588379e-01 1.299087610095739365e-02
9.998291730880737305e-01 1.708113704808056355e-04
7.731232047080993652e-01 2.268768250942230225e-01
8.116293549537658691e-01 1.883707046508789062e-01
9.959455132484436035e-01 4.054540302604436874e-03
2.416150718927383423e-01 7.583849430084228516e-01
1.920315623283386230e-01 8.079684376716613770e-01
9.983564019203186035e-01 1.643582247197628021e-03
8.429750778304878622e-06 9.999915361404418945e-01
2.766413390636444092e-01 7.233586311340332031e-01
9.979154467582702637e-01 2.084493404254317284e-03
8.981569408206269145e-06 9.999910593032836914e-01
4.368022564449347556e-05 9.999563694000244141e-01
1.614434877410531044e-03 9.983855485916137695e-01
9.841634631156921387e-01 1.583655923604965210e-02
6.056043639546260238e-05 9.999394416809082031e-01
2.721694484353065491e-02 9.727830886840820312e-01
6.902256608009338379e-01 3.097743093967437744e-01
1.280165649950504303e-02 9.871982932090759277e-01
2.915028631687164307e-01 7.084971070289611816e-01
4.300094733480364084e-04 9.995699524879455566e-01
1.609062999486923218e-01 8.390937447547912598e-01
3.563267178833484650e-03 9.964367151260375977e-01
8.862044523993972689e-06 9.999911785125732422e-01
8.412582799792289734e-03 9.915873408317565918e-01
6.434810347855091095e-04 9.993565678596496582e-01
4.239722788333892822e-01 5.760276913642883301e-01
8.764206767082214355e-01 1.235792860388755798e-01
1.865463517606258392e-02 9.813453555107116699e-01
7.448816671967506409e-03 9.925512075424194336e-01
3.839096170850098133e-04 9.996160268783569336e-01
8.859667927026748657e-02 9.114032983779907227e-01
1.146699560194974765e-05 9.999885559082031250e-01
4.324871042626909912e-06 9.999957084655761719e-01
1.459403847547946498e-05 9.999854564666748047e-01
1.039493246935307980e-03 9.989604949951171875e-01
1.717232044029515237e-05 9.999828338623046875e-01
5.272554062685230747e-06 9.999947547912597656e-01
9.975862503051757812e-01 2.413762500509619713e-03
9.998831748962402344e-01 1.168364251498132944e-04
6.839108467102050781e-02 9.316089153289794922e-01
2.654328010976314545e-03 9.973457455635070801e-01
2.689418615773320198e-03 9.973106384277343750e-01
7.913026638561859727e-05 9.999208450317382812e-01
8.469796011922881007e-05 9.999152421951293945e-01
9.103441238403320312e-01 8.965592086315155029e-02
3.215214237570762634e-02 9.678478240966796875e-01
6.343370079994201660e-01 3.656630218029022217e-01
1.451999560231342912e-04 9.998548030853271484e-01
1.692858710885047913e-02 9.830713868141174316e-01
2.379421330988407135e-02 9.762058258056640625e-01
6.680618971586227417e-02 9.331938028335571289e-01
9.998294115066528320e-01 1.705179456621408463e-04
8.943991661071777344e-01 1.056008934974670410e-01
4.313477501273155212e-02 9.568652510643005371e-01
2.415180279058404267e-05 9.999758005142211914e-01
2.317169308662414551e-01 7.682830691337585449e-01
2.481167316436767578e-01 7.518832683563232422e-01
2.332703024148941040e-02 9.766729474067687988e-01
9.990301132202148438e-01 9.699298534542322159e-04
1.533789038658142090e-01 8.466210961341857910e-01
5.523088038899004459e-04 9.994476437568664551e-01
1.409337967634201050e-01 8.590661883354187012e-01
3.290246822871267796e-04 9.996709823608398438e-01
1.948585850186645985e-03 9.980514049530029297e-01
2.241039910586550832e-04 9.997759461402893066e-01
7.911777496337890625e-02 9.208822250366210938e-01
9.954761862754821777e-01 4.523836076259613037e-03
3.126512467861175537e-01 6.873487234115600586e-01
4.621456563472747803e-02 9.537854790687561035e-01
6.709643006324768066e-01 3.290356397628784180e-01
3.967838361859321594e-02 9.603216052055358887e-01
8.956263065338134766e-01 1.043736785650253296e-01
4.236799140926450491e-04 9.995762705802917480e-01
9.949552416801452637e-01 5.044769961386919022e-03
9.957717061042785645e-01 4.228251520544290543e-03
9.365732073783874512e-01 6.342682242393493652e-02
4.638187419914174825e-06 9.999953508377075195e-01
9.008499979972839355e-01 9.915002435445785522e-02
9.995355606079101562e-01 4.644526925403624773e-04
4.139286000281572342e-03 9.958607554435729980e-01
1.065837293863296509e-01 8.934162855148315430e-01
2.062020357698202133e-03 9.979379773139953613e-01
7.384629845619201660e-01 2.615370452404022217e-01
1.306950487196445465e-02 9.869304895401000977e-01
3.479926660656929016e-02 9.652007818222045898e-01
1.378896832466125488e-02 9.862110018730163574e-01
9.878012537956237793e-01 1.219866983592510223e-02
9.680529910838231444e-05 9.999032020568847656e-01
9.976543784141540527e-01 2.345637185499072075e-03
9.969568252563476562e-01 3.043180098757147789e-03
7.343454957008361816e-01 2.656544744968414307e-01
9.994445443153381348e-01 5.554495146498084068e-04
2.155698311980813742e-04 9.997844099998474121e-01
1.416789293289184570e-01 8.583210706710815430e-01
9.995799660682678223e-01 4.200491239316761494e-04
7.649507460882887244e-05 9.999234676361083984e-01
4.547159746289253235e-02 9.545284509658813477e-01
2.498425601515918970e-04 9.997501969337463379e-01
6.159935146570205688e-04 9.993839263916015625e-01
4.192340672016143799e-01 5.807659626007080078e-01
9.890316426753997803e-02 9.010968804359436035e-01
1.260249409824609756e-04 9.998739957809448242e-01
2.104289160342887044e-04 9.997895359992980957e-01
2.484295703470706940e-02 9.751570224761962891e-01
9.327847361564636230e-01 6.721526384353637695e-02
7.355597615242004395e-01 2.644402682781219482e-01
9.126930308411829174e-06 9.999908208847045898e-01
2.843158654286526144e-05 9.999715089797973633e-01
9.825741648674011230e-01 1.742588728666305542e-02
6.669887807220220566e-03 9.933300614356994629e-01
8.711776733398437500e-01 1.288223415613174438e-01
3.701137029565870762e-05 9.999630451202392578e-01
2.626036703586578369e-01 7.373963594436645508e-01
8.304220438003540039e-01 1.695778965950012207e-01
5.728266667574644089e-03 9.942717552185058594e-01
7.449562847614288330e-02 9.255043864250183105e-01
2.217829605797305703e-04 9.997782111167907715e-01
1.045663468539714813e-02 9.895433187484741211e-01
1.536253694212064147e-04 9.998463392257690430e-01
3.606367111206054688e-01 6.393633484840393066e-01
2.032234187936410308e-04 9.997968077659606934e-01
6.529951095581054688e-01 3.470048606395721436e-01
4.277967946109129116e-06 9.999957084655761719e-01
8.680687460582703352e-05 9.999132156372070312e-01
5.362724550650455058e-06 9.999946355819702148e-01
5.375684122554957867e-04 9.994624257087707520e-01
1.003048382699489594e-04 9.998996257781982422e-01
2.007917873561382294e-02 9.799208045005798340e-01
4.810886383056640625e-01 5.189113616943359375e-01
6.971089243888854980e-01 3.028911054134368896e-01
2.333374768495559692e-01 7.666624784469604492e-01
7.256051898002624512e-01 2.743947803974151611e-01
9.424003362655639648e-01 5.759961530566215515e-02
2.789780199527740479e-01 7.210220098495483398e-01
9.463134407997131348e-01 5.368649214506149292e-02
9.744812250137329102e-01 2.551880106329917908e-02
2.432413399219512939e-02 9.756758213043212891e-01
3.112289588898420334e-03 9.968877434730529785e-01
5.526915658265352249e-03 9.944730401039123535e-01
9.422463178634643555e-01 5.775367841124534607e-02
5.241287499666213989e-02 9.475871324539184570e-01
2.658720016479492188e-01 7.341280579566955566e-01
4.531374573707580566e-02 9.546862840652465820e-01
7.318302989006042480e-01 2.681696414947509766e-01
9.999022483825683594e-01 9.776993101695552468e-05
1.821573358029127121e-03 9.981784820556640625e-01
2.104887552559375763e-02 9.789511561393737793e-01
2.713208198547363281e-01 7.286791205406188965e-01
8.815656304359436035e-01 1.184344217181205750e-01
2.111594949383288622e-04 9.997888207435607910e-01
1.845177146606147289e-03 9.981548190116882324e-01
1.901743416965473443e-05 9.999809265136718750e-01
9.973645806312561035e-01 2.635421231389045715e-03
9.920440912246704102e-01 7.955843582749366760e-03
5.152861475944519043e-01 4.847138226032257080e-01
1.824743002653121948e-01 8.175256848335266113e-01
8.620500564575195312e-02 9.137949943542480469e-01
3.893939554691314697e-01 6.106060743331909180e-01
9.996453523635864258e-01 3.546832886058837175e-04
1.794456147763412446e-05 9.999819993972778320e-01
1.312330216169357300e-01 8.687669634819030762e-01
6.416276097297668457e-03 9.935837388038635254e-01
7.650523781776428223e-01 2.349476218223571777e-01
2.942865714430809021e-03 9.970571994781494141e-01
6.675484776496887207e-01 3.324515223503112793e-01
1.752549707889556885e-01 8.247450590133666992e-01
1.424201673216884956e-05 9.999858140945434570e-01
9.999017715454101562e-01 9.820760169532150030e-05
9.918333292007446289e-01 8.166623301804065704e-03
9.489346742630004883e-01 5.106534436345100403e-02
4.025053203804418445e-05 9.999597072601318359e-01
5.741107463836669922e-01 4.258891940116882324e-01
4.797626137733459473e-01 5.202374458312988281e-01
9.998705387115478516e-01 1.294614776270464063e-04
1.568555980920791626e-01 8.431444168090820312e-01
1.629842561669647694e-03 9.983702301979064941e-01
2.407675534486770630e-01 7.592325210571289062e-01
8.381011486053466797e-01 1.618988215923309326e-01
3.346444373164558783e-06 9.999966621398925781e-01
9.941951632499694824e-01 5.804908927530050278e-03
7.572979666292667389e-05 9.999243021011352539e-01
3.435952294239541516e-06 9.999965429306030273e-01
2.276782691478729248e-02 9.772321581840515137e-01
1.500897556543350220e-01 8.499101996421813965e-01
3.661555945873260498e-01 6.338443756103515625e-01
4.754317615152103826e-06 9.999952316284179688e-01
4.641610756516456604e-02 9.535838961601257324e-01
5.635590641759335995e-04 9.994364380836486816e-01
2.347053123230580240e-05 9.999765157699584961e-01
5.366781726479530334e-03 9.946331977844238281e-01
4.084880352020263672e-01 5.915119051933288574e-01
9.612225890159606934e-01 3.877739235758781433e-02
1.570285880006849766e-03 9.984297156333923340e-01
6.497808499261736870e-04 9.993502497673034668e-01
3.072373569011688232e-01 6.927626729011535645e-01
9.990775585174560547e-01 9.224693640135228634e-04
4.575214989017695189e-04 9.995424747467041016e-01
1.345018390566110611e-03 9.986549615859985352e-01
9.812426567077636719e-01 1.875734329223632812e-02
3.669077123049646616e-04 9.996330738067626953e-01
4.106320068240165710e-02 9.589367508888244629e-01
2.701238736335653812e-05 9.999729394912719727e-01
9.885912537574768066e-01 1.140876207500696182e-02
5.341493524610996246e-04 9.994658827781677246e-01
9.976068735122680664e-01 2.393091795966029167e-03
3.665646910667419434e-01 6.334353089332580566e-01
2.846386283636093140e-02 9.715360999107360840e-01
2.384205145062878728e-04 9.997616410255432129e-01
2.868650881282519549e-05 9.999712705612182617e-01
2.903292654082179070e-03 9.970966577529907227e-01
9.153473190963268280e-03 9.908465743064880371e-01
4.230467379093170166e-01 5.769532322883605957e-01
1.305718178628012538e-04 9.998694658279418945e-01
9.948284029960632324e-01 5.171573255211114883e-03
5.838502645492553711e-01 4.161497354507446289e-01
9.171102046966552734e-01 8.288978785276412964e-02
3.765105475395102985e-06 9.999961853027343750e-01
1.191342249512672424e-03 9.988086223602294922e-01
4.860970657318830490e-03 9.951390027999877930e-01
4.808116704225540161e-03 9.951919317245483398e-01
9.988085031509399414e-01 1.191488699987530708e-03
4.169936873950064182e-04 9.995830655097961426e-01
2.925814260379411280e-05 9.999707937240600586e-01
1.133896759711205959e-03 9.988660812377929688e-01
3.347674757242202759e-02 9.665232300758361816e-01
8.218271136283874512e-01 1.781729310750961304e-01
2.607364654541015625e-01 7.392635345458984375e-01
9.998093247413635254e-01 1.906938559841364622e-04
1.428021350875496864e-03 9.985719919204711914e-01
9.263633546652272344e-05 9.999073743820190430e-01
1.113360631279647350e-03 9.988866448402404785e-01
1.389369834214448929e-03 9.986106157302856445e-01
9.509724378585815430e-01 4.902749136090278625e-02
1.437833270756527781e-04 9.998562335968017578e-01
3.450364619493484497e-02 9.654963612556457520e-01
2.844901196658611298e-02 9.715509414672851562e-01
4.122737300349399447e-05 9.999587535858154297e-01
3.428211212158203125e-01 6.571788191795349121e-01
3.501737862825393677e-02 9.649825692176818848e-01
9.109409898519515991e-02 9.089059233665466309e-01
2.437528892187401652e-04 9.997562766075134277e-01
5.283353384584188461e-04 9.994717240333557129e-01
1.887815597001463175e-05 9.999811649322509766e-01
3.747287094593048096e-01 6.252712607383728027e-01
4.209285080432891846e-01 5.790715217590332031e-01
1.621675938367843628e-01 8.378324508666992188e-01
6.282519102096557617e-01 3.717480599880218506e-01
5.277073979377746582e-01 4.722926020622253418e-01
5.120662972331047058e-02 9.487934112548828125e-01
2.397164404392242432e-01 7.602835297584533691e-01
4.590654373168945312e-01 5.409345626831054688e-01
4.500892758369445801e-01 5.499107241630554199e-01
8.314653299748897552e-03 9.916853904724121094e-01
2.624211483635008335e-04 9.997375607490539551e-01
5.503810942173004150e-03 9.944961667060852051e-01
4.496031999588012695e-01 5.503968596458435059e-01
8.770309686660766602e-01 1.229691132903099060e-01
9.998365640640258789e-01 1.633780484553426504e-04
8.213733235606923699e-05 9.999178647994995117e-01
2.336055622436106205e-04 9.997664093971252441e-01
3.307415172457695007e-04 9.996693134307861328e-01
1.531881425762549043e-04 9.998468160629272461e-01
6.573131680488586426e-02 9.342687129974365234e-01
7.890069857239723206e-03 9.921099543571472168e-01
5.023322046326939017e-06 9.999949932098388672e-01
5.533565282821655273e-01 4.466434717178344727e-01
9.195444732904434204e-02 9.080455303192138672e-01
4.557394385337829590e-01 5.442606210708618164e-01
1.914498656988143921e-01 8.085501194000244141e-01
9.994997978210449219e-01 5.001522949896752834e-04
6.971026062965393066e-01 3.028973340988159180e-01
5.793371200561523438e-01 4.206628799438476562e-01
4.339337465353310108e-04 9.995660185813903809e-01
2.870745956897735596e-03 9.971292614936828613e-01
2.852247953414916992e-01 7.147752642631530762e-01
9.900695681571960449e-01 9.930472820997238159e-03
8.975964039564132690e-03 9.910240173339843750e-01
4.165835343883372843e-05 9.999583959579467773e-01
9.998456239700317383e-01 1.543738326290622354e-04
2.529238554416224360e-05 9.999747276306152344e-01
2.493413921911269426e-04 9.997506737709045410e-01
3.598353639245033264e-02 9.640164375305175781e-01
7.070061564445495605e-02 9.292993545532226562e-01
2.913211658596992493e-02 9.708678722381591797e-01
1.910088467411696911e-04 9.998089671134948730e-01
8.788194060325622559e-01 1.211806163191795349e-01
3.220873259124346077e-05 9.999678134918212891e-01
1.841351913753896952e-04 9.998158812522888184e-01
1.317630708217620850e-01 8.682368993759155273e-01
7.805357873439788818e-02 9.219464063644409180e-01
2.203480340540409088e-02 9.779651761054992676e-01
1.169487740844488144e-02 9.883050918579101562e-01
7.520875334739685059e-02 9.247912168502807617e-01
9.388470207341015339e-04 9.990611672401428223e-01
2.252249270677566528e-01 7.747751474380493164e-01
6.973672952881315723e-06 9.999930858612060547e-01
1.127547693613450974e-05 9.999886751174926758e-01
1.517159762443043292e-05 9.999848604202270508e-01
4.928621929138898849e-04 9.995071887969970703e-01
9.958809614181518555e-01 4.119069781154394150e-03
5.218999385833740234e-01 4.781000614166259766e-01
1.050872651831014082e-05 9.999895095825195312e-01
9.997566342353820801e-01 2.433797053527086973e-04
5.538381519727408886e-04 9.994460940361022949e-01
9.663914442062377930e-01 3.360858187079429626e-02
5.925178527832031250e-02 9.407482743263244629e-01
5.970057472586631775e-02 9.402994513511657715e-01
1.421370398020371795e-04 9.998577833175659180e-01
6.531529834319371730e-06 9.999934434890747070e-01
4.142696980125037953e-06 9.999958276748657227e-01
6.698146171402186155e-05 9.999330043792724609e-01
1.666621537879109383e-04 9.998333454132080078e-01
5.940304324030876160e-02 9.405969977378845215e-01
1.154827140271663666e-02 9.884517192840576172e-01
1.122313115047290921e-04 9.998877048492431641e-01
9.867106080055236816e-01 1.328940968960523605e-02
1.506354601588100195e-04 9.998493194580078125e-01
1.282793236896395683e-04 9.998717308044433594e-01
6.597726345062255859e-01 3.402273654937744141e-01
5.234984215348958969e-03 9.947650432586669922e-01
2.636431343853473663e-02 9.736357331275939941e-01
1.105082128196954727e-02 9.889491796493530273e-01
4.323156550526618958e-03 9.956768155097961426e-01
9.587280750274658203e-01 4.127193242311477661e-02
9.980404973030090332e-01 1.959496876224875450e-03
1.170539995655417442e-03 9.988294243812561035e-01
6.894023418426513672e-01 3.105976283550262451e-01
7.758284807205200195e-01 2.241715192794799805e-01
9.997749924659729004e-01 2.250117831863462925e-04
6.281252950429916382e-03 9.937187433242797852e-01
9.825965166091918945e-01 1.740354672074317932e-02
2.128045889548957348e-05 9.999786615371704102e-01
7.433369010686874390e-02 9.256662726402282715e-01
9.998997449874877930e-01 1.002319841063581407e-04
8.653763215988874435e-04 9.991346001625061035e-01
4.259853437542915344e-02 9.574014544486999512e-01
2.421732497168704867e-04 9.997578263282775879e-01
9.574834108352661133e-01 4.251655936241149902e-02
2.718607662245631218e-03 9.972813129425048828e-01
4.530388687271624804e-04 9.995469450950622559e-01
9.306741356849670410e-01 6.932581961154937744e-02
1.052799598255660385e-05 9.999895095825195312e-01
5.425005801953375340e-04 9.994575381278991699e-01
8.932265639305114746e-01 1.067733988165855408e-01
1.251489575952291489e-02 9.874851107597351074e-01
7.137350621633231640e-04 9.992862343788146973e-01
2.134731039404869080e-02 9.786527156829833984e-01
8.860303163528442383e-01 1.139697358012199402e-01
3.917312324047088623e-01 6.082687973976135254e-01
2.721224213019013405e-03 9.972787499427795410e-01
2.683901693671941757e-04 9.997316002845764160e-01
5.165777401998639107e-04 9.994833469390869141e-01
6.739902892149984837e-05 9.999326467514038086e-01
5.400737002491950989e-02 9.459926486015319824e-01
7.008937536738812923e-04 9.992990493774414062e-01
8.167820982635021210e-03 9.918321371078491211e-01
9.961362481117248535e-01 3.863763529807329178e-03
7.434463477693498135e-04 9.992565512657165527e-01
4.489359855651855469e-01 5.510640144348144531e-01
6.937007904052734375e-01 3.062992393970489502e-01
1.137881336035206914e-04 9.998861551284790039e-01
4.819786846637725830e-01 5.180212855339050293e-01
3.860511060338467360e-04 9.996139407157897949e-01
1.673483848571777344e-02 9.832651615142822266e-01
9.980716109275817871e-01 1.928435522131621838e-03
4.463672212295932695e-06 9.999955892562866211e-01
9.995787739753723145e-01 4.211723862681537867e-04
2.710627019405364990e-01 7.289372682571411133e-01
8.336210846900939941e-01 1.663789451122283936e-01
1.077048014849424362e-02 9.892295002937316895e-01
8.735966682434082031e-01 1.264033019542694092e-01
9.834849238395690918e-01 1.651511341333389282e-02
6.430584788322448730e-01 3.569415509700775146e-01
6.874908208847045898e-01 3.125091791152954102e-01
2.600023448467254639e-01 7.399976253509521484e-01
1.136681996285915375e-02 9.886332154273986816e-01
1.019687973894178867e-03 9.989803433418273926e-01
4.901031553745269775e-01 5.098968744277954102e-01
4.111662972718477249e-03 9.958882927894592285e-01
4.867255847784690559e-05 9.999513626098632812e-01
1.354152560234069824e-01 8.645848035812377930e-01
1.820302605628967285e-01 8.179697990417480469e-01
2.995479851961135864e-02 9.700451493263244629e-01
4.064919650554656982e-01 5.935080051422119141e-01
9.941703081130981445e-01 5.829668138176202774e-03
1.257764250040054321e-01 8.742235898971557617e-01
2.265799957967828959e-05 9.999773502349853516e-01
8.969528600573539734e-03 9.910304546356201172e-01
1.000157135422341526e-05 9.999899864196777344e-01
6.790700717829167843e-04 9.993209838867187500e-01
6.509621627628803253e-03 9.934904575347900391e-01
6.961479783058166504e-01 3.038519918918609619e-01
8.513694774592295289e-05 9.999148845672607422e-01
3.252547383308410645e-01 6.747452616691589355e-01
1.880737399915233254e-04 9.998119473457336426e-01
9.410006999969482422e-01 5.899935960769653320e-02
9.097782969474792480e-01 9.022169560194015503e-02
9.948118925094604492e-01 5.188085604459047318e-03
2.677849829196929932e-01 7.322149872779846191e-01
6.375401616096496582e-01 3.624598383903503418e-01
3.497700672596693039e-04 9.996502399444580078e-01
9.123469591140747070e-01 8.765304833650588989e-02
1.092893183231353760e-01 8.907106518745422363e-01
4.131946712732315063e-03 9.958680868148803711e-01
7.242512702941894531e-01 2.757486999034881592e-01
7.570162415504455566e-03 9.924297928810119629e-01
9.888644218444824219e-01 1.113560982048511505e-02
1.217589087900705636e-04 9.998781681060791016e-01
9.942561984062194824e-01 5.743761546909809113e-03
8.349356055259704590e-01 1.650643646717071533e-01
3.395353996893391013e-05 9.999660253524780273e-01
6.030046939849853516e-01 3.969953656196594238e-01
6.760044470865977928e-06 9.999932050704956055e-01
9.826785326004028320e-01 1.732141152024269104e-02
9.400926501257345080e-05 9.999059438705444336e-01
9.402011036872863770e-01 5.979884788393974304e-02
2.231740654679015279e-04 9.997767806053161621e-01
4.413579517859034240e-05 9.999558925628662109e-01
9.511532880424056202e-06 9.999904632568359375e-01
7.349000225076451898e-05 9.999264478683471680e-01
1.357558630843413994e-05 9.999864101409912109e-01
9.573580026626586914e-01 4.264201223850250244e-02
2.266987692564725876e-03 9.977329969406127930e-01
8.324520662426948547e-03 9.916754961013793945e-01
9.998625516891479492e-01 1.374137209495529532e-04
4.509976599365472794e-03 9.954900145530700684e-01
2.199548929929733276e-01 7.800450921058654785e-01
2.165350876748561859e-02 9.783465266227722168e-01
5.965194304735632613e-06 9.999940395355224609e-01
1.825201616156846285e-05 9.999817609786987305e-01
9.997532963752746582e-01 2.467369777150452137e-04
9.438452720642089844e-01 5.615470930933952332e-02
2.282497298438102007e-04 9.997717738151550293e-01
9.994816184043884277e-01 5.184102337807416916e-04
9.998697042465209961e-01 1.303164463024586439e-04
5.800295472145080566e-01 4.199704229831695557e-01
9.997500777244567871e-01 2.498713729437440634e-04
1.841055345721542835e-04 9.998158812522888184e-01
1.894814521074295044e-01 8.105185031890869141e-01
3.952105995267629623e-03 9.960479140281677246e-01
4.629702270030975342e-01 5.370297431945800781e-01
5.448634055937873200e-06 9.999945163726806641e-01
5.015240907669067383e-01 4.984759092330932617e-01
2.850645105354487896e-04 9.997149109840393066e-01
1.977579891681671143e-01 8.022419810295104980e-01
3.646402060985565186e-01 6.353597640991210938e-01
9.868343472480773926e-01 1.316564716398715973e-02
4.972692295268643647e-06 9.999949932098388672e-01
3.232153540011495352e-05 9.999676942825317383e-01
1.732712239027023315e-01 8.267288208007812500e-01
5.225135684013366699e-01 4.774864912033081055e-01
9.978877902030944824e-01 2.112150657922029495e-03
9.997642636299133301e-01 2.357365156058222055e-04
8.586337566375732422e-01 1.413662284612655640e-01
2.388778666500002146e-04 9.997611641883850098e-01
1.571080880239605904e-03 9.984288811683654785e-01
7.332836389541625977e-01 2.667163610458374023e-01
2.367122657597064972e-02 9.763287901878356934e-01
9.642555378377437592e-03 9.903574585914611816e-01
3.611724972724914551e-01 6.388275027275085449e-01
5.561808496713638306e-02 9.443818926811218262e-01
2.326396526768803596e-03 9.976735711097717285e-01
2.328039519488811493e-02 9.767196178436279297e-01
3.936366283596726134e-06 9.999960660934448242e-01
1.568755018524825573e-03 9.984312653541564941e-01
7.496719807386398315e-02 9.250327944755554199e-01
1.007899758405983448e-03 9.989921450614929199e-01
9.986151456832885742e-01 1.384813687764108181e-03
4.589554853737354279e-03 9.954105019569396973e-01
9.998263716697692871e-01 1.736792182782664895e-04
1.244922876358032227e-01 8.755077123641967773e-01
9.105998906306922436e-04 9.990893602371215820e-01
9.980346560478210449e-01 1.965349772945046425e-03
3.107892721891403198e-02 9.689211249351501465e-01
9.976742863655090332e-01 2.325726673007011414e-03
3.106161057949066162e-01 6.893839240074157715e-01
4.723489983007311821e-04 9.995276927947998047e-01
9.862487912178039551e-01 1.375119667500257492e-02
9.987474679946899414e-01 1.252465532161295414e-03
9.370046257972717285e-01 6.299538910388946533e-02
7.529124268330633640e-04 9.992470741271972656e-01
2.310649579158052802e-04 9.997689127922058105e-01
5.245452374219894409e-02 9.475455284118652344e-01
1.140894889831542969e-01 8.859105110168457031e-01
5.470294952392578125e-01 4.529705047607421875e-01
4.122946993447840214e-04 9.995877146720886230e-01
2.384993582963943481e-01 7.615006566047668457e-01
1.546110259369015694e-03 9.984538555145263672e-01
4.114120747544802725e-05 9.999588727951049805e-01
1.396820698573719710e-05 9.999860525131225586e-01
2.174750715494155884e-01 7.825249433517456055e-01
7.659301757812500000e-01 2.340698391199111938e-01
8.925103582441806793e-03 9.910749197006225586e-01
7.747269410174340010e-05 9.999225139617919922e-01
9.284061379730701447e-04 9.990715980529785156e-01
7.745377421379089355e-01 2.254621982574462891e-01
8.389510512351989746e-01 1.610489785671234131e-01
9.990160465240478516e-01 9.839963167905807495e-04
1.684843897819519043e-01 8.315156102180480957e-01
5.186604994378285483e-06 9.999947547912597656e-01
3.446299888310022652e-05 9.999655485153198242e-01
7.235187888145446777e-01 2.764812111854553223e-01
2.236104337498545647e-03 9.977638721466064453e-01
9.985802173614501953e-01 1.419737469404935837e-03
4.381610825657844543e-02 9.561839103698730469e-01
9.997276663780212402e-01 2.722846402321010828e-04
5.025066807866096497e-02 9.497493505477905273e-01
4.825236275792121887e-03 9.951748251914978027e-01
3.246091073378920555e-04 9.996753931045532227e-01
2.774479426443576813e-02 9.722551703453063965e-01
3.498382866382598877e-01 6.501617431640625000e-01
4.906036257743835449e-01 5.093963742256164551e-01
1.246050032932544127e-05 9.999874830245971680e-01
1.531329326098784804e-04 9.998468160629272461e-01
9.983478784561157227e-01 1.652161241509020329e-03
2.884305641055107117e-02 9.711569547653198242e-01
6.322318688035011292e-03 9.936776757240295410e-01
3.629372031355160289e-06 9.999964237213134766e-01
4.349726736545562744e-01 5.650272965431213379e-01
6.211577057838439941e-01 3.788422644138336182e-01
1.291528530418872833e-02 9.870846867561340332e-01
9.256827831268310547e-01 7.431723922491073608e-02
9.988942742347717285e-01 1.105735660530626774e-03
8.206859638448804617e-05 9.999179840087890625e-01
6.132439896464347839e-02 9.386756420135498047e-01
3.164242953062057495e-03 9.968357682228088379e-01
9.996913671493530273e-01 3.086768847424536943e-04
9.796832203865051270e-01 2.031682059168815613e-02
1.370583623647689819e-01 8.629416227340698242e-01
7.534270286560058594e-01 2.465730011463165283e-01
4.139579236507415771e-01 5.860420465469360352e-01
2.282534353435039520e-02 9.771746993064880371e-01
9.996311664581298828e-01 3.688574943225830793e-04
7.229667305946350098e-01 2.770332992076873779e-01
6.403580307960510254e-01 3.596420288085937500e-01
1.046804663928924128e-05 9.999895095825195312e-01
2.362384984735399485e-04 9.997637867927551270e-01
1.880817697383463383e-03 9.981191754341125488e-01
1.577877083036582917e-05 9.999842643737792969e-01
5.168617462913971394e-06 9.999948740005493164e-01
9.962230920791625977e-01 3.776934696361422539e-03
5.428187251091003418e-01 4.571812748908996582e-01
9.981831908226013184e-01 1.816796953789889812e-03
2.077667266130447388e-01 7.922332882881164551e-01
6.618045568466186523e-01 3.381954431533813477e-01
9.972195625305175781e-01 2.780435606837272644e-03
2.631279826164245605e-01 7.368719577789306641e-01
8.099291324615478516e-01 1.900708228349685669e-01
4.607727532857097685e-05 9.999538660049438477e-01
9.998854398727416992e-01 1.145959904533810914e-04
9.618125557899475098e-01 3.818740323185920715e-02
9.216410517692565918e-01 7.835891842842102051e-02
8.854863117448985577e-04 9.991144537925720215e-01
1.536128669977188110e-01 8.463871479034423828e-01
5.435964794742176309e-06 9.999945163726806641e-01
5.238662652118364349e-06 9.999947547912597656e-01
5.108185578137636185e-04 9.994891881942749023e-01
7.087340054567903280e-05 9.999290704727172852e-01
3.907956124749034643e-05 9.999608993530273438e-01
1.093881856650114059e-02 9.890612363815307617e-01
4.394725328893400729e-05 9.999560117721557617e-01
6.128379702568054199e-01 3.871620893478393555e-01
3.048056503757834435e-03 9.969519376754760742e-01
1.913513733597937971e-05 9.999808073043823242e-01
1.695937127806246281e-03 9.983040094375610352e-01
4.754069959744811058e-04 9.995245933532714844e-01
1.529437303543090820e-01 8.470562100410461426e-01
3.664181753993034363e-02 9.633581638336181641e-01
8.543922901153564453e-01 1.456076651811599731e-01
9.998574256896972656e-01 1.425371301593258977e-04
9.956604838371276855e-01 4.339523613452911377e-03
2.337461628485471010e-04 9.997662901878356934e-01
1.578056835569441319e-03 9.984219074249267578e-01
8.371061682701110840e-01 1.628938764333724976e-01
9.966410398483276367e-01 3.358978545293211937e-03
2.821274101734161377e-04 9.997178912162780762e-01
7.111974526196718216e-03 9.928880333900451660e-01
6.702495156787335873e-04 9.993298053741455078e-01
9.993349909782409668e-01 6.650244467891752720e-04
1.219890778884291649e-03 9.987800717353820801e-01
5.967738628387451172e-01 4.032261371612548828e-01
3.578449413180351257e-02 9.642154574394226074e-01
1.812446571420878172e-04 9.998187422752380371e-01
2.842833846807479858e-02 9.715716838836669922e-01
2.983355522155761719e-01 7.016644477844238281e-01
8.981320261955261230e-01 1.018679663538932800e-01
8.414523908868432045e-04 9.991585016250610352e-01
8.515839464962482452e-03 9.914841055870056152e-01
5.367432832717895508e-01 4.632567167282104492e-01
4.879199713468551636e-02 9.512079954147338867e-01
9.893503785133361816e-01 1.064962148666381836e-02
3.473340068012475967e-03 9.965266585350036621e-01
5.398055145633406937e-05 9.999459981918334961e-01
1.052262559533119202e-01 8.947737812995910645e-01
6.998746097087860107e-02 9.300125241279602051e-01
2.422983646392822266e-01 7.577016353607177734e-01
5.605838894844055176e-01 4.394161105155944824e-01
3.941718605346977711e-04 9.996058344841003418e-01
2.624972164630889893e-01 7.375027537345886230e-01
8.695397526025772095e-03 9.913046360015869141e-01
9.959580302238464355e-01 4.042014945298433304e-03
1.628852635622024536e-02 9.837114214897155762e-01
1.235089031979441643e-03 9.987649917602539062e-01
1.756969606503844261e-03 9.982430934906005859e-01
5.608228221535682678e-02 9.439176917076110840e-01
6.678768433630466461e-03 9.933212399482727051e-01
3.271635621786117554e-03 9.967283010482788086e-01
1.199487689882516861e-02 9.880051016807556152e-01
2.012649774551391602e-01 7.987350821495056152e-01
7.783029675483703613e-01 2.216970026493072510e-01
4.790265262126922607e-01 5.209734439849853516e-01
9.999040365219116211e-01 9.591527486918494105e-05
1.811495712900068611e-05 9.999818801879882812e-01
7.975602746009826660e-01 2.024397403001785278e-01
1.149358940892852843e-04 9.998850822448730469e-01
8.657154440879821777e-01 1.342845857143402100e-01
4.370843453216366470e-05 9.999562501907348633e-01
9.785452857613563538e-05 9.999021291732788086e-01
1.946099698543548584e-01 8.053900003433227539e-01
1.528807878494262695e-01 8.471192121505737305e-01
4.614657427737256512e-06 9.999953508377075195e-01
9.953266382217407227e-01 4.673355259001255035e-03
6.583398580551147461e-01 3.416601419448852539e-01
4.273487138561904430e-05 9.999572038650512695e-01
9.827055931091308594e-01 1.729441434144973755e-02
8.867527842521667480e-01 1.132471784949302673e-01
6.452464312314987183e-02 9.354754090309143066e-01
2.797876000404357910e-01 7.202123999595642090e-01
3.965936601161956787e-01 6.034063100814819336e-01
8.223916888236999512e-01 1.776083409786224365e-01
2.533145248889923096e-01 7.466854453086853027e-01
2.230337858200073242e-01 7.769662141799926758e-01
7.643315792083740234e-01 2.356683611869812012e-01
2.132688969140872359e-04 9.997867941856384277e-01
9.959474205970764160e-01 4.052640404552221298e-03
9.935588240623474121e-01 6.441239267587661743e-03
9.871810078620910645e-01 1.281905360519886017e-02
1.309160288656130433e-04 9.998691082000732422e-01
3.912012279033660889e-02 9.608798623085021973e-01
3.199253405909985304e-04 9.996800422668457031e-01
4.560823435895144939e-05 9.999543428421020508e-01
9.992819428443908691e-01 7.180386455729603767e-04
3.970698118209838867e-01 6.029302477836608887e-01
1.803637295961380005e-02 9.819636344909667969e-01
9.581663012504577637e-01 4.183365032076835632e-02
5.366361737251281738e-01 4.633637964725494385e-01
4.079307895153760910e-03 9.959206581115722656e-01
2.843894180841743946e-04 9.997156262397766113e-01
9.550978541374206543e-01 4.490218684077262878e-02
8.137636780738830566e-01 1.862362772226333618e-01
7.340249139815568924e-04 9.992659687995910645e-01
8.265852183103561401e-02 9.173414707183837891e-01
9.998644590377807617e-01 1.354942942271009088e-04
4.331592645030468702e-04 9.995668530464172363e-01
9.998954534530639648e-01 1.045413882820867002e-04
3.880193980876356363e-05 9.999611377716064453e-01
9.998848438262939453e-01 1.151784817920997739e-04
1.808200180530548096e-01 8.191800117492675781e-01
1.038021966814994812e-02 9.896197915077209473e-01
1.912901527248322964e-03 9.980871677398681641e-01
3.202666342258453369e-01 6.797333955764770508e-01
1.737751252949237823e-02 9.826225042343139648e-01
9.875386953353881836e-01 1.246133819222450256e-02
1.146092428825795650e-03 9.988539218902587891e-01
9.053612947463989258e-01 9.463865309953689575e-02
9.867361187934875488e-01 1.326389890164136887e-02
4.001271372544579208e-05 9.999599456787109375e-01
9.705840945243835449e-01 2.941591478884220123e-02
8.621321059763431549e-03 9.913786649703979492e-01
5.486825015395879745e-03 9.945131540298461914e-01
1.714757680892944336e-01 8.285242319107055664e-01
9.996826648712158203e-01 3.172993601765483618e-04
5.395594239234924316e-01 4.604405462741851807e-01
6.336137056350708008e-01 3.663863241672515869e-01
9.503541588783264160e-01 4.964584112167358398e-02
9.799751639366149902e-01 2.002485468983650208e-02
6.218667626380920410e-01 3.781332671642303467e-01
6.535311968036694452e-06 9.999934434890747070e-01
7.264648957061581314e-06 9.999927282333374023e-01
9.145943522453308105e-01 8.540572226047515869e-02
2.000234235310927033e-05 9.999799728393554688e-01
4.965788125991821289e-01 5.034211874008178711e-01
5.429556495073484257e-06 9.999945163726806641e-01
6.076457211747765541e-04 9.993923902511596680e-01
3.972460399381816387e-05 9.999603033065795898e-01
8.429928129771724343e-06 9.999915361404418945e-01
2.016540383920073509e-03 9.979834556579589844e-01
9.245958924293518066e-01 7.540413737297058105e-02
4.837579908780753613e-04 9.995162487030029297e-01
9.942107200622558594e-01 5.789321381598711014e-03
1.296123082283884287e-04 9.998704195022583008e-01
4.354436993598937988e-01 5.645563006401062012e-01
5.715422958019189537e-05 9.999428987503051758e-01
4.323903024196624756e-01 5.676097273826599121e-01
9.389330148696899414e-01 6.106692552566528320e-02
8.249180316925048828e-01 1.750820130109786987e-01
2.744763914961367846e-04 9.997255206108093262e-01
9.803751111030578613e-01 1.962486095726490021e-02
9.542505256831645966e-03 9.904574155807495117e-01
9.315107464790344238e-01 6.848929822444915771e-02
2.653104893397539854e-04 9.997346997261047363e-01
1.833195216022431850e-03 9.981667995452880859e-01
2.957799588330090046e-04 9.997041821479797363e-01
9.988195300102233887e-01 1.180461840704083443e-03
9.996260404586791992e-01 3.739861422218382359e-04
3.895536428899504244e-05 9.999610185623168945e-01
4.112755879759788513e-02 9.588723778724670410e-01
2.613923847675323486e-01 7.386076450347900391e-01
3.030166262760758400e-03 9.969698786735534668e-01
2.152136992663145065e-03 9.978479146957397461e-01
7.916089296340942383e-01 2.083910256624221802e-01
9.998376369476318359e-01 1.623487914912402630e-04
2.092778013320639729e-04 9.997907280921936035e-01
1.041425930452533066e-04 9.998958110809326172e-01
3.559690415859222412e-01 6.440309882164001465e-01
5.194258689880371094e-01 4.805741310119628906e-01
1.295125839533284307e-04 9.998704195022583008e-01
4.243104159832000732e-01 5.756896138191223145e-01
3.112148046493530273e-01 6.887851953506469727e-01
1.120472326874732971e-03 9.988794922828674316e-01
2.833895450748968869e-05 9.999716281890869141e-01
6.160893826745450497e-05 9.999383687973022461e-01
7.970107197761535645e-01 2.029892802238464355e-01
6.676626071566715837e-06 9.999933242797851562e-01
8.320782333612442017e-03 9.916792511940002441e-01
7.324193716049194336e-01 2.675805985927581787e-01
