4.811412990093231201e-01 5.188586711883544922e-01
6.264831423759460449e-01 3.735168278217315674e-01
4.086280763149261475e-01 5.913718938827514648e-01
3.704349994659423828e-01 6.295649409294128418e-01
6.617155075073242188e-01 3.382844924926757812e-01
3.399159014225006104e-01 6.600841283798217773e-01
4.551298618316650391e-01 5.448701381683349609e-01
3.567769527435302734e-01 6.432230472564697266e-01
5.673649311065673828e-01 4.326350688934326172e-01
6.032187342643737793e-01 3.967812359333038330e-01
3.927341699600219727e-01 6.072658896446228027e-01
4.872989356517791748e-01 5.127010941505432129e-01
3.387213051319122314e-01 6.612786650657653809e-01
3.498901128768920898e-01 6.501098275184631348e-01
3.998546600341796875e-01 6.001453399658203125e-01
4.840097427368164062e-01 5.159902572631835938e-01
5.136225223541259766e-01 4.863774776458740234e-01
2.687480151653289795e-01 7.312520146369934082e-01
2.680732905864715576e-01 7.319267392158508301e-01
4.180607795715332031e-01 5.819392800331115723e-01
3.832098245620727539e-01 6.167901754379272461e-01
4.257345795631408691e-01 5.742654800415039062e-01
6.590554714202880859e-01 3.409445881843566895e-01
3.653626441955566406e-01 6.346373558044433594e-01
6.182827949523925781e-01 3.817172050476074219e-01
5.296089053153991699e-01 4.703910648822784424e-01
4.286106824874877930e-01 5.713893175125122070e-01
3.314191997051239014e-01 6.685807704925537109e-01
5.435188412666320801e-01 4.564811587333679199e-01
4.872028529644012451e-01 5.127971172332763672e-01
4.659276306629180908e-01 5.340723991394042969e-01
3.838679194450378418e-01 6.161320805549621582e-01
5.986552834510803223e-01 4.013447165489196777e-01
2.810294628143310547e-01 7.189705371856689453e-01
3.111834526062011719e-01 6.888165473937988281e-01
2.732092738151550293e-01 7.267906665802001953e-01
3.715897202491760254e-01 6.284102201461791992e-01
6.607021689414978027e-01 3.392977714538574219e-01
5.362572073936462402e-01 4.637427628040313721e-01
2.401929199695587158e-01 7.598070502281188965e-01
4.175396859645843506e-01 5.824602842330932617e-01
5.891283154487609863e-01 4.108716845512390137e-01
4.117848873138427734e-01 5.882151126861572266e-01
8.942905664443969727e-01 1.057094559073448181e-01
6.198536157608032227e-01 3.801463544368743896e-01
6.512244343757629395e-01 3.487755358219146729e-01
6.001559495925903320e-01 3.998439908027648926e-01
4.582833051681518555e-01 5.417166352272033691e-01
5.334128737449645996e-01 4.665870666503906250e-01
4.257031977176666260e-01 5.742967724800109863e-01
3.199494183063507080e-01 6.800505518913269043e-01
4.807924032211303711e-01 5.192075371742248535e-01
5.854844450950622559e-01 4.145155549049377441e-01
5.094760656356811523e-01 4.905239641666412354e-01
3.942528367042541504e-01 6.057471036911010742e-01
4.560871720314025879e-01 5.439128279685974121e-01
2.883179783821105957e-01 7.116820216178894043e-01
4.377322196960449219e-01 5.622677803039550781e-01
4.264020323753356934e-01 5.735979676246643066e-01
5.440906286239624023e-01 4.559093713760375977e-01
5.286741256713867188e-01 4.713258743286132812e-01
3.791186511516571045e-01 6.208813190460205078e-01
4.695440232753753662e-01 5.304560065269470215e-01
3.029197752475738525e-01 6.970802545547485352e-01
4.755608737468719482e-01 5.244390964508056641e-01
5.581332445144653320e-01 4.418667554855346680e-01
6.531609296798706055e-01 3.468390703201293945e-01
2.537030279636383057e-01 7.462970018386840820e-01
3.789356946945190430e-01 6.210643649101257324e-01
5.601634383201599121e-01 4.398365616798400879e-01
4.151489138603210449e-01 5.848510861396789551e-01
2.933724224567413330e-01 7.066276073455810547e-01
5.304498672485351562e-01 4.695501625537872314e-01
5.672047138214111328e-01 4.327953159809112549e-01
5.795072317123413086e-01 4.204927980899810791e-01
3.870400190353393555e-01 6.129600405693054199e-01
5.159952640533447266e-01 4.840047359466552734e-01
2.644466757774353027e-01 7.355533838272094727e-01
3.892106711864471436e-01 6.107892990112304688e-01
5.605006814002990723e-01 4.394993185997009277e-01
3.591465651988983154e-01 6.408534049987792969e-01
3.152069449424743652e-01 6.847930550575256348e-01
2.891197204589843750e-01 7.108802795410156250e-01
5.216613411903381348e-01 4.783386588096618652e-01
4.666735529899597168e-01 5.333265066146850586e-01
4.499397277832031250e-01 5.500602722167968750e-01
3.257515132427215576e-01 6.742485165596008301e-01
6.787239313125610352e-01 3.212760686874389648e-01
6.832652688026428223e-01 3.167347311973571777e-01
3.236587643623352051e-01 6.763412952423095703e-01
4.909032881259918213e-01 5.090967416763305664e-01
5.319569706916809082e-01 4.680429995059967041e-01
4.474043250083923340e-01 5.525956749916076660e-01
3.906285464763641357e-01 6.093714237213134766e-01
3.266086876392364502e-01 6.733913421630859375e-01
5.873249173164367676e-01 4.126751124858856201e-01
4.359098672866821289e-01 5.640901327133178711e-01
4.871483147144317627e-01 5.128516554832458496e-01
3.277894854545593262e-01 6.722105145454406738e-01
4.907378256320953369e-01 5.092622041702270508e-01
4.867472946643829346e-01 5.132527351379394531e-01
2.927154302597045898e-01 7.072845697402954102e-01
5.115056633949279785e-01 4.884943366050720215e-01
5.126166939735412598e-01 4.873832762241363525e-01
2.794538438320159912e-01 7.205461263656616211e-01
5.887441039085388184e-01 4.112558960914611816e-01
6.967451572418212891e-01 3.032548725605010986e-01
4.290261566638946533e-01 5.709738135337829590e-01
4.123267829418182373e-01 5.876731872558593750e-01
4.570828080177307129e-01 5.429171919822692871e-01
3.997959792613983154e-01 6.002040505409240723e-01
4.250353574752807617e-01 5.749646425247192383e-01
4.443913400173187256e-01 5.556086301803588867e-01
2.221414148807525635e-01 7.778586149215698242e-01
6.103783845901489258e-01 3.896216750144958496e-01
4.467240869998931885e-01 5.532759428024291992e-01
4.905772507190704346e-01 5.094227194786071777e-01
3.415676355361938477e-01 6.584323644638061523e-01
3.714066445827484131e-01 6.285933256149291992e-01
6.146935820579528809e-01 3.853064477443695068e-01
3.145070672035217285e-01 6.854929924011230469e-01
4.298667609691619873e-01 5.701332092285156250e-01
3.779751360416412354e-01 6.220248341560363770e-01
4.485872387886047363e-01 5.514127612113952637e-01
3.852666616439819336e-01 6.147333383560180664e-01
6.452850103378295898e-01 3.547149896621704102e-01
3.255343139171600342e-01 6.744656562805175781e-01
3.058724701404571533e-01 6.941275000572204590e-01
4.667802155017852783e-01 5.332198143005371094e-01
5.968482494354248047e-01 4.031517803668975830e-01
4.022361636161804199e-01 5.977638363838195801e-01
3.503772318363189697e-01 6.496227383613586426e-01
4.426220059394836426e-01 5.573779940605163574e-01
4.386107027530670166e-01 5.613893270492553711e-01
4.164229333400726318e-01 5.835770964622497559e-01
3.339522778987884521e-01 6.660477519035339355e-01
4.491376876831054688e-01 5.508623123168945312e-01
5.215890407562255859e-01 4.784109294414520264e-01
5.957466959953308105e-01 4.042532742023468018e-01
4.472998678684234619e-01 5.527001023292541504e-01
4.655158817768096924e-01 5.344841480255126953e-01
6.521008014678955078e-01 3.478992283344268799e-01
6.230615377426147461e-01 3.769384324550628662e-01
6.037713289260864258e-01 3.962286412715911865e-01
4.372008442878723145e-01 5.627991557121276855e-01
6.598395109176635742e-01 3.401605188846588135e-01
5.581900477409362793e-01 4.418100118637084961e-01
4.366648793220520020e-01 5.633351802825927734e-01
3.962394893169403076e-01 6.037605404853820801e-01
6.789337992668151855e-01 3.210662305355072021e-01
3.534713387489318848e-01 6.465286016464233398e-01
6.924195289611816406e-01 3.075804710388183594e-01
4.280351102352142334e-01 5.719649195671081543e-01
3.495378494262695312e-01 6.504621505737304688e-01
4.379980266094207764e-01 5.620020031929016113e-01
2.908697426319122314e-01 7.091302275657653809e-01
5.745176672935485840e-01 4.254823327064514160e-01
2.890399992465972900e-01 7.109600305557250977e-01
6.464887857437133789e-01 3.535112440586090088e-01
4.647231996059417725e-01 5.352767705917358398e-01
4.926651418209075928e-01 5.073348283767700195e-01
3.063135147094726562e-01 6.936864852905273438e-01
2.897737026214599609e-01 7.102262973785400391e-01
3.695786297321319580e-01 6.304213404655456543e-01
4.183894097805023193e-01 5.816106200218200684e-01
4.296278655529022217e-01 5.703721642494201660e-01
4.136705994606018066e-01 5.863294005393981934e-01
2.864022850990295410e-01 7.135977149009704590e-01
3.018915951251983643e-01 6.981084346771240234e-01
6.143798828125000000e-01 3.856201469898223877e-01
3.332224488258361816e-01 6.667775511741638184e-01
5.284015536308288574e-01 4.715985059738159180e-01
3.173654675483703613e-01 6.826344728469848633e-01
3.275915682315826416e-01 6.724084019660949707e-01
4.615086913108825684e-01 5.384913086891174316e-01
3.772670924663543701e-01 6.227328777313232422e-01
5.793172121047973633e-01 4.206827580928802490e-01
3.883476853370666504e-01 6.116522550582885742e-01
4.184922575950622559e-01 5.815076828002929688e-01
5.342997312545776367e-01 4.657003283500671387e-01
5.499969720840454102e-01 4.500030279159545898e-01
3.849879503250122070e-01 6.150120496749877930e-01
6.527947187423706055e-01 3.472053110599517822e-01
2.940879762172698975e-01 7.059119939804077148e-01
4.677766263484954834e-01 5.322234034538269043e-01
6.103501915931701660e-01 3.896498382091522217e-01
4.333498477935791016e-01 5.666501522064208984e-01
3.579712212085723877e-01 6.420287489891052246e-01
5.042139291763305664e-01 4.957860708236694336e-01
4.466984272003173828e-01 5.533015131950378418e-01
4.850001633167266846e-01 5.149998664855957031e-01
4.352104067802429199e-01 5.647895336151123047e-01
5.477691292762756348e-01 4.522308707237243652e-01
4.976445734500885010e-01 5.023553967475891113e-01
6.879780888557434082e-01 3.120218515396118164e-01
3.997180759906768799e-01 6.002819538116455078e-01
5.675926208496093750e-01 4.324073791503906250e-01
4.722751080989837646e-01 5.277248620986938477e-01
3.785772919654846191e-01 6.214227676391601562e-01
3.864428997039794922e-01 6.135571002960205078e-01
4.138886630535125732e-01 5.861113071441650391e-01
4.437077641487121582e-01 5.562922358512878418e-01
4.570912718772888184e-01 5.429087281227111816e-01
4.957689642906188965e-01 5.042310357093811035e-01
4.316868782043457031e-01 5.683131217956542969e-01
3.775865435600280762e-01 6.224134564399719238e-01
5.030905008316040039e-01 4.969094991683959961e-01
2.676320672035217285e-01 7.323679327964782715e-01
3.839187026023864746e-01 6.160812377929687500e-01
3.356532454490661621e-01 6.643467545509338379e-01
3.216608464717864990e-01 6.783391833305358887e-01
5.712135434150695801e-01 4.287864863872528076e-01
2.227235436439514160e-01 7.772764563560485840e-01
2.971896827220916748e-01 7.028102874755859375e-01
6.462212204933166504e-01 3.537787795066833496e-01
5.127907991409301758e-01 4.872092306613922119e-01
3.338553607463836670e-01 6.661446690559387207e-01
4.092395007610321045e-01 5.907605290412902832e-01
3.175230920314788818e-01 6.824768781661987305e-01
4.093040823936462402e-01 5.906959772109985352e-01
4.778228998184204102e-01 5.221771001815795898e-01
3.714642822742462158e-01 6.285356879234313965e-01
4.606672525405883789e-01 5.393327474594116211e-01
5.329270362854003906e-01 4.670729637145996094e-01
5.346753597259521484e-01 4.653246700763702393e-01
4.639941751956939697e-01 5.360057950019836426e-01
6.853335499763488770e-01 3.146664500236511230e-01
2.780571877956390381e-01 7.219427824020385742e-01
4.412048161029815674e-01 5.587952136993408203e-01
3.562939465045928955e-01 6.437060832977294922e-01
3.126475512981414795e-01 6.873524188995361328e-01
4.424159824848175049e-01 5.575840473175048828e-01
4.005610942840576172e-01 5.994389057159423828e-01
3.885173499584197998e-01 6.114826798439025879e-01
4.553344547748565674e-01 5.446655750274658203e-01
3.043467402458190918e-01 6.956532597541809082e-01
6.393747925758361816e-01 3.606252074241638184e-01
6.647707223892211914e-01 3.352292776107788086e-01
4.313495457172393799e-01 5.686504244804382324e-01
3.884833157062530518e-01 6.115167140960693359e-01
6.277817487716674805e-01 3.722182512283325195e-01
2.990370392799377441e-01 7.009629607200622559e-01
5.944507122039794922e-01 4.055492877960205078e-01
2.784630656242370605e-01 7.215369343757629395e-01
5.741054415702819824e-01 4.258946180343627930e-01
4.861840605735778809e-01 5.138159990310668945e-01
7.734719514846801758e-01 2.265280932188034058e-01
3.222869336605072021e-01 6.777130961418151855e-01
5.340780019760131836e-01 4.659220576286315918e-01
3.780074119567871094e-01 6.219926476478576660e-01
2.722057700157165527e-01 7.277942299842834473e-01
3.603743910789489746e-01 6.396256089210510254e-01
4.039061665534973145e-01 5.960938334465026855e-01
5.501577854156494141e-01 4.498422443866729736e-01
6.702948212623596191e-01 3.297051489353179932e-01
3.417600393295288086e-01 6.582399606704711914e-01
2.464155405759811401e-01 7.535844445228576660e-01
4.650757014751434326e-01 5.349243283271789551e-01
4.216887950897216797e-01 5.783112049102783203e-01
3.114487826824188232e-01 6.885511875152587891e-01
6.264918446540832520e-01 3.735081255435943604e-01
2.985268831253051758e-01 7.014730572700500488e-01
7.433038353919982910e-01 2.566961944103240967e-01
3.269807398319244385e-01 6.730192899703979492e-01
3.856316208839416504e-01 6.143683791160583496e-01
4.748469293117523193e-01 5.251530408859252930e-01
4.154354631900787354e-01 5.845645666122436523e-01
6.032697558403015137e-01 3.967302441596984863e-01
4.411605894565582275e-01 5.588394403457641602e-01
5.397464632987976074e-01 4.602535665035247803e-01
3.464030921459197998e-01 6.535969376564025879e-01
5.984687209129333496e-01 4.015313088893890381e-01
5.604542493820190430e-01 4.395457804203033447e-01
3.281284272670745850e-01 6.718715429306030273e-01
3.256288766860961914e-01 6.743711829185485840e-01
2.604610323905944824e-01 7.395389676094055176e-01
6.133555769920349121e-01 3.866443634033203125e-01
4.580688178539276123e-01 5.419311523437500000e-01
4.206494092941284180e-01 5.793505907058715820e-01
4.886318147182464600e-01 5.113681554794311523e-01
3.688170015811920166e-01 6.311830282211303711e-01
4.796181619167327881e-01 5.203818678855895996e-01
5.136254429817199707e-01 4.863745272159576416e-01
4.614977240562438965e-01 5.385022163391113281e-01
3.606948256492614746e-01 6.393051743507385254e-01
4.558168947696685791e-01 5.441831350326538086e-01
8.652423024177551270e-01 1.347577273845672607e-01
3.402958810329437256e-01 6.597041487693786621e-01
2.952437102794647217e-01 7.047562599182128906e-01
5.105962753295898438e-01 4.894036948680877686e-01
3.970157802104949951e-01 6.029842495918273926e-01
3.953064680099487305e-01 6.046935915946960449e-01
4.946328699588775635e-01 5.053671002388000488e-01
3.871726691722869873e-01 6.128273010253906250e-01
5.403942465782165527e-01 4.596057832241058350e-01
3.509621918201446533e-01 6.490378379821777344e-01
5.548117160797119141e-01 4.451883137226104736e-01
3.473345935344696045e-01 6.526654362678527832e-01
5.621235370635986328e-01 4.378764331340789795e-01
3.564328253269195557e-01 6.435671448707580566e-01
4.573043286800384521e-01 5.426957011222839355e-01
7.115824818611145020e-01 2.884175479412078857e-01
3.098547160625457764e-01 6.901452541351318359e-01
4.943035244941711426e-01 5.056964755058288574e-01
3.167903125286102295e-01 6.832096576690673828e-01
6.334100365638732910e-01 3.665899634361267090e-01
3.840638995170593262e-01 6.159361600875854492e-01
4.416008293628692627e-01 5.583992004394531250e-01
5.485229492187500000e-01 4.514770507812500000e-01
3.981269598007202148e-01 6.018730401992797852e-01
4.417994022369384766e-01 5.582005977630615234e-01
4.049066305160522461e-01 5.950933694839477539e-01
3.562074899673461914e-01 6.437925100326538086e-01
6.910320520401000977e-01 3.089680075645446777e-01
3.856496512889862061e-01 6.143503785133361816e-01
3.291597664356231689e-01 6.708402633666992188e-01
5.356404185295104980e-01 4.643596112728118896e-01
5.463541746139526367e-01 4.536458551883697510e-01
3.389280736446380615e-01 6.610719561576843262e-01
2.530353367328643799e-01 7.469646930694580078e-01
4.780578315258026123e-01 5.219421982765197754e-01
2.981233000755310059e-01 7.018766403198242188e-01
3.642773032188415527e-01 6.357226967811584473e-01
3.549975752830505371e-01 6.450024843215942383e-01
5.988843441009521484e-01 4.011156260967254639e-01
3.931490182876586914e-01 6.068509817123413086e-01
4.466390907764434814e-01 5.533608794212341309e-01
3.994407057762145996e-01 6.005592942237854004e-01
4.493299126625061035e-01 5.506701469421386719e-01
5.775560140609741211e-01 4.224440157413482666e-01
4.869865179061889648e-01 5.130134820938110352e-01
3.119544982910156250e-01 6.880455017089843750e-01
5.957795381546020508e-01 4.042204916477203369e-01
4.641042351722717285e-01 5.358957648277282715e-01
2.831752598285675049e-01 7.168247699737548828e-01
2.633168697357177734e-01 7.366831302642822266e-01
4.306498467922210693e-01 5.693501234054565430e-01
2.999400198459625244e-01 7.000600099563598633e-01
2.449104636907577515e-01 7.550895214080810547e-01
6.494556069374084473e-01 3.505444228649139404e-01
5.902822017669677734e-01 4.097178280353546143e-01
6.136516332626342773e-01 3.863483965396881104e-01
5.241205692291259766e-01 4.758794605731964111e-01
2.513170242309570312e-01 7.486829757690429688e-01
5.852348208427429199e-01 4.147651791572570801e-01
5.645177364349365234e-01 4.354822933673858643e-01
4.509434998035430908e-01 5.490564703941345215e-01
3.962650001049041748e-01 6.037349700927734375e-01
3.081367313861846924e-01 6.918632984161376953e-01
3.706949651241302490e-01 6.293050050735473633e-01
3.615672588348388672e-01 6.384327411651611328e-01
3.444788455963134766e-01 6.555210947990417480e-01
3.130183517932891846e-01 6.869816780090332031e-01
3.560559749603271484e-01 6.439439654350280762e-01
4.131166636943817139e-01 5.868833065032958984e-01
2.603852152824401855e-01 7.396148443222045898e-01
3.961724340915679932e-01 6.038275361061096191e-01
4.019318222999572754e-01 5.980681777000427246e-01
4.753610193729400635e-01 5.246390104293823242e-01
4.804946780204772949e-01 5.195053219795227051e-01
2.663288116455078125e-01 7.336711287498474121e-01
3.246094584465026855e-01 6.753905415534973145e-01
4.322064220905303955e-01 5.677936077117919922e-01
6.393970251083374023e-01 3.606029152870178223e-01
3.387186825275421143e-01 6.612813472747802734e-01
4.179390668869018555e-01 5.820608735084533691e-01
5.515138506889343262e-01 4.484861493110656738e-01
4.509006440639495850e-01 5.490993857383728027e-01
4.957248568534851074e-01 5.042751431465148926e-01
4.004032909870147705e-01 5.995967388153076172e-01
5.735148787498474121e-01 4.264851212501525879e-01
3.831264078617095947e-01 6.168736219406127930e-01
4.218740463256835938e-01 5.781259536743164062e-01
3.748657703399658203e-01 6.251342892646789551e-01
6.273607015609741211e-01 3.726392984390258789e-01
4.523416757583618164e-01 5.476583838462829590e-01
4.207123517990112305e-01 5.792876482009887695e-01
6.096827387809753418e-01 3.903172910213470459e-01
3.647356033325195312e-01 6.352643966674804688e-01
4.666963219642639160e-01 5.333036780357360840e-01
4.969996213912963867e-01 5.030003786087036133e-01
2.649645507335662842e-01 7.350354194641113281e-01
4.463476836681365967e-01 5.536523461341857910e-01
5.149375796318054199e-01 4.850623905658721924e-01
6.308608651161193848e-01 3.691391348838806152e-01
4.105520248413085938e-01 5.894480347633361816e-01
3.922440409660339355e-01 6.077559590339660645e-01
5.747428536415100098e-01 4.252570867538452148e-01
4.742206037044525146e-01 5.257794260978698730e-01
4.404449164867401123e-01 5.595550537109375000e-01
4.595112204551696777e-01 5.404888391494750977e-01
4.721499681472778320e-01 5.278500914573669434e-01
7.792536020278930664e-01 2.207463830709457397e-01
7.871870398521423340e-01 2.128129452466964722e-01
5.933972001075744629e-01 4.066027700901031494e-01
5.006079673767089844e-01 4.993920326232910156e-01
6.202878355979919434e-01 3.797121345996856689e-01
2.854392528533935547e-01 7.145607471466064453e-01
3.415143787860870361e-01 6.584856510162353516e-01
6.421994566917419434e-01 3.578005731105804443e-01
2.967257201671600342e-01 7.032743096351623535e-01
4.367714822292327881e-01 5.632284879684448242e-01
2.802743613719940186e-01 7.197256088256835938e-01
2.883774042129516602e-01 7.116225957870483398e-01
5.596417188644409180e-01 4.403582811355590820e-01
5.099119544029235840e-01 4.900880753993988037e-01
5.502707362174987793e-01 4.497292339801788330e-01
5.050725936889648438e-01 4.949274361133575439e-01
6.663199067115783691e-01 3.336801230907440186e-01
3.107985258102416992e-01 6.892015337944030762e-01
6.830539703369140625e-01 3.169459998607635498e-01
3.426739275455474854e-01 6.573261022567749023e-01
4.079871773719787598e-01 5.920127630233764648e-01
5.710858702659606934e-01 4.289141893386840820e-01
5.663632154464721680e-01 4.336367547512054443e-01
6.504587531089782715e-01 3.495412468910217285e-01
2.817392349243164062e-01 7.182607054710388184e-01
6.409202814102172852e-01 3.590797185897827148e-01
2.824270129203796387e-01 7.175730466842651367e-01
3.830631077289581299e-01 6.169368624687194824e-01
2.992710173130035400e-01 7.007289528846740723e-01
3.522529900074005127e-01 6.477469801902770996e-01
3.659472465515136719e-01 6.340527534484863281e-01
5.494148135185241699e-01 4.505851566791534424e-01
4.801125526428222656e-01 5.198875069618225098e-01
5.830653905868530273e-01 4.169346094131469727e-01
3.105956614017486572e-01 6.894043684005737305e-01
4.650105834007263184e-01 5.349894165992736816e-01
4.581474661827087402e-01 5.418524742126464844e-01
3.189313113689422607e-01 6.810686588287353516e-01
5.342142581939697266e-01 4.657857418060302734e-01
4.803637564182281494e-01 5.196362733840942383e-01
3.076568543910980225e-01 6.923431158065795898e-01
4.752735197544097900e-01 5.247264504432678223e-01
4.808385074138641357e-01 5.191615223884582520e-01
2.130601257085800171e-01 7.869398593902587891e-01
4.581798911094665527e-01 5.418201088905334473e-01
4.562257528305053711e-01 5.437743067741394043e-01
5.324390530586242676e-01 4.675609469413757324e-01
6.579798460006713867e-01 3.420201539993286133e-01
3.465301096439361572e-01 6.534698605537414551e-01
5.614863634109497070e-01 4.385136365890502930e-01
4.244139492511749268e-01 5.755860805511474609e-01
5.444851517677307129e-01 4.555149078369140625e-01
2.474227994680404663e-01 7.525772452354431152e-01
4.044013917446136475e-01 5.955986380577087402e-01
3.366547226905822754e-01 6.633453369140625000e-01
3.573672175407409668e-01 6.426327824592590332e-01
2.803074419498443604e-01 7.196925282478332520e-01
6.159086227416992188e-01 3.840913772583007812e-01
4.493525028228759766e-01 5.506474971771240234e-01
3.770548999309539795e-01 6.229451298713684082e-01
4.354850649833679199e-01 5.645149350166320801e-01
3.133215904235839844e-01 6.866784095764160156e-01
2.451613247394561768e-01 7.548386454582214355e-01
4.306598603725433350e-01 5.693401694297790527e-01
2.747975587844848633e-01 7.252024412155151367e-01
3.164709508419036865e-01 6.835290789604187012e-01
3.064281940460205078e-01 6.935718059539794922e-01
2.550361454486846924e-01 7.449638247489929199e-01
3.976449966430664062e-01 6.023550033569335938e-01
3.492164313793182373e-01 6.507835388183593750e-01
3.123443126678466797e-01 6.876556277275085449e-01
6.430878639221191406e-01 3.569121360778808594e-01
5.605394840240478516e-01 4.394605457782745361e-01
3.140500187873840332e-01 6.859499812126159668e-01
3.293588459491729736e-01 6.706411838531494141e-01
4.878164231777191162e-01 5.121835470199584961e-01
5.296950340270996094e-01 4.703049063682556152e-01
4.373860657215118408e-01 5.626139044761657715e-01
4.589178264141082764e-01 5.410822033882141113e-01
4.091219902038574219e-01 5.908780097961425781e-01
4.915364980697631836e-01 5.084635019302368164e-01
3.877562582492828369e-01 6.122437715530395508e-01
4.668877720832824707e-01 5.331122279167175293e-01
3.322860002517700195e-01 6.677139401435852051e-01
4.116158485412597656e-01 5.883841514587402344e-01
6.820128560066223145e-01 3.179871439933776855e-01
5.921180248260498047e-01 4.078819453716278076e-01
5.022707581520080566e-01 4.977292716503143311e-01
7.177319526672363281e-01 2.822680175304412842e-01
3.855039775371551514e-01 6.144959926605224609e-01
5.908162593841552734e-01 4.091837704181671143e-01
5.084024071693420410e-01 4.915976226329803467e-01
6.922078728675842285e-01 3.077921271324157715e-01
4.427309632301330566e-01 5.572689771652221680e-01
4.929986000061035156e-01 5.070013999938964844e-01
3.868387937545776367e-01 6.131612062454223633e-01
5.360741019248962402e-01 4.639258682727813721e-01
5.024091601371765137e-01 4.975908398628234863e-01
4.253473877906799316e-01 5.746526122093200684e-01
2.639619410037994385e-01 7.360380291938781738e-01
2.899350523948669434e-01 7.100649476051330566e-01
5.095058083534240723e-01 4.904941320419311523e-01
4.883108437061309814e-01 5.116891264915466309e-01
5.398983359336853027e-01 4.601016342639923096e-01
4.332043528556823730e-01 5.667955875396728516e-01
4.463440179824829102e-01 5.536559820175170898e-01
3.062381446361541748e-01 6.937618851661682129e-01
5.666220188140869141e-01 4.333779215812683105e-01
3.774399161338806152e-01 6.225601434707641602e-01
4.509570002555847168e-01 5.490430593490600586e-01
4.781452417373657227e-01 5.218546986579895020e-01
3.660062253475189209e-01 6.339938044548034668e-01
3.677915632724761963e-01 6.322084069252014160e-01
5.161552429199218750e-01 4.838447570800781250e-01
4.227886795997619629e-01 5.772113204002380371e-01
5.629747509956359863e-01 4.370252490043640137e-01
4.530079960823059082e-01 5.469920039176940918e-01
4.382641315460205078e-01 5.617359280586242676e-01
3.833680152893066406e-01 6.166319251060485840e-01
3.282380402088165283e-01 6.717619895935058594e-01
4.536753594875335693e-01 5.463246703147888184e-01
5.621443390846252441e-01 4.378556609153747559e-01
5.476450920104980469e-01 4.523549079895019531e-01
4.987406730651855469e-01 5.012593269348144531e-01
5.205861926078796387e-01 4.794138371944427490e-01
3.987113833427429199e-01 6.012886762619018555e-01
4.994784593582153320e-01 5.005215406417846680e-01
6.183035969734191895e-01 3.816964328289031982e-01
4.051497578620910645e-01 5.948502421379089355e-01
3.284813463687896729e-01 6.715186238288879395e-01
4.928257465362548828e-01 5.071742534637451172e-01
3.823078274726867676e-01 6.176921725273132324e-01
4.238874018192291260e-01 5.761126279830932617e-01
2.535796761512756348e-01 7.464203834533691406e-01
4.078844785690307617e-01 5.921155214309692383e-01
7.223842740058898926e-01 2.776157557964324951e-01
4.498049020767211914e-01 5.501950979232788086e-01
6.049502491950988770e-01 3.950497210025787354e-01
3.699530661106109619e-01 6.300469040870666504e-01
2.505741417407989502e-01 7.494258284568786621e-01
2.542114555835723877e-01 7.457885146141052246e-01
4.766825139522552490e-01 5.233175158500671387e-01
5.115596652030944824e-01 4.884403347969055176e-01
4.073010087013244629e-01 5.926989316940307617e-01
4.773659706115722656e-01 5.226340293884277344e-01
5.174508094787597656e-01 4.825492501258850098e-01
5.182833075523376465e-01 4.817166924476623535e-01
7.887241840362548828e-01 2.112757712602615356e-01
2.845328152179718018e-01 7.154671549797058105e-01
3.370406627655029297e-01 6.629593968391418457e-01
5.171383619308471680e-01 4.828616082668304443e-01
5.528599023818969727e-01 4.471400976181030273e-01
6.565505266189575195e-01 3.434494435787200928e-01
5.619181990623474121e-01 4.380818009376525879e-01
4.251544475555419922e-01 5.748454928398132324e-01
6.055909395217895508e-01 3.944091200828552246e-01
2.486644089221954346e-01 7.513356208801269531e-01
3.740700185298919678e-01 6.259299516677856445e-01
5.563876628875732422e-01 4.436123669147491455e-01
4.420848786830902100e-01 5.579150915145874023e-01
6.897461414337158203e-01 3.102538585662841797e-01
3.908208906650543213e-01 6.091790795326232910e-01
5.115505456924438477e-01 4.884494543075561523e-01
6.379522681236267090e-01 3.620477616786956787e-01
3.204765021800994873e-01 6.795234680175781250e-01
3.767238557338714600e-01 6.232761740684509277e-01
2.822681367397308350e-01 7.177318334579467773e-01
6.040701866149902344e-01 3.959297835826873779e-01
2.728770673274993896e-01 7.271229624748229980e-01
2.520318031311035156e-01 7.479681968688964844e-01
5.897393226623535156e-01 4.102607071399688721e-01
3.126071393489837646e-01 6.873928308486938477e-01
6.332267522811889648e-01 3.667732477188110352e-01
5.316078662872314453e-01 4.683921635150909424e-01
4.221054017543792725e-01 5.778945684432983398e-01
3.739772140979766846e-01 6.260228157043457031e-01
5.051584243774414062e-01 4.948415756225585938e-01
3.882528245449066162e-01 6.117472052574157715e-01
4.712005853652954102e-01 5.287994742393493652e-01
3.995576500892639160e-01 6.004423499107360840e-01
4.100082516670227051e-01 5.899917483329772949e-01
5.329522490501403809e-01 4.670477509498596191e-01
6.157925128936767578e-01 3.842074573040008545e-01
2.314004749059677124e-01 7.685995101928710938e-01
2.857458293437957764e-01 7.142541408538818359e-01
5.065122842788696289e-01 4.934877157211303711e-01
5.502942204475402832e-01 4.497057795524597168e-01
4.402168095111846924e-01 5.597831606864929199e-01
4.191132485866546631e-01 5.808867812156677246e-01
5.580068826675415039e-01 4.419931471347808838e-01
3.505074083805084229e-01 6.494925618171691895e-01
5.187521576881408691e-01 4.812478721141815186e-01
2.237406820058822632e-01 7.762593626976013184e-01
5.558812618255615234e-01 4.441187381744384766e-01
5.154141187667846680e-01 4.845859110355377197e-01
2.772117257118225098e-01 7.227882146835327148e-01
3.902028203010559082e-01 6.097971796989440918e-01
6.519441008567810059e-01 3.480558395385742188e-01
3.449711501598358154e-01 6.550288796424865723e-01
5.645766854286193848e-01 4.354233443737030029e-01
5.058078169822692871e-01 4.941921532154083252e-01
5.507843494415283203e-01 4.492156505584716797e-01
4.067115485668182373e-01 5.932884216308593750e-01
4.656701683998107910e-01 5.343298912048339844e-01
4.580477178096771240e-01 5.419523119926452637e-01
4.750795960426330566e-01 5.249204039573669434e-01
3.503834605216979980e-01 6.496165394783020020e-01
6.803160309791564941e-01 3.196839988231658936e-01
3.994223475456237793e-01 6.005776524543762207e-01
7.686288952827453613e-01 2.313711196184158325e-01
4.321184158325195312e-01 5.678815841674804688e-01
4.203980863094329834e-01 5.796019434928894043e-01
4.742507040500640869e-01 5.257493257522583008e-01
4.315443336963653564e-01 5.684556365013122559e-01
4.081561863422393799e-01 5.918437838554382324e-01
5.793063044548034668e-01 4.206936955451965332e-01
4.753057956695556641e-01 5.246942043304443359e-01
4.617426097393035889e-01 5.382574200630187988e-01
6.229518055915832520e-01 3.770481646060943604e-01
5.836284756660461426e-01 4.163715243339538574e-01
6.421641111373901367e-01 3.578358590602874756e-01
3.992956578731536865e-01 6.007043719291687012e-01
4.791412353515625000e-01 5.208587050437927246e-01
4.895355999469757080e-01 5.104643702507019043e-01
5.192152857780456543e-01 4.807847142219543457e-01
5.238936543464660645e-01 4.761064052581787109e-01
5.038076043128967285e-01 4.961923658847808838e-01
5.562905073165893555e-01 4.437095522880554199e-01
4.307725131511688232e-01 5.692275166511535645e-01
2.953496873378753662e-01 7.046502828598022461e-01
6.171745657920837402e-01 3.828254938125610352e-01
3.579303920269012451e-01 6.420695781707763672e-01
3.383734226226806641e-01 6.616265177726745605e-01
4.296235442161560059e-01 5.703765153884887695e-01
5.585845708847045898e-01 4.414154291152954102e-01
4.589450657367706299e-01 5.410549044609069824e-01
5.506825447082519531e-01 4.493174850940704346e-01
6.232087612152099609e-01 3.767912685871124268e-01
2.980551123619079590e-01 7.019448876380920410e-01
4.602792561054229736e-01 5.397207736968994141e-01
4.692531824111938477e-01 5.307468175888061523e-01
3.639048635959625244e-01 6.360951662063598633e-01
4.574954509735107422e-01 5.425045490264892578e-01
4.697092473506927490e-01 5.302907824516296387e-01
5.909369587898254395e-01 4.090629816055297852e-01
4.746495783329010010e-01 5.253504514694213867e-01
4.712624549865722656e-01 5.287375450134277344e-01
4.713642597198486328e-01 5.286357402801513672e-01
4.462503492832183838e-01 5.537496209144592285e-01
6.017181277275085449e-01 3.982819020748138428e-01
3.527269363403320312e-01 6.472730040550231934e-01
5.867012143135070801e-01 4.132987856864929199e-01
3.893173038959503174e-01 6.106827259063720703e-01
3.771594166755676270e-01 6.228405833244323730e-01
5.890091061592102051e-01 4.109908342361450195e-01
3.700825273990631104e-01 6.299175024032592773e-01
5.004909634590148926e-01 4.995090663433074951e-01
6.590433716773986816e-01 3.409566283226013184e-01
4.302567839622497559e-01 5.697432160377502441e-01
4.230476319789886475e-01 5.769523382186889648e-01
2.580638527870178223e-01 7.419361472129821777e-01
3.659538030624389648e-01 6.340462565422058105e-01
4.393739402294158936e-01 5.606260895729064941e-01
5.948721170425415039e-01 4.051278531551361084e-01
3.988728821277618408e-01 6.011271476745605469e-01
4.485094249248504639e-01 5.514906048774719238e-01
3.541574478149414062e-01 6.458424925804138184e-01
5.284126996994018555e-01 4.715872704982757568e-01
3.254490792751312256e-01 6.745509505271911621e-01
5.749003887176513672e-01 4.250996708869934082e-01
4.323878884315490723e-01 5.676121115684509277e-01
5.156127214431762695e-01 4.843872487545013428e-01
2.536174058914184570e-01 7.463825941085815430e-01
4.270658493041992188e-01 5.729340910911560059e-01
8.089622855186462402e-01 1.910377144813537598e-01
5.501626729965209961e-01 4.498372673988342285e-01
6.283068060874938965e-01 3.716931641101837158e-01
6.777128577232360840e-01 3.222870826721191406e-01
2.126475572586059570e-01 7.873524427413940430e-01
5.462220311164855957e-01 4.537779986858367920e-01
6.220622658729553223e-01 3.779377639293670654e-01
3.036592900753021240e-01 6.963406801223754883e-01
6.666747927665710449e-01 3.333252370357513428e-01
4.836881458759307861e-01 5.163118243217468262e-01
2.563996016979217529e-01 7.436003684997558594e-01
2.704000174999237061e-01 7.296000123023986816e-01
3.321159482002258301e-01 6.678840517997741699e-01
8.888330459594726562e-01 1.111669242382049561e-01
3.231567740440368652e-01 6.768432259559631348e-01
4.767794013023376465e-01 5.232205390930175781e-01
3.834811151027679443e-01 6.165188550949096680e-01
5.413052439689636230e-01 4.586947560310363770e-01
3.223713934421539307e-01 6.776285767555236816e-01
5.465677380561828613e-01 4.534322917461395264e-01
6.270551085472106934e-01 3.729448318481445312e-01
4.775681793689727783e-01 5.224318504333496094e-01
4.101966917514801025e-01 5.898033380508422852e-01
6.974531412124633789e-01 3.025468885898590088e-01
7.341998815536499023e-01 2.658001482486724854e-01
4.000259041786193848e-01 5.999740958213806152e-01
4.765698611736297607e-01 5.234301686286926270e-01
4.814560711383819580e-01 5.185438990592956543e-01
4.467431306838989258e-01 5.532568693161010742e-01
6.661494374275207520e-01 3.338505327701568604e-01
3.752045631408691406e-01 6.247954368591308594e-01
3.407809436321258545e-01 6.592190861701965332e-01
3.034468889236450195e-01 6.965531110763549805e-01
4.101404547691345215e-01 5.898595452308654785e-01
5.299171805381774902e-01 4.700827896595001221e-01
4.088486433029174805e-01 5.911513566970825195e-01
4.643118381500244141e-01 5.356881618499755859e-01
3.499445617198944092e-01 6.500554680824279785e-01
5.147731304168701172e-01 4.852268397808074951e-01
5.024935007095336914e-01 4.975064992904663086e-01
5.934266448020935059e-01 4.065733850002288818e-01
6.426076292991638184e-01 3.573923408985137939e-01
4.341996610164642334e-01 5.658003687858581543e-01
4.708690345287322998e-01 5.291309356689453125e-01
3.344681859016418457e-01 6.655318140983581543e-01
5.106287598609924316e-01 4.893712997436523438e-01
3.894700706005096436e-01 6.105299592018127441e-01
4.931214153766632080e-01 5.068785548210144043e-01
4.490449726581573486e-01 5.509549975395202637e-01
5.188503265380859375e-01 4.811497032642364502e-01
4.099947512149810791e-01 5.900052785873413086e-01
2.698948383331298828e-01 7.301051616668701172e-01
3.559840023517608643e-01 6.440159678459167480e-01
6.073149442672729492e-01 3.926850855350494385e-01
2.677718698978424072e-01 7.322281002998352051e-01
5.295074582099914551e-01 4.704925417900085449e-01
6.467288136482238770e-01 3.532712161540985107e-01
3.446309566497802734e-01 6.553689837455749512e-01
4.223047196865081787e-01 5.776952505111694336e-01
6.572731137275695801e-01 3.427268862724304199e-01
3.084886372089385986e-01 6.915113329887390137e-01
3.767297863960266113e-01 6.232702136039733887e-01
7.465524673461914062e-01 2.534474730491638184e-01
4.090148508548736572e-01 5.909851789474487305e-01
5.599850416183471680e-01 4.400150179862976074e-01
3.186006546020507812e-01 6.813993453979492188e-01
4.006581008434295654e-01 5.993419289588928223e-01
2.804947495460510254e-01 7.195052504539489746e-01
4.890259206295013428e-01 5.109740495681762695e-01
5.502040386199951172e-01 4.497959017753601074e-01
4.148653447628021240e-01 5.851346850395202637e-01
4.447534382343292236e-01 5.552465915679931641e-01
6.469179987907409668e-01 3.530819416046142578e-01
4.396983683109283447e-01 5.603016018867492676e-01
4.377987682819366455e-01 5.622012615203857422e-01
3.536974787712097168e-01 6.463024616241455078e-01
3.784472942352294922e-01 6.215527057647705078e-01
4.453684985637664795e-01 5.546315312385559082e-01
3.661071360111236572e-01 6.338928341865539551e-01
4.477621018886566162e-01 5.522379279136657715e-01
4.693454504013061523e-01 5.306545495986938477e-01
3.654894828796386719e-01 6.345104575157165527e-01
4.404006898403167725e-01 5.595992803573608398e-01
5.198194980621337891e-01 4.801805019378662109e-01
3.476016819477081299e-01 6.523982882499694824e-01
3.907636106014251709e-01 6.092364192008972168e-01
5.057360529899597168e-01 4.942639470100402832e-01
3.732139468193054199e-01 6.267861127853393555e-01
4.410167038440704346e-01 5.589832663536071777e-01
4.255693852901458740e-01 5.744306445121765137e-01
4.014734923839569092e-01 5.985265374183654785e-01
4.158111810684204102e-01 5.841888189315795898e-01
3.302856981754302979e-01 6.697143316268920898e-01
3.855530917644500732e-01 6.144469380378723145e-01
3.872126936912536621e-01 6.127873063087463379e-01
3.369022309780120850e-01 6.630977988243103027e-01
5.063096880912780762e-01 4.936903417110443115e-01
4.305603802204132080e-01 5.694395899772644043e-01
3.540216684341430664e-01 6.459783315658569336e-01
4.187036156654357910e-01 5.812963843345642090e-01
2.763823270797729492e-01 7.236176729202270508e-01
2.644201815128326416e-01 7.355797886848449707e-01
6.487988233566284180e-01 3.512011766433715820e-01
5.106577873229980469e-01 4.893421828746795654e-01
5.140705704689025879e-01 4.859293997287750244e-01
4.321329593658447266e-01 5.678670406341552734e-01
7.378657460212707520e-01 2.621342241764068604e-01
4.692285358905792236e-01 5.307714343070983887e-01
4.318199753761291504e-01 5.681800246238708496e-01
6.551265120506286621e-01 3.448735177516937256e-01
3.435421288013458252e-01 6.564579010009765625e-01
5.324125885963439941e-01 4.675873816013336182e-01
4.701817929744720459e-01 5.298182368278503418e-01
4.738764166831970215e-01 5.261235833168029785e-01
3.889875113964080811e-01 6.110124588012695312e-01
5.453304052352905273e-01 4.546695947647094727e-01
3.616520166397094727e-01 6.383479833602905273e-01
2.551346719264984131e-01 7.448653578758239746e-01
3.165897727012634277e-01 6.834102272987365723e-01
5.025943517684936523e-01 4.974056482315063477e-01
5.034276247024536133e-01 4.965723752975463867e-01
4.986149370670318604e-01 5.013850927352905273e-01
3.768765628337860107e-01 6.231234073638916016e-01
3.585754930973052979e-01 6.414244771003723145e-01
3.812456727027893066e-01 6.187543272972106934e-01
5.771375894546508789e-01 4.228624105453491211e-01
4.284423887729644775e-01 5.715575814247131348e-01
5.756214261054992676e-01 4.243786334991455078e-01
3.956953287124633789e-01 6.043046712875366211e-01
3.505566418170928955e-01 6.494433879852294922e-01
3.120989799499511719e-01 6.879010796546936035e-01
3.155656158924102783e-01 6.844344139099121094e-01
8.925517201423645020e-01 1.074482649564743042e-01
4.842487871646881104e-01 5.157512426376342773e-01
5.080161690711975098e-01 4.919838607311248779e-01
5.644752979278564453e-01 4.355247020721435547e-01
5.737069845199584961e-01 4.262929856777191162e-01
5.206983089447021484e-01 4.793016612529754639e-01
3.354450166225433350e-01 6.645549535751342773e-01
7.689584493637084961e-01 2.310415208339691162e-01
4.434372484683990479e-01 5.565627813339233398e-01
6.572034358978271484e-01 3.427965939044952393e-01
4.257901608943939209e-01 5.742098093032836914e-01
5.038233995437622070e-01 4.961766302585601807e-01
4.274118244647979736e-01 5.725881457328796387e-01
5.089119672775268555e-01 4.910880029201507568e-01
5.446690917015075684e-01 4.553309381008148193e-01
4.391671121120452881e-01 5.608328580856323242e-01
5.957105755805969238e-01 4.042894542217254639e-01
3.807170391082763672e-01 6.192830204963684082e-01
3.633622825145721436e-01 6.366377472877502441e-01
5.093097686767578125e-01 4.906902611255645752e-01
3.790015280246734619e-01 6.209985017776489258e-01
4.072028100490570068e-01 5.927972197532653809e-01
2.735781371593475342e-01 7.264218926429748535e-01
5.314427614212036133e-01 4.685572087764739990e-01
6.712539196014404297e-01 3.287461102008819580e-01
6.345040202140808105e-01 3.654960095882415771e-01
2.296747267246246338e-01 7.703252434730529785e-01
7.273281812667846680e-01 2.726718187332153320e-01
5.306697487831115723e-01 4.693302512168884277e-01
3.465948402881622314e-01 6.534051895141601562e-01
3.806588053703308105e-01 6.193411350250244141e-01
4.720744192600250244e-01 5.279255509376525879e-01
5.766172409057617188e-01 4.233827888965606689e-01
6.694114804267883301e-01 3.305885195732116699e-01
2.619133591651916504e-01 7.380866408348083496e-01
4.067616462707519531e-01 5.932382941246032715e-01
5.349622368812561035e-01 4.650377333164215088e-01
3.834412395954132080e-01 6.165587902069091797e-01
6.200492382049560547e-01 3.799507617950439453e-01
3.827214539051055908e-01 6.172785162925720215e-01
2.893715202808380127e-01 7.106284499168395996e-01
4.592545926570892334e-01 5.407454371452331543e-01
5.053999423980712891e-01 4.946000277996063232e-01
4.637424349784851074e-01 5.362575650215148926e-01
3.402002155780792236e-01 6.597998142242431641e-01
2.810719013214111328e-01 7.189280986785888672e-01
3.815740346908569336e-01 6.184259653091430664e-01
6.203708052635192871e-01 3.796292543411254883e-01
4.986006021499633789e-01 5.013994574546813965e-01
4.375552237033843994e-01 5.624448060989379883e-01
7.032179832458496094e-01 2.967820167541503906e-01
5.506362915039062500e-01 4.493637084960937500e-01
