5.058078169822692871e-01 4.941921532154083252e-01
2.799357473850250244e-01 7.200642228126525879e-01
3.284813463687896729e-01 6.715186238288879395e-01
5.038076043128967285e-01 4.961923658847808838e-01
6.787361502647399902e-01 3.212638199329376221e-01
4.614977240562438965e-01 5.385022163391113281e-01
7.777037620544433594e-01 2.222962826490402222e-01
3.904663026332855225e-01 6.095336675643920898e-01
4.490449726581573486e-01 5.509549975395202637e-01
6.197358369827270508e-01 3.802641332149505615e-01
5.074396729469299316e-01 4.925603270530700684e-01
5.702253580093383789e-01 4.297746121883392334e-01
3.509621918201446533e-01 6.490378379821777344e-01
6.429917812347412109e-01 3.570082783699035645e-01
5.737479925155639648e-01 4.262520074844360352e-01
4.320858716964721680e-01 5.679141283035278320e-01
6.473754048347473145e-01 3.526246249675750732e-01
3.449711501598358154e-01 6.550288796424865723e-01
6.990361809730529785e-01 3.009638190269470215e-01
3.075610995292663574e-01 6.924389004707336426e-01
3.741938471794128418e-01 6.258060932159423828e-01
2.464155405759811401e-01 7.535844445228576660e-01
3.126475512981414795e-01 6.873524188995361328e-01
4.650757014751434326e-01 5.349243283271789551e-01
2.728770673274993896e-01 7.271229624748229980e-01
3.855530917644500732e-01 6.144469380378723145e-01
4.821579158306121826e-01 5.178421139717102051e-01
4.742507040500640869e-01 5.257493257522583008e-01
4.712005853652954102e-01 5.287994742393493652e-01
3.814940154552459717e-01 6.185060143470764160e-01
5.854844450950622559e-01 4.145155549049377441e-01
3.894700706005096436e-01 6.105299592018127441e-01
5.324125885963439941e-01 4.675873816013336182e-01
5.832124352455139160e-01 4.167875945568084717e-01
5.739207267761230469e-01 4.260793030261993408e-01
3.853802978992462158e-01 6.146197319030761719e-01
5.179793238639831543e-01 4.820206761360168457e-01
3.163722157478332520e-01 6.836277842521667480e-01
6.256077289581298828e-01 3.743923008441925049e-01
3.084886372089385986e-01 6.915113329887390137e-01
4.420848786830902100e-01 5.579150915145874023e-01
6.325594186782836914e-01 3.674405515193939209e-01
4.548282027244567871e-01 5.451717972755432129e-01
4.462503492832183838e-01 5.537496209144592285e-01
3.579712212085723877e-01 6.420287489891052246e-01
2.763823270797729492e-01 7.236176729202270508e-01
4.004032909870147705e-01 5.995967388153076172e-01
2.900857925415039062e-01 7.099142670631408691e-01
4.272662699222564697e-01 5.727337002754211426e-01
3.801319599151611328e-01 6.198679804801940918e-01
4.099947512149810791e-01 5.900052785873413086e-01
6.897461414337158203e-01 3.102538585662841797e-01
2.606146633625030518e-01 7.393853664398193359e-01
3.659472465515136719e-01 6.340527534484863281e-01
6.221820712089538574e-01 3.778179585933685303e-01
5.621443390846252441e-01 4.378556609153747559e-01
4.560871720314025879e-01 5.439128279685974121e-01
2.551346719264984131e-01 7.448653578758239746e-01
2.747975587844848633e-01 7.252024412155151367e-01
5.938540697097778320e-01 4.061459302902221680e-01
6.775842905044555664e-01 3.224157094955444336e-01
3.764983713626861572e-01 6.235015988349914551e-01
3.572640717029571533e-01 6.427358984947204590e-01
3.826169371604919434e-01 6.173830628395080566e-01
3.130183517932891846e-01 6.869816780090332031e-01
3.752045631408691406e-01 6.247954368591308594e-01
2.927154302597045898e-01 7.072845697402954102e-01
3.814555704593658447e-01 6.185443997383117676e-01
5.484745502471923828e-01 4.515254497528076172e-01
6.760441660881042480e-01 3.239558637142181396e-01
6.396130919456481934e-01 3.603869378566741943e-01
3.661170303821563721e-01 6.338829398155212402e-01
4.118668735027313232e-01 5.881331562995910645e-01
5.084024071693420410e-01 4.915976226329803467e-01
4.339903891086578369e-01 5.660096406936645508e-01
4.093460142612457275e-01 5.906540155410766602e-01
4.909032881259918213e-01 5.090967416763305664e-01
3.585100769996643066e-01 6.414898633956909180e-01
5.501577854156494141e-01 4.498422443866729736e-01
6.607021689414978027e-01 3.392977714538574219e-01
4.367714822292327881e-01 5.632284879684448242e-01
4.583078324794769287e-01 5.416921377182006836e-01
4.582833051681518555e-01 5.417166352272033691e-01
6.838700771331787109e-01 3.161299526691436768e-01
3.387213051319122314e-01 6.612786650657653809e-01
3.600161671638488770e-01 6.399837732315063477e-01
4.179916381835937500e-01 5.820083618164062500e-01
3.827214539051055908e-01 6.172785162925720215e-01
4.085036516189575195e-01 5.914963483810424805e-01
3.562074899673461914e-01 6.437925100326538086e-01
4.443309903144836426e-01 5.556690096855163574e-01
5.219111442565917969e-01 4.780888855457305908e-01
4.493525028228759766e-01 5.506474971771240234e-01
3.126071393489837646e-01 6.873928308486938477e-01
6.120574474334716797e-01 3.879425525665283203e-01
6.157925128936767578e-01 3.842074573040008545e-01
2.306087017059326172e-01 7.693912982940673828e-01
4.100450277328491211e-01 5.899549722671508789e-01
4.712745249271392822e-01 5.287254452705383301e-01
2.772117257118225098e-01 7.227882146835327148e-01
3.383431434631347656e-01 6.616568565368652344e-01
5.147731304168701172e-01 4.852268397808074951e-01
6.317991018295288086e-01 3.682009279727935791e-01
2.537030279636383057e-01 7.462970018386840820e-01
4.748469293117523193e-01 5.251530408859252930e-01
2.644201815128326416e-01 7.355797886848449707e-01
3.807170391082763672e-01 6.192830204963684082e-01
7.281676530838012695e-01 2.718323767185211182e-01
3.305529057979583740e-01 6.694471240043640137e-01
6.812520623207092285e-01 3.187479972839355469e-01
6.967451572418212891e-01 3.032548725605010986e-01
3.793097734451293945e-01 6.206901669502258301e-01
3.066975176334381104e-01 6.933025121688842773e-01
4.298667609691619873e-01 5.701332092285156250e-01
3.513402640819549561e-01 6.486597657203674316e-01
3.636291921138763428e-01 6.363707780838012695e-01
6.621554493904113770e-01 3.378445208072662354e-01
4.046975076198577881e-01 5.953024625778198242e-01
7.246363162994384766e-01 2.753636837005615234e-01
5.449741482734680176e-01 4.550258815288543701e-01
3.955405950546264648e-01 6.044594049453735352e-01
2.994365692138671875e-01 7.005634307861328125e-01
3.775865435600280762e-01 6.224134564399719238e-01
7.433038353919982910e-01 2.566961944103240967e-01
3.768595159053802490e-01 6.231405138969421387e-01
3.952463567256927490e-01 6.047536730766296387e-01
4.073852598667144775e-01 5.926147103309631348e-01
3.771822750568389893e-01 6.228177547454833984e-01
4.499397277832031250e-01 5.500602722167968750e-01
6.598395109176635742e-01 3.401605188846588135e-01
3.402002155780792236e-01 6.597998142242431641e-01
4.316868782043457031e-01 5.683131217956542969e-01
4.510708153247833252e-01 5.489292144775390625e-01
3.840438127517700195e-01 6.159562468528747559e-01
5.323465466499328613e-01 4.676534235477447510e-01
3.291597664356231689e-01 6.708402633666992188e-01
4.570828080177307129e-01 5.429171919822692871e-01
4.100986719131469727e-01 5.899013280868530273e-01
6.135859489440917969e-01 3.864140212535858154e-01
2.890399992465972900e-01 7.109600305557250977e-01
6.441380381584167480e-01 3.558619618415832520e-01
3.994613885879516602e-01 6.005386114120483398e-01
5.718626379966735840e-01 4.281373918056488037e-01
3.145290911197662354e-01 6.854709386825561523e-01
5.887441039085388184e-01 4.112558960914611816e-01
5.216613411903381348e-01 4.783386588096618652e-01
6.912049055099487305e-01 3.087950944900512695e-01
4.437077641487121582e-01 5.562922358512878418e-01
6.049502491950988770e-01 3.950497210025787354e-01
4.595112204551696777e-01 5.404888391494750977e-01
6.277817487716674805e-01 3.722182512283325195e-01
3.699530661106109619e-01 6.300469040870666504e-01
4.872028529644012451e-01 5.127971172332763672e-01
5.119886398315429688e-01 4.880113601684570312e-01
5.413052439689636230e-01 4.586947560310363770e-01
5.957466959953308105e-01 4.042532742023468018e-01
3.748657703399658203e-01 6.251342892646789551e-01
4.230476319789886475e-01 5.769523382186889648e-01
2.542114555835723877e-01 7.457885146141052246e-01
4.580477178096771240e-01 5.419523119926452637e-01
3.282380402088165283e-01 6.717619895935058594e-01
3.055364191532135010e-01 6.944635510444641113e-01
3.824161589145660400e-01 6.175838708877563477e-01
4.643118381500244141e-01 5.356881618499755859e-01
4.650105834007263184e-01 5.349894165992736816e-01
4.164229333400726318e-01 5.835770964622497559e-01
3.774399161338806152e-01 6.225601434707641602e-01
5.052931308746337891e-01 4.947068989276885986e-01
3.948730528354644775e-01 6.051269173622131348e-01
4.667802155017852783e-01 5.332198143005371094e-01
4.872989356517791748e-01 5.127010941505432129e-01
6.694114804267883301e-01 3.305885195732116699e-01
3.864428997039794922e-01 6.135571002960205078e-01
5.515138506889343262e-01 4.484861493110656738e-01
4.385737776756286621e-01 5.614262223243713379e-01
3.536541461944580078e-01 6.463459134101867676e-01
4.750795960426330566e-01 5.249204039573669434e-01
3.339857459068298340e-01 6.660142540931701660e-01
3.268057703971862793e-01 6.731942892074584961e-01
5.391136407852172852e-01 4.608864188194274902e-01
5.691665410995483398e-01 4.308334589004516602e-01
3.703465461730957031e-01 6.296533942222595215e-01
4.203980863094329834e-01 5.796019434928894043e-01
4.068245887756347656e-01 5.931754112243652344e-01
3.640510737895965576e-01 6.359489560127258301e-01
3.503834605216979980e-01 6.496165394783020020e-01
5.596417188644409180e-01 4.403582811355590820e-01
3.076568543910980225e-01 6.923431158065795898e-01
4.831793308258056641e-01 5.168206691741943359e-01
2.817392349243164062e-01 7.182607054710388184e-01
3.730283379554748535e-01 6.269717216491699219e-01
4.909333884716033936e-01 5.090665817260742188e-01
2.604610323905944824e-01 7.395389676094055176e-01
5.202707052230834961e-01 4.797292351722717285e-01
4.778228998184204102e-01 5.221771001815795898e-01
2.677718698978424072e-01 7.322281002998352051e-01
5.545838475227355957e-01 4.454161524772644043e-01
3.370406627655029297e-01 6.629593968391418457e-01
3.413459062576293945e-01 6.586540937423706055e-01
4.766825139522552490e-01 5.233175158500671387e-01
6.222603917121887207e-01 3.777396380901336670e-01
2.979383766651153564e-01 7.020616531372070312e-01
4.541425406932830811e-01 5.458574295043945312e-01
3.994407057762145996e-01 6.005592942237854004e-01
2.320418357849121094e-01 7.679581642150878906e-01
4.531257152557373047e-01 5.468743443489074707e-01
5.619181990623474121e-01 4.380818009376525879e-01
3.713004887104034424e-01 6.286994814872741699e-01
2.697393596172332764e-01 7.302606105804443359e-01
5.326743125915527344e-01 4.673257172107696533e-01
5.130238533020019531e-01 4.869761765003204346e-01
4.476190805435180664e-01 5.523809194564819336e-01
4.822276234626770020e-01 5.177723765373229980e-01
2.401661723852157593e-01 7.598338127136230469e-01
2.849602997303009033e-01 7.150396704673767090e-01
3.325220644474029541e-01 6.674779057502746582e-01
4.740128219127655029e-01 5.259871482849121094e-01
2.603852152824401855e-01 7.396148443222045898e-01
5.024935007095336914e-01 4.975064992904663086e-01
6.332267522811889648e-01 3.667732477188110352e-01
5.378975868225097656e-01 4.621023535728454590e-01
3.008649349212646484e-01 6.991350650787353516e-01
3.356532454490661621e-01 6.643467545509338379e-01
6.270551085472106934e-01 3.729448318481445312e-01
3.559963703155517578e-01 6.440036296844482422e-01
4.930563569068908691e-01 5.069437026977539062e-01
4.677653014659881592e-01 5.322347283363342285e-01
6.661494374275207520e-01 3.338505327701568604e-01
2.959630191326141357e-01 7.040370106697082520e-01
2.663583755493164062e-01 7.336416244506835938e-01
6.319416165351867676e-01 3.680583834648132324e-01
4.765698611736297607e-01 5.234301686286926270e-01
4.158111810684204102e-01 5.841888189315795898e-01
6.986225843429565430e-01 3.013773858547210693e-01
5.211803913116455078e-01 4.788196384906768799e-01
5.933972001075744629e-01 4.066027700901031494e-01
6.663199067115783691e-01 3.336801230907440186e-01
3.370330035686492920e-01 6.629670262336730957e-01
4.049066305160522461e-01 5.950933694839477539e-01
4.288648962974548340e-01 5.711351633071899414e-01
5.147437453269958496e-01 4.852562546730041504e-01
3.036592900753021240e-01 6.963406801223754883e-01
4.236301779747009277e-01 5.763697624206542969e-01
5.053999423980712891e-01 4.946000277996063232e-01
6.304490566253662109e-01 3.695509731769561768e-01
5.080161690711975098e-01 4.919838607311248779e-01
4.668877720832824707e-01 5.331122279167175293e-01
3.098547160625457764e-01 6.901452541351318359e-01
4.287068545818328857e-01 5.712931156158447266e-01
2.436876147985458374e-01 7.563124299049377441e-01
3.165897727012634277e-01 6.834102272987365723e-01
5.375230312347412109e-01 4.624769985675811768e-01
3.767746090888977051e-01 6.232253909111022949e-01
4.168279767036437988e-01 5.831720232963562012e-01
4.152857661247253418e-01 5.847142338752746582e-01
4.467431306838989258e-01 5.532568693161010742e-01
5.281851291656494141e-01 4.718148112297058105e-01
5.342142581939697266e-01 4.657857418060302734e-01
2.563996016979217529e-01 7.436003684997558594e-01
6.162127852439880371e-01 3.837872147560119629e-01
4.068405032157897949e-01 5.931595563888549805e-01
4.692531824111938477e-01 5.307468175888061523e-01
5.329522490501403809e-01 4.670477509498596191e-01
3.981269598007202148e-01 6.018730401992797852e-01
6.944332122802734375e-01 3.055667877197265625e-01
5.028565526008605957e-01 4.971434772014617920e-01
5.588847994804382324e-01 4.411151707172393799e-01
6.598395109176635742e-01 3.401604890823364258e-01
5.296950340270996094e-01 4.703049063682556152e-01
2.854392528533935547e-01 7.145607471466064453e-01
7.784768342971801758e-01 2.215232104063034058e-01
8.089622855186462402e-01 1.910377144813537598e-01
4.302567839622497559e-01 5.697432160377502441e-01
4.957689642906188965e-01 5.042310357093811035e-01
2.985268831253051758e-01 7.014730572700500488e-01
4.854011535644531250e-01 5.145988464355468750e-01
2.999400198459625244e-01 7.000600099563598633e-01
4.079492390155792236e-01 5.920507311820983887e-01
4.031296074390411377e-01 5.968704223632812500e-01
4.759018719196319580e-01 5.240981578826904297e-01
2.933724224567413330e-01 7.066276073455810547e-01
3.254490792751312256e-01 6.745509505271911621e-01
3.247860670089721680e-01 6.752139329910278320e-01
5.205861926078796387e-01 4.794138371944427490e-01
6.334100365638732910e-01 3.665899634361267090e-01
3.093979954719543457e-01 6.906020045280456543e-01
5.830653905868530273e-01 4.169346094131469727e-01
5.036858320236206055e-01 4.963141679763793945e-01
7.871870398521423340e-01 2.128129452466964722e-01
4.232667684555053711e-01 5.767332315444946289e-01
3.410702943801879883e-01 6.589297652244567871e-01
3.348321318626403809e-01 6.651679277420043945e-01
2.911860048770904541e-01 7.088139653205871582e-01
3.697010874748229980e-01 6.302989125251770020e-01
2.732092738151550293e-01 7.267906665802001953e-01
2.221414148807525635e-01 7.778586149215698242e-01
2.901474237442016602e-01 7.098525762557983398e-01
3.834811151027679443e-01 6.165188550949096680e-01
3.499445617198944092e-01 6.500554680824279785e-01
3.906285464763641357e-01 6.093714237213134766e-01
4.709973931312561035e-01 5.290026068687438965e-01
5.629747509956359863e-01 4.370252490043640137e-01
4.651342630386352539e-01 5.348657369613647461e-01
7.073898911476135254e-01 2.926101088523864746e-01
3.366547226905822754e-01 6.633453369140625000e-01
3.286882340908050537e-01 6.713117957115173340e-01
5.424425601959228516e-01 4.575574398040771484e-01
3.498901128768920898e-01 6.501098275184631348e-01
4.346774518489837646e-01 5.653225183486938477e-01
2.794851958751678467e-01 7.205147743225097656e-01
4.517738521099090576e-01 5.482261776924133301e-01
3.559840023517608643e-01 6.440159678459167480e-01
6.131061315536499023e-01 3.868938982486724854e-01
5.099119544029235840e-01 4.900880753993988037e-01
3.706949651241302490e-01 6.293050050735473633e-01
3.649375438690185547e-01 6.350624561309814453e-01
3.492262363433837891e-01 6.507737636566162109e-01
5.316078662872314453e-01 4.683921635150909424e-01
4.873639941215515137e-01 5.126360654830932617e-01
4.516777694225311279e-01 5.483222603797912598e-01
4.703231453895568848e-01 5.296768546104431152e-01
4.180607795715332031e-01 5.819392800331115723e-01
6.103610396385192871e-01 3.896389901638031006e-01
3.044495284557342529e-01 6.955504417419433594e-01
7.032179832458496094e-01 2.967820167541503906e-01
4.370331764221191406e-01 5.629668235778808594e-01
5.175979733467102051e-01 4.824019968509674072e-01
6.684766411781311035e-01 3.315232992172241211e-01
2.810294628143310547e-01 7.189705371856689453e-01
5.334284305572509766e-01 4.665715992450714111e-01
2.713135480880737305e-01 7.286864519119262695e-01
2.349867671728134155e-01 7.650132179260253906e-01
6.469179987907409668e-01 3.530819416046142578e-01
4.735034704208374023e-01 5.264965295791625977e-01
4.915125966072082520e-01 5.084874033927917480e-01
3.426739275455474854e-01 6.573261022567749023e-01
4.659276306629180908e-01 5.340723991394042969e-01
3.616880774497985840e-01 6.383119225502014160e-01
5.319569706916809082e-01 4.680429995059967041e-01
5.672047138214111328e-01 4.327953159809112549e-01
3.527269363403320312e-01 6.472730040550231934e-01
5.734452009201049805e-01 4.265547692775726318e-01
3.980050384998321533e-01 6.019949316978454590e-01
6.314227581024169922e-01 3.685772716999053955e-01
3.768765628337860107e-01 6.231234073638916016e-01
4.811412990093231201e-01 5.188586711883544922e-01
4.093040823936462402e-01 5.906959772109985352e-01
7.465524673461914062e-01 2.534474730491638184e-01
5.505685210227966309e-01 4.494314789772033691e-01
5.024133324623107910e-01 4.975866377353668213e-01
6.171745657920837402e-01 3.828254938125610352e-01
3.133215904235839844e-01 6.866784095764160156e-01
4.382641315460205078e-01 5.617359280586242676e-01
3.611374795436859131e-01 6.388624906539916992e-01
5.419517755508422852e-01 4.580482244491577148e-01
4.373860657215118408e-01 5.626139044761657715e-01
5.106577873229980469e-01 4.893421828746795654e-01
5.042591094970703125e-01 4.957409203052520752e-01
4.752735197544097900e-01 5.247264504432678223e-01
2.451613247394561768e-01 7.548386454582214355e-01
4.401546716690063477e-01 5.598453283309936523e-01
2.510192096233367920e-01 7.489807605743408203e-01
3.223713934421539307e-01 6.776285767555236816e-01
5.855932235717773438e-01 4.144067764282226562e-01
3.962650001049041748e-01 6.037349700927734375e-01
3.894653320312500000e-01 6.105346679687500000e-01
3.836288452148437500e-01 6.163711547851562500e-01
5.795072317123413086e-01 4.204927980899810791e-01
3.109471797943115234e-01 6.890528798103332520e-01
5.938594341278076172e-01 4.061405360698699951e-01
3.369022309780120850e-01 6.630977988243103027e-01
4.018831849098205566e-01 5.981168150901794434e-01
3.538278341293334961e-01 6.461721658706665039e-01
5.249565839767456055e-01 4.750433564186096191e-01
2.622874081134796143e-01 7.377125620841979980e-01
4.695440232753753662e-01 5.304560065269470215e-01
4.466390907764434814e-01 5.533608794212341309e-01
3.872126936912536621e-01 6.127873063087463379e-01
2.582479715347290039e-01 7.417520284652709961e-01
4.796181619167327881e-01 5.203818678855895996e-01
4.280351102352142334e-01 5.719649195671081543e-01
5.430520772933959961e-01 4.569478929042816162e-01
5.238936543464660645e-01 4.761064052581787109e-01
4.088486433029174805e-01 5.911513566970825195e-01
4.359098672866821289e-01 5.640901327133178711e-01
4.067616462707519531e-01 5.932382941246032715e-01
3.966992795467376709e-01 6.033006906509399414e-01
3.339522778987884521e-01 6.660477519035339355e-01
4.483569860458374023e-01 5.516430139541625977e-01
2.449104636907577515e-01 7.550895214080810547e-01
6.398780345916748047e-01 3.601219952106475830e-01
6.428676843643188477e-01 3.571323752403259277e-01
4.725306034088134766e-01 5.274693965911865234e-01
3.953064680099487305e-01 6.046935915946960449e-01
4.742206037044525146e-01 5.257794260978698730e-01
5.957105755805969238e-01 4.042894542217254639e-01
3.145070672035217285e-01 6.854929924011230469e-01
3.620320558547973633e-01 6.379678845405578613e-01
3.616520166397094727e-01 6.383479833602905273e-01
3.784472942352294922e-01 6.215527057647705078e-01
5.402973890304565430e-01 4.597025513648986816e-01
4.781452417373657227e-01 5.218546986579895020e-01
4.270658493041992188e-01 5.729340910911560059e-01
3.228893280029296875e-01 6.771106719970703125e-01
4.890259206295013428e-01 5.109740495681762695e-01
4.684565663337707520e-01 5.315434336662292480e-01
4.848127365112304688e-01 5.151872634887695312e-01
5.502040386199951172e-01 4.497959017753601074e-01
4.244139492511749268e-01 5.755860805511474609e-01
3.576567471027374268e-01 6.423432230949401855e-01
5.403942465782165527e-01 4.596057832241058350e-01
3.167856335639953613e-01 6.832143068313598633e-01
3.840638995170593262e-01 6.159361600875854492e-01
4.708690345287322998e-01 5.291309356689453125e-01
4.408846795558929443e-01 5.591153502464294434e-01
6.565505266189575195e-01 3.434494435787200928e-01
3.849879503250122070e-01 6.150120496749877930e-01
5.356404185295104980e-01 4.643596112728118896e-01
5.948721170425415039e-01 4.051278531551361084e-01
5.542150139808654785e-01 4.457849860191345215e-01
3.389280736446380615e-01 6.610719561576843262e-01
6.183942556381225586e-01 3.816058039665222168e-01
3.346549272537231445e-01 6.653450727462768555e-01
2.867654263973236084e-01 7.132346034049987793e-01
3.865083158016204834e-01 6.134917140007019043e-01
4.639941751956939697e-01 5.360057950019836426e-01
2.505741417407989502e-01 7.494258284568786621e-01
2.735781371593475342e-01 7.264218926429748535e-01
4.823041260242462158e-01 5.176959037780761719e-01
3.220118582248687744e-01 6.779881715774536133e-01
4.116158485412597656e-01 5.883841514587402344e-01
3.549975752830505371e-01 6.450024843215942383e-01
3.642773032188415527e-01 6.357226967811584473e-01
4.084444940090179443e-01 5.915555357933044434e-01
4.969996213912963867e-01 5.030003786087036133e-01
3.700511157512664795e-01 6.299489140510559082e-01
4.836881458759307861e-01 5.163118243217468262e-01
3.111579120159149170e-01 6.888421177864074707e-01
7.341998815536499023e-01 2.658001482486724854e-01
4.627895057201385498e-01 5.372105240821838379e-01
3.541574478149414062e-01 6.458424925804138184e-01
2.722057700157165527e-01 7.277942299842834473e-01
4.867472946643829346e-01 5.132527351379394531e-01
5.151624679565429688e-01 4.848375022411346436e-01
6.638878583908081055e-01 3.361121416091918945e-01
2.908697426319122314e-01 7.091302275657653809e-01
3.830631077289581299e-01 6.169368624687194824e-01
7.036336660385131836e-01 2.963663041591644287e-01
2.848769724369049072e-01 7.151229977607727051e-01
6.910320520401000977e-01 3.089680075645446777e-01
3.633622825145721436e-01 6.366377472877502441e-01
7.406129837036132812e-01 2.593870162963867188e-01
6.430878639221191406e-01 3.569121360778808594e-01
6.308608651161193848e-01 3.691391348838806152e-01
6.409202814102172852e-01 3.590797185897827148e-01
5.446690917015075684e-01 4.553309381008148193e-01
3.314191997051239014e-01 6.685807704925537109e-01
3.704349994659423828e-01 6.295649409294128418e-01
4.885406196117401123e-01 5.114594101905822754e-01
2.130601257085800171e-01 7.869398593902587891e-01
4.366648793220520020e-01 5.633351802825927734e-01
4.194055199623107910e-01 5.805944800376892090e-01
5.867012143135070801e-01 4.132987856864929199e-01
3.193200230598449707e-01 6.806800365447998047e-01
6.220622658729553223e-01 3.779377639293670654e-01
4.205242991447448730e-01 5.794757008552551270e-01
3.858979046344757080e-01 6.141021251678466797e-01
4.022001326084136963e-01 5.977998971939086914e-01
2.644466757774353027e-01 7.355533838272094727e-01
2.897737026214599609e-01 7.102262973785400391e-01
5.782676339149475098e-01 4.217323362827301025e-01
3.564328253269195557e-01 6.435671448707580566e-01
5.339225530624389648e-01 4.660773873329162598e-01
6.038642525672912598e-01 3.961357772350311279e-01
7.714029550552368164e-01 2.285970449447631836e-01
4.269987642765045166e-01 5.730012059211730957e-01
3.465948402881622314e-01 6.534051895141601562e-01
5.031213760375976562e-01 4.968785941600799561e-01
7.186219692230224609e-01 2.813780307769775391e-01
5.999705195426940918e-01 4.000295102596282959e-01
3.415143787860870361e-01 6.584856510162353516e-01
7.085307836532592773e-01 2.914691865444183350e-01
2.772503495216369629e-01 7.227496504783630371e-01
2.883179783821105957e-01 7.116820216178894043e-01
5.319374799728393555e-01 4.680625796318054199e-01
5.836284756660461426e-01 4.163715243339538574e-01
4.396983683109283447e-01 5.603016018867492676e-01
5.565985441207885742e-01 4.434014558792114258e-01
5.089119672775268555e-01 4.910880029201507568e-01
3.961724340915679932e-01 6.038275361061096191e-01
7.046402096748352051e-01 2.953598201274871826e-01
3.043467402458190918e-01 6.956532597541809082e-01
3.231567740440368652e-01 6.768432259559631348e-01
5.440906286239624023e-01 4.559093713760375977e-01
4.546402990818023682e-01 5.453597307205200195e-01
5.182833075523376465e-01 4.817166924476623535e-01
4.443913400173187256e-01 5.556086301803588867e-01
3.539495766162872314e-01 6.460503935813903809e-01
4.784108102321624756e-01 5.215892195701599121e-01
4.852454364299774170e-01 5.147545337677001953e-01
3.236587643623352051e-01 6.763412952423095703e-01
2.520318031311035156e-01 7.479681968688964844e-01
4.114080071449279785e-01 5.885919928550720215e-01
3.815740346908569336e-01 6.184259653091430664e-01
2.663288116455078125e-01 7.336711287498474121e-01
5.324390530586242676e-01 4.675609469413757324e-01
3.785189092159271240e-01 6.214811205863952637e-01
6.103501915931701660e-01 3.896498382091522217e-01
3.715897202491760254e-01 6.284102201461791992e-01
4.393739402294158936e-01 5.606260895729064941e-01
5.836712121963500977e-01 4.163287580013275146e-01
3.956953287124633789e-01 6.043046712875366211e-01
6.128590106964111328e-01 3.871410191059112549e-01
2.535796761512756348e-01 7.464203834533691406e-01
4.100082516670227051e-01 5.899917483329772949e-01
5.392048954963684082e-01 4.607951343059539795e-01
5.209585428237915039e-01 4.790414869785308838e-01
4.697092473506927490e-01 5.302907824516296387e-01
3.105956614017486572e-01 6.894043684005737305e-01
7.007297873497009277e-01 2.992701828479766846e-01
4.617426097393035889e-01 5.382574200630187988e-01
5.422081947326660156e-01 4.577918052673339844e-01
3.976449966430664062e-01 6.023550033569335938e-01
4.434372484683990479e-01 5.565627813339233398e-01
2.680732905864715576e-01 7.319267392158508301e-01
2.949384152889251709e-01 7.050616145133972168e-01
6.932760477066040039e-01 3.067239820957183838e-01
6.032187342643737793e-01 3.967812359333038330e-01
4.274118244647979736e-01 5.725881457328796387e-01
3.466858565807342529e-01 6.533141136169433594e-01
4.767794013023376465e-01 5.232205390930175781e-01
5.296089053153991699e-01 4.703910648822784424e-01
4.101404547691345215e-01 5.898595452308654785e-01
6.232087612152099609e-01 3.767912685871124268e-01
4.091219902038574219e-01 5.908780097961425781e-01
3.732139468193054199e-01 6.267861127853393555e-01
3.739772140979766846e-01 6.260228157043457031e-01
5.909369587898254395e-01 4.090629816055297852e-01
5.108759999275207520e-01 4.891240596771240234e-01
4.500723481178283691e-01 5.499277114868164062e-01
2.810169160366058350e-01 7.189831137657165527e-01
5.621235370635986328e-01 4.378764331340789795e-01
4.142730236053466797e-01 5.857269763946533203e-01
3.281284272670745850e-01 6.718715429306030273e-01
7.369080781936645508e-01 2.630919218063354492e-01
3.081367313861846924e-01 6.918632984161376953e-01
5.038233995437622070e-01 4.961766302585601807e-01
4.410167038440704346e-01 5.589832663536071777e-01
5.606585741043090820e-01 4.393414556980133057e-01
6.224708557128906250e-01 3.775291740894317627e-01
4.840097427368164062e-01 5.159902572631835938e-01
4.006581008434295654e-01 5.993419289588928223e-01
5.816763043403625488e-01 4.183236658573150635e-01
3.892106711864471436e-01 6.107892990112304688e-01
4.081561863422393799e-01 5.918437838554382324e-01
4.255693852901458740e-01 5.744306445121765137e-01
3.105225265026092529e-01 6.894775032997131348e-01
4.024672210216522217e-01 5.975328087806701660e-01
6.464887857437133789e-01 3.535112440586090088e-01
4.463476836681365967e-01 5.536523461341857910e-01
3.800970911979675293e-01 6.199029088020324707e-01
2.784630656242370605e-01 7.215369343757629395e-01
5.065122842788696289e-01 4.934877157211303711e-01
4.859358072280883789e-01 5.140641927719116211e-01
4.284489750862121582e-01 5.715510249137878418e-01
4.378766715526580811e-01 5.621232986450195312e-01
4.219380021095275879e-01 5.780619978904724121e-01
2.982811629772186279e-01 7.017188072204589844e-01
4.656701683998107910e-01 5.343298912048339844e-01
4.114663898944854736e-01 5.885335803031921387e-01
4.677766263484954834e-01 5.322234034538269043e-01
2.822681367397308350e-01 7.177318334579467773e-01
4.684139788150787354e-01 5.315859913825988770e-01
3.700825273990631104e-01 6.299175024032592773e-01
3.256288766860961914e-01 6.743711829185485840e-01
3.856316208839416504e-01 6.143683791160583496e-01
5.039625763893127441e-01 4.960374832153320312e-01
5.328857898712158203e-01 4.671142399311065674e-01
7.689584493637084961e-01 2.310415208339691162e-01
3.401992619037628174e-01 6.598007678985595703e-01
6.198536157608032227e-01 3.801463544368743896e-01
4.424159824848175049e-01 5.575840473175048828e-01
3.748750984668731689e-01 6.251249313354492188e-01
4.898257553577423096e-01 5.101742744445800781e-01
6.292243003845214844e-01 3.707756698131561279e-01
2.783055007457733154e-01 7.216945290565490723e-01
4.131166636943817139e-01 5.868833065032958984e-01
3.855039775371551514e-01 6.144959926605224609e-01
3.639335334300994873e-01 6.360664963722229004e-01
3.469355106353759766e-01 6.530644893646240234e-01
4.728224575519561768e-01 5.271775126457214355e-01
3.175230920314788818e-01 6.824768781661987305e-01
3.312717378139495850e-01 6.687282919883728027e-01
3.145972192287445068e-01 6.854027509689331055e-01
4.755608737468719482e-01 5.244390964508056641e-01
5.188503265380859375e-01 4.811497032642364502e-01
4.551298618316650391e-01 5.448701381683349609e-01
5.406815409660339355e-01 4.593184292316436768e-01
3.179116547107696533e-01 6.820883750915527344e-01
3.470022678375244141e-01 6.529977917671203613e-01
4.842487871646881104e-01 5.157512426376342773e-01
3.654894828796386719e-01 6.345104575157165527e-01
4.753610193729400635e-01 5.246390104293823242e-01
6.558989882469177246e-01 3.441009819507598877e-01
4.926651418209075928e-01 5.073348283767700195e-01
4.251544475555419922e-01 5.748454928398132324e-01
4.238494932651519775e-01 5.761504769325256348e-01
5.342997312545776367e-01 4.657003283500671387e-01
3.893173038959503174e-01 6.106827259063720703e-01
5.370656847953796387e-01 4.629343152046203613e-01
6.034478545188903809e-01 3.965521156787872314e-01
3.281157314777374268e-01 6.718842387199401855e-01
3.695786297321319580e-01 6.304213404655456543e-01
5.115056633949279785e-01 4.884943366050720215e-01
4.647231996059417725e-01 5.352767705917358398e-01
3.772670924663543701e-01 6.227328777313232422e-01
5.989596843719482422e-01 4.010403156280517578e-01
3.791186511516571045e-01 6.208813190460205078e-01
3.338553607463836670e-01 6.661446690559387207e-01
3.415676355361938477e-01 6.584323644638061523e-01
2.373568862676620483e-01 7.626431584358215332e-01
7.044749259948730469e-01 2.955250740051269531e-01
4.784702062606811523e-01 5.215297937393188477e-01
4.253473877906799316e-01 5.746526122093200684e-01
6.702948212623596191e-01 3.297051489353179932e-01
3.147715628147125244e-01 6.852284073829650879e-01
4.801743328571319580e-01 5.198256373405456543e-01
3.503772318363189697e-01 6.496227383613586426e-01
3.852666616439819336e-01 6.147333383560180664e-01
4.509434998035430908e-01 5.490564703941345215e-01
6.001559495925903320e-01 3.998439908027648926e-01
4.552291929721832275e-01 5.447707772254943848e-01
4.184922575950622559e-01 5.815076828002929688e-01
3.902028203010559082e-01 6.097971796989440918e-01
3.568841814994812012e-01 6.431157588958740234e-01
3.354450166225433350e-01 6.645549535751342773e-01
3.216608464717864990e-01 6.783391833305358887e-01
4.417675137519836426e-01 5.582324862480163574e-01
4.692285358905792236e-01 5.307714343070983887e-01
4.498049020767211914e-01 5.501950979232788086e-01
4.560707807540893555e-01 5.439292192459106445e-01
3.771284818649291992e-01 6.228715181350708008e-01
5.426605939865112305e-01 4.573393762111663818e-01
4.315443336963653564e-01 5.684556365013122559e-01
4.284357428550720215e-01 5.715642571449279785e-01
2.267421334981918335e-01 7.732578516006469727e-01
4.186798036098480225e-01 5.813201665878295898e-01
5.140705704689025879e-01 4.859293997287750244e-01
5.737069845199584961e-01 4.262929856777191162e-01
3.164709508419036865e-01 6.835290789604187012e-01
6.182827949523925781e-01 3.817172050476074219e-01
3.480844199657440186e-01 6.519155502319335938e-01
4.047360420227050781e-01 5.952639579772949219e-01
2.521462142467498779e-01 7.478537559509277344e-01
3.992956578731536865e-01 6.007043719291687012e-01
5.843068361282348633e-01 4.156931340694427490e-01
3.063135147094726562e-01 6.936864852905273438e-01
5.217491388320922852e-01 4.782508313655853271e-01
5.141835808753967285e-01 4.858164191246032715e-01
5.581900477409362793e-01 4.418100118637084961e-01
6.373386979103088379e-01 3.626613020896911621e-01
3.927341699600219727e-01 6.072658896446228027e-01
4.100143015384674072e-01 5.899857282638549805e-01
2.848590314388275146e-01 7.151409983634948730e-01
6.471551060676574707e-01 3.528448641300201416e-01
5.362560153007507324e-01 4.637440145015716553e-01
4.580688178539276123e-01 5.419311523437500000e-01
3.249277472496032715e-01 6.750722527503967285e-01
