7.699686288833618164e-01 2.300313562154769897e-01
5.282493233680725098e-01 4.717506170272827148e-01
7.224851846694946289e-01 2.775148153305053711e-01
5.393633842468261719e-01 4.606366157531738281e-01
5.342561006546020508e-01 4.657438993453979492e-01
6.348427534103393555e-01 3.651572763919830322e-01
6.784403324127197266e-01 3.215596377849578857e-01
6.899479031562805176e-01 3.100520968437194824e-01
5.927945375442504883e-01 4.072054922580718994e-01
6.834775209426879883e-01 3.165224790573120117e-01
5.694013237953186035e-01 4.305986464023590088e-01
6.436300277709960938e-01 3.563699424266815186e-01
7.608348727226257324e-01 2.391650974750518799e-01
5.381222367286682129e-01 4.618777930736541748e-01
7.599372863769531250e-01 2.400627136230468750e-01
7.861215472221374512e-01 2.138784676790237427e-01
4.689672589302062988e-01 5.310327410697937012e-01
6.421328783035278320e-01 3.578671813011169434e-01
7.227092981338500977e-01 2.772907316684722900e-01
6.116836667060852051e-01 3.883163630962371826e-01
4.768446981906890869e-01 5.231553316116333008e-01
3.940106034278869629e-01 6.059893965721130371e-01
4.566696286201477051e-01 5.433303713798522949e-01
3.442350625991821289e-01 6.557649374008178711e-01
5.101890563964843750e-01 4.898109138011932373e-01
4.343020915985107422e-01 5.656979084014892578e-01
6.231209635734558105e-01 3.768790066242218018e-01
5.813540816307067871e-01 4.186458885669708252e-01
5.126768946647644043e-01 4.873230755329132080e-01
5.385615825653076172e-01 4.614384472370147705e-01
5.221090912818908691e-01 4.778908491134643555e-01
4.364849030971527100e-01 5.635150671005249023e-01
5.069463849067687988e-01 4.930535852909088135e-01
5.947324633598327637e-01 4.052675366401672363e-01
5.802177786827087402e-01 4.197822213172912598e-01
5.443938374519348145e-01 4.556061625480651855e-01
6.554687619209289551e-01 3.445312678813934326e-01
4.406569600105285645e-01 5.593430399894714355e-01
6.136628389358520508e-01 3.863371312618255615e-01
4.675415754318237305e-01 5.324584245681762695e-01
4.731597006320953369e-01 5.268403291702270508e-01
7.763146758079528809e-01 2.236852794885635376e-01
6.440597772598266602e-01 3.559402823448181152e-01
4.749952256679534912e-01 5.250047445297241211e-01
7.041975259780883789e-01 2.958024740219116211e-01
3.542581796646118164e-01 6.457418203353881836e-01
4.996891319751739502e-01 5.003108978271484375e-01
5.412550568580627441e-01 4.587449729442596436e-01
7.485586404800415039e-01 2.514413595199584961e-01
4.707054495811462402e-01 5.292945504188537598e-01
3.904284834861755371e-01 6.095715761184692383e-01
7.359069585800170898e-01 2.640929818153381348e-01
6.398183703422546387e-01 3.601816296577453613e-01
5.663231611251831055e-01 4.336768388748168945e-01
5.457147359848022461e-01 4.542852640151977539e-01
5.180971622467041016e-01 4.819028079509735107e-01
7.043155431747436523e-01 2.956844568252563477e-01
6.040470600128173828e-01 3.959529101848602295e-01
5.862590074539184570e-01 4.137410223484039307e-01
5.429992675781250000e-01 4.570007622241973877e-01
4.037031531333923340e-01 5.962969064712524414e-01
6.047415137290954590e-01 3.952585160732269287e-01
4.826201498508453369e-01 5.173798799514770508e-01
6.713904738426208496e-01 3.286095559597015381e-01
6.448953747749328613e-01 3.551046252250671387e-01
4.557220637798309326e-01 5.442779064178466797e-01
6.424844861030578613e-01 3.575154542922973633e-01
5.629737377166748047e-01 4.370262324810028076e-01
8.315795063972473145e-01 1.684205085039138794e-01
4.634574949741363525e-01 5.365424752235412598e-01
4.013165831565856934e-01 5.986834168434143066e-01
5.903184413909912109e-01 4.096815288066864014e-01
5.087199211120605469e-01 4.912800788879394531e-01
7.090677618980407715e-01 2.909322679042816162e-01
7.551406025886535645e-01 2.448593825101852417e-01
4.690627753734588623e-01 5.309371948242187500e-01
3.996617197990417480e-01 6.003382205963134766e-01
5.168079137802124023e-01 4.831920862197875977e-01
7.070489525794982910e-01 2.929509878158569336e-01
6.694793105125427246e-01 3.305206894874572754e-01
6.248582005500793457e-01 3.751417696475982666e-01
4.231858253479003906e-01 5.768141150474548340e-01
5.112696886062622070e-01 4.887303411960601807e-01
5.475983023643493652e-01 4.524016678333282471e-01
3.960592746734619141e-01 6.039407849311828613e-01
5.502879619598388672e-01 4.497120380401611328e-01
6.237373352050781250e-01 3.762626647949218750e-01
6.110395193099975586e-01 3.889605104923248291e-01
7.078738212585449219e-01 2.921261489391326904e-01
4.241445362567901611e-01 5.758554935455322266e-01
5.435091257095336914e-01 4.564908444881439209e-01
6.974202990531921387e-01 3.025797009468078613e-01
4.838568866252899170e-01 5.161431431770324707e-01
5.241369605064392090e-01 4.758629798889160156e-01
3.643031418323516846e-01 6.356968879699707031e-01
7.097189426422119141e-01 2.902810573577880859e-01
4.762352108955383301e-01 5.237647891044616699e-01
4.837612509727478027e-01 5.162387490272521973e-01
6.744593977928161621e-01 3.255405426025390625e-01
4.394163489341735840e-01 5.605835914611816406e-01
6.616601347923278809e-01 3.383398652076721191e-01
4.213663935661315918e-01 5.786336064338684082e-01
3.987727165222167969e-01 6.012272834777832031e-01
6.157348752021789551e-01 3.842650949954986572e-01
5.468970537185668945e-01 4.531029760837554932e-01
4.723053574562072754e-01 5.276946425437927246e-01
5.956891775131225586e-01 4.043107926845550537e-01
6.725286841392517090e-01 3.274713456630706787e-01
7.500153779983520508e-01 2.499846220016479492e-01
6.529681682586669922e-01 3.470318615436553955e-01
4.639295935630798340e-01 5.360704064369201660e-01
5.752463936805725098e-01 4.247535765171051025e-01
5.658029317855834961e-01 4.341970682144165039e-01
7.188150882720947266e-01 2.811849117279052734e-01
6.667660474777221680e-01 3.332340121269226074e-01
6.031827926635742188e-01 3.968171477317810059e-01
5.977325439453125000e-01 4.022674560546875000e-01
6.748118996620178223e-01 3.251880705356597900e-01
4.804650247097015381e-01 5.195349454879760742e-01
8.215864300727844238e-01 1.784135550260543823e-01
5.058056712150573730e-01 4.941942989826202393e-01
4.528741836547851562e-01 5.471258163452148438e-01
4.578104019165039062e-01 5.421895980834960938e-01
4.582108855247497559e-01 5.417891144752502441e-01
7.250717282295227051e-01 2.749282717704772949e-01
4.719190895557403564e-01 5.280808806419372559e-01
6.680240631103515625e-01 3.319759070873260498e-01
5.127755403518676758e-01 4.872244596481323242e-01
4.899120628833770752e-01 5.100879669189453125e-01
6.811351180076599121e-01 3.188648819923400879e-01
6.659678220748901367e-01 3.340322077274322510e-01
6.110125184059143066e-01 3.889875113964080811e-01
5.019592046737670898e-01 4.980407953262329102e-01
4.920239746570587158e-01 5.079759955406188965e-01
6.247531771659851074e-01 3.752467930316925049e-01
4.655942618846893311e-01 5.344057083129882812e-01
5.194085240364074707e-01 4.805914461612701416e-01
6.191853284835815430e-01 3.808146417140960693e-01
5.630270838737487793e-01 4.369729459285736084e-01
4.193525016307830811e-01 5.806474685668945312e-01
4.607208967208862305e-01 5.392791032791137695e-01
5.879375934600830078e-01 4.120624363422393799e-01
6.505562663078308105e-01 3.494437336921691895e-01
5.319048762321472168e-01 4.680951237678527832e-01
7.065691351890563965e-01 2.934308648109436035e-01
4.698281288146972656e-01 5.301718711853027344e-01
6.455920338630676270e-01 3.544079661369323730e-01
5.684656500816345215e-01 4.315342903137207031e-01
5.073951482772827148e-01 4.926048517227172852e-01
5.080619454383850098e-01 4.919380247592926025e-01
3.896817266941070557e-01 6.103183031082153320e-01
5.938587188720703125e-01 4.061412513256072998e-01
5.991470217704772949e-01 4.008530378341674805e-01
5.500824451446533203e-01 4.499175250530242920e-01
6.176450252532958984e-01 3.823549449443817139e-01
4.382573068141937256e-01 5.617426633834838867e-01
5.559773445129394531e-01 4.440226554870605469e-01
3.755308687686920166e-01 6.244691014289855957e-01
5.773543119430541992e-01 4.226456582546234131e-01
4.953516125679016113e-01 5.046483874320983887e-01
6.053372621536254883e-01 3.946626782417297363e-01
7.401167750358581543e-01 2.598832547664642334e-01
4.438651502132415771e-01 5.561348795890808105e-01
7.737222909927368164e-01 2.262776941061019897e-01
5.223662257194519043e-01 4.776337742805480957e-01
6.687794923782348633e-01 3.312204778194427490e-01
7.942680716514587402e-01 2.057320028543472290e-01
6.441366076469421387e-01 3.558633625507354736e-01
4.500795602798461914e-01 5.499204397201538086e-01
5.442483425140380859e-01 4.557516574859619141e-01
4.774516522884368896e-01 5.225483179092407227e-01
6.543716192245483398e-01 3.456283509731292725e-01
4.816617369651794434e-01 5.183382630348205566e-01
6.477624773979187012e-01 3.522374927997589111e-01
4.861653447151184082e-01 5.138345956802368164e-01
8.165423870086669922e-01 1.834575831890106201e-01
5.167998671531677246e-01 4.832000732421875000e-01
7.760941386222839355e-01 2.239058911800384521e-01
7.399265170097351074e-01 2.600734829902648926e-01
6.351833939552307129e-01 3.648165762424468994e-01
4.836291670799255371e-01 5.163708329200744629e-01
7.804500460624694824e-01 2.195499986410140991e-01
5.907855033874511719e-01 4.092145562171936035e-01
4.928366243839263916e-01 5.071633458137512207e-01
5.074656009674072266e-01 4.925344586372375488e-01
4.895980656147003174e-01 5.104019641876220703e-01
6.423733234405517578e-01 3.576266765594482422e-01
7.477281689643859863e-01 2.522718906402587891e-01
4.007023274898529053e-01 5.992976427078247070e-01
4.513641893863677979e-01 5.486358404159545898e-01
5.738458633422851562e-01 4.261541366577148438e-01
6.597779989242553711e-01 3.402220010757446289e-01
4.888351857662200928e-01 5.111647844314575195e-01
5.444556474685668945e-01 4.555443823337554932e-01
5.291157960891723633e-01 4.708841741085052490e-01
5.116630792617797852e-01 4.883369207382202148e-01
4.421238601207733154e-01 5.578761696815490723e-01
4.568136036396026611e-01 5.431864261627197266e-01
6.050729155540466309e-01 3.949270844459533691e-01
4.090288877487182617e-01 5.909711122512817383e-01
3.853253722190856934e-01 6.146746277809143066e-01
4.563007056713104248e-01 5.436992645263671875e-01
6.064880490303039551e-01 3.935119211673736572e-01
4.526257812976837158e-01 5.473742485046386719e-01
6.603318452835083008e-01 3.396681547164916992e-01
6.944715976715087891e-01 3.055284023284912109e-01
4.369935989379882812e-01 5.630063414573669434e-01
5.371240377426147461e-01 4.628759324550628662e-01
6.287353038787841797e-01 3.712647259235382080e-01
7.288818955421447754e-01 2.711181044578552246e-01
5.750327110290527344e-01 4.249672591686248779e-01
6.567998528480529785e-01 3.432001173496246338e-01
5.826219320297241211e-01 4.173780977725982666e-01
6.048337221145629883e-01 3.951662480831146240e-01
6.603340506553649902e-01 3.396658897399902344e-01
7.031506896018981934e-01 2.968493402004241943e-01
6.038635373115539551e-01 3.961364924907684326e-01
6.738924384117126465e-01 3.261075019836425781e-01
6.592919826507568359e-01 3.407080173492431641e-01
6.750220060348510742e-01 3.249779343605041504e-01
4.581525027751922607e-01 5.418475270271301270e-01
6.433370113372802734e-01 3.566629588603973389e-01
4.880950152873992920e-01 5.119050145149230957e-01
6.922655105590820312e-01 3.077345192432403564e-01
3.407232165336608887e-01 6.592768430709838867e-01
5.102019906044006348e-01 4.897980391979217529e-01
5.261700153350830078e-01 4.738299846649169922e-01
4.944293200969696045e-01 5.055706501007080078e-01
5.396048426628112793e-01 4.603951573371887207e-01
5.139861106872558594e-01 4.860138893127441406e-01
3.617092967033386230e-01 6.382907032966613770e-01
4.207562804222106934e-01 5.792436599731445312e-01
5.568712949752807617e-01 4.431287348270416260e-01
6.390274167060852051e-01 3.609725832939147949e-01
6.952702403068542480e-01 3.047297894954681396e-01
4.785807430744171143e-01 5.214192271232604980e-01
6.496099233627319336e-01 3.503900170326232910e-01
6.079106330871582031e-01 3.920893669128417969e-01
7.287321686744689941e-01 2.712678313255310059e-01
5.236364006996154785e-01 4.763635993003845215e-01
4.373573064804077148e-01 5.626426935195922852e-01
7.708020806312561035e-01 2.291979640722274780e-01
4.272816777229309082e-01 5.727182626724243164e-01
7.398805022239685059e-01 2.601194679737091064e-01
4.131486117839813232e-01 5.868513584136962891e-01
5.806828141212463379e-01 4.193171858787536621e-01
7.082059383392333984e-01 2.917940616607666016e-01
4.862676560878753662e-01 5.137323141098022461e-01
3.729812502861022949e-01 6.270187497138977051e-01
5.945839285850524902e-01 4.054161012172698975e-01
5.296876430511474609e-01 4.703123867511749268e-01
5.209014415740966797e-01 4.790985286235809326e-01
3.957806825637817383e-01 6.042193174362182617e-01
4.350284337997436523e-01 5.649716258049011230e-01
4.921109378337860107e-01 5.078890323638916016e-01
4.854108691215515137e-01 5.145891308784484863e-01
7.935350537300109863e-01 2.064649909734725952e-01
7.259457707405090332e-01 2.740542590618133545e-01
5.658482909202575684e-01 4.341517388820648193e-01
5.650792717933654785e-01 4.349207282066345215e-01
6.612829566001892090e-01 3.387170135974884033e-01
5.311180353164672852e-01 4.688819348812103271e-01
6.273134946823120117e-01 3.726865351200103760e-01
7.358489036560058594e-01 2.641510963439941406e-01
5.569403171539306641e-01 4.430596530437469482e-01
6.630745530128479004e-01 3.369254469871520996e-01
4.535166919231414795e-01 5.464832782745361328e-01
5.565957427024841309e-01 4.434042274951934814e-01
7.530059218406677246e-01 2.469940930604934692e-01
4.941730499267578125e-01 5.058269500732421875e-01
5.629650950431823730e-01 4.370349347591400146e-01
4.839503467082977295e-01 5.160496830940246582e-01
4.857177734375000000e-01 5.142822265625000000e-01
7.498177886009216309e-01 2.501822113990783691e-01
3.602708578109741211e-01 6.397291421890258789e-01
6.507163643836975098e-01 3.492836356163024902e-01
4.504033923149108887e-01 5.495966076850891113e-01
6.367891430854797363e-01 3.632108569145202637e-01
7.587604522705078125e-01 2.412395626306533813e-01
7.623670101165771484e-01 2.376329749822616577e-01
4.175928235054016113e-01 5.824071168899536133e-01
6.244309544563293457e-01 3.755690753459930420e-01
6.101114749908447266e-01 3.898885250091552734e-01
3.826647698879241943e-01 6.173352599143981934e-01
7.567639350891113281e-01 2.432360351085662842e-01
4.968813061714172363e-01 5.031186938285827637e-01
7.248765826225280762e-01 2.751234173774719238e-01
6.617377996444702148e-01 3.382622301578521729e-01
3.989683389663696289e-01 6.010317206382751465e-01
5.680218338966369629e-01 4.319781959056854248e-01
6.808153390884399414e-01 3.191846609115600586e-01
5.831670761108398438e-01 4.168329238891601562e-01
4.192818403244018555e-01 5.807181000709533691e-01
5.288754105567932129e-01 4.711245596408843994e-01
4.428328275680541992e-01 5.571672320365905762e-01
8.115316033363342285e-01 1.884684115648269653e-01
4.606398940086364746e-01 5.393601059913635254e-01
5.864474177360534668e-01 4.135526120662689209e-01
4.494939446449279785e-01 5.505060553550720215e-01
6.647037863731384277e-01 3.352962732315063477e-01
3.685005307197570801e-01 6.314994692802429199e-01
6.550259590148925781e-01 3.449741005897521973e-01
4.037322998046875000e-01 5.962677001953125000e-01
5.762983560562133789e-01 4.237016737461090088e-01
6.483924388885498047e-01 3.516075313091278076e-01
5.468857884407043457e-01 4.531142413616180420e-01
5.212492346763610840e-01 4.787507355213165283e-01
6.949856877326965332e-01 3.050143122673034668e-01
4.802763164043426514e-01 5.197237133979797363e-01
4.546105265617370605e-01 5.453894734382629395e-01
4.843133687973022461e-01 5.156866312026977539e-01
6.231100559234619141e-01 3.768899738788604736e-01
8.016675710678100586e-01 1.983324587345123291e-01
6.966848373413085938e-01 3.033151924610137939e-01
7.560144066810607910e-01 2.439855784177780151e-01
4.594449698925018311e-01 5.405550599098205566e-01
4.753309190273284912e-01 5.246690511703491211e-01
7.877171635627746582e-01 2.122828811407089233e-01
5.244401097297668457e-01 4.755598902702331543e-01
6.226800680160522461e-01 3.773198723793029785e-01
5.787634849548339844e-01 4.212365150451660156e-01
5.249739885330200195e-01 4.750259518623352051e-01
4.790960550308227539e-01 5.209039449691772461e-01
6.572510600090026855e-01 3.427489995956420898e-01
6.412429213523864746e-01 3.587570190429687500e-01
4.819792211055755615e-01 5.180208086967468262e-01
4.297300577163696289e-01 5.702699422836303711e-01
5.824102759361267090e-01 4.175897538661956787e-01
4.820865690708160400e-01 5.179134011268615723e-01
5.893718004226684570e-01 4.106282293796539307e-01
6.488718390464782715e-01 3.511281609535217285e-01
5.649089813232421875e-01 4.350909888744354248e-01
6.284553408622741699e-01 3.715446889400482178e-01
6.632682681083679199e-01 3.367317318916320801e-01
7.617117166519165039e-01 2.382882386445999146e-01
7.158951759338378906e-01 2.841047644615173340e-01
6.594531536102294922e-01 3.405468463897705078e-01
5.318253636360168457e-01 4.681746065616607666e-01
5.156165361404418945e-01 4.843834042549133301e-01
5.901485681533813477e-01 4.098514616489410400e-01
5.970299839973449707e-01 4.029700160026550293e-01
4.555343389511108398e-01 5.444657206535339355e-01
5.129914879798889160e-01 4.870084822177886963e-01
5.869894027709960938e-01 4.130106270313262939e-01
6.926810145378112793e-01 3.073190450668334961e-01
4.566675424575805664e-01 5.433324575424194336e-01
7.578272223472595215e-01 2.421727329492568970e-01
4.277901053428649902e-01 5.722098946571350098e-01
5.094808340072631836e-01 4.905191361904144287e-01
7.693202495574951172e-01 2.306797802448272705e-01
7.275381684303283691e-01 2.724618613719940186e-01
7.130951881408691406e-01 2.869048416614532471e-01
6.278452277183532715e-01 3.721547722816467285e-01
6.466373205184936523e-01 3.533626794815063477e-01
6.615058779716491699e-01 3.384940624237060547e-01
7.065725326538085938e-01 2.934274673461914062e-01
4.461465775966644287e-01 5.538533926010131836e-01
4.429569244384765625e-01 5.570430159568786621e-01
