4.713925421237945557e-01 5.286074280738830566e-01
5.865203738212585449e-01 4.134796261787414551e-01
2.084178626537322998e-01 7.915821075439453125e-01
3.606510460376739502e-01 6.393489241600036621e-01
3.944779932498931885e-01 6.055219769477844238e-01
5.384368896484375000e-01 4.615630507469177246e-01
2.433566302061080933e-01 7.566433548927307129e-01
5.482931733131408691e-01 4.517068266868591309e-01
3.219138085842132568e-01 6.780862212181091309e-01
7.556248903274536133e-01 2.443751543760299683e-01
2.862710952758789062e-01 7.137289047241210938e-01
7.517176270484924316e-01 2.482823878526687622e-01
3.561530411243438721e-01 6.438469886779785156e-01
7.035658955574035645e-01 2.964340448379516602e-01
6.391199827194213867e-01 3.608800768852233887e-01
5.432963967323303223e-01 4.567036330699920654e-01
2.507422268390655518e-01 7.492578029632568359e-01
5.394809842109680176e-01 4.605190455913543701e-01
3.062474727630615234e-01 6.937524676322937012e-01
3.520336449146270752e-01 6.479663848876953125e-01
3.900955021381378174e-01 6.099044680595397949e-01
4.332115948200225830e-01 5.667884349822998047e-01
2.790869772434234619e-01 7.209130525588989258e-01
2.624699175357818604e-01 7.375300526618957520e-01
2.292462140321731567e-01 7.707537412643432617e-01
4.539130032062530518e-01 5.460870265960693359e-01
3.952893912792205811e-01 6.047106385231018066e-01
7.826746106147766113e-01 2.173253595829010010e-01
1.913563907146453857e-01 8.086436390876770020e-01
3.875850141048431396e-01 6.124149560928344727e-01
2.540129721164703369e-01 7.459870576858520508e-01
5.955462455749511719e-01 4.044537246227264404e-01
2.559043765068054199e-01 7.440956234931945801e-01
2.169221490621566772e-01 7.830778360366821289e-01
2.899347543716430664e-01 7.100652456283569336e-01
6.109110713005065918e-01 3.890889286994934082e-01
2.486355453729629517e-01 7.513644099235534668e-01
4.522885978221893311e-01 5.477114319801330566e-01
1.647509783506393433e-01 8.352490067481994629e-01
7.428410053253173828e-01 2.571589648723602295e-01
2.299448102712631226e-01 7.700551152229309082e-01
3.170458674430847168e-01 6.829541325569152832e-01
2.614944279193878174e-01 7.385056018829345703e-01
6.704810261726379395e-01 3.295189440250396729e-01
2.192786782979965210e-01 7.807213664054870605e-01
5.955231785774230957e-01 4.044768214225769043e-01
2.761600911617279053e-01 7.238398790359497070e-01
6.232345104217529297e-01 3.767654895782470703e-01
1.756946593523025513e-01 8.243052959442138672e-01
6.255865693092346191e-01 3.744134604930877686e-01
1.977263987064361572e-01 8.022735714912414551e-01
7.505079507827758789e-01 2.494920939207077026e-01
2.094154059886932373e-01 7.905846238136291504e-01
6.076320409774780273e-01 3.923679292201995850e-01
2.022024542093276978e-01 7.977975010871887207e-01
5.529604554176330566e-01 4.470395445823669434e-01
2.581021785736083984e-01 7.418978810310363770e-01
6.458760499954223633e-01 3.541239202022552490e-01
3.882926404476165771e-01 6.117073893547058105e-01
7.456840872764587402e-01 2.543159425258636475e-01
3.206975758075714111e-01 6.793024539947509766e-01
6.665990948677062988e-01 3.334009349346160889e-01
2.773385047912597656e-01 7.226614356040954590e-01
5.718244314193725586e-01 4.281755685806274414e-01
2.201122343540191650e-01 7.798877954483032227e-01
6.572344303131103516e-01 3.427655994892120361e-01
2.903847694396972656e-01 7.096152305603027344e-01
6.898307204246520996e-01 3.101693093776702881e-01
2.938208580017089844e-01 7.061791419982910156e-01
4.504681229591369629e-01 5.495319366455078125e-01
2.330127358436584473e-01 7.669872641563415527e-01
4.871222972869873047e-01 5.128777027130126953e-01
2.924357354640960693e-01 7.075642347335815430e-01
3.521737158298492432e-01 6.478263139724731445e-01
3.914378881454467773e-01 6.085621714591979980e-01
7.431050539016723633e-01 2.568949759006500244e-01
3.407206535339355469e-01 6.592792868614196777e-01
4.011203050613403320e-01 5.988796353340148926e-01
2.588544487953186035e-01 7.411455512046813965e-01
5.254997014999389648e-01 4.745002985000610352e-01
2.283112555742263794e-01 7.716887593269348145e-01
8.481938838958740234e-01 1.518060564994812012e-01
2.459355592727661133e-01 7.540644407272338867e-01
5.610676407814025879e-01 4.389323294162750244e-01
3.562929034233093262e-01 6.437070965766906738e-01
4.301171004772186279e-01 5.698829293251037598e-01
2.664988040924072266e-01 7.335011959075927734e-01
5.621489286422729492e-01 4.378511011600494385e-01
3.768926560878753662e-01 6.231073141098022461e-01
4.302550852298736572e-01 5.697448849678039551e-01
3.488064706325531006e-01 6.511935591697692871e-01
2.990362346172332764e-01 7.009637951850891113e-01
2.534998059272766113e-01 7.465001940727233887e-01
7.829953432083129883e-01 2.170046716928482056e-01
3.020752668380737305e-01 6.979246735572814941e-01
7.051891088485717773e-01 2.948108613491058350e-01
2.873987853527069092e-01 7.126012444496154785e-01
2.711092829704284668e-01 7.288907170295715332e-01
2.284429371356964111e-01 7.715570926666259766e-01
6.949305534362792969e-01 3.050694167613983154e-01
3.637707233428955078e-01 6.362292766571044922e-01
6.687843799591064453e-01 3.312155902385711670e-01
1.808905154466629028e-01 8.191094398498535156e-01
5.464093685150146484e-01 4.535906016826629639e-01
2.442367076873779297e-01 7.557632923126220703e-01
5.189743041992187500e-01 4.810256659984588623e-01
2.545816302299499512e-01 7.454184293746948242e-01
5.733408927917480469e-01 4.266591370105743408e-01
3.858111500740051270e-01 6.141888499259948730e-01
6.612322330474853516e-01 3.387677669525146484e-01
1.489575356245040894e-01 8.510424494743347168e-01
7.662667036056518555e-01 2.337332963943481445e-01
2.864970862865447998e-01 7.135028839111328125e-01
6.489548087120056152e-01 3.510451912879943848e-01
4.123829305171966553e-01 5.876170992851257324e-01
4.259326756000518799e-01 5.740672945976257324e-01
2.134924530982971191e-01 7.865075469017028809e-01
6.240615844726562500e-01 3.759384155273437500e-01
3.819653093814849854e-01 6.180346608161926270e-01
3.093919157981872559e-01 6.906080842018127441e-01
3.502292335033416748e-01 6.497707366943359375e-01
4.559634327888488770e-01 5.440365672111511230e-01
3.608110249042510986e-01 6.391889452934265137e-01
6.377943754196166992e-01 3.622056245803833008e-01
2.636198401451110840e-01 7.363801598548889160e-01
6.218423843383789062e-01 3.781575560569763184e-01
2.006684690713882446e-01 7.993315458297729492e-01
3.502899408340454102e-01 6.497100591659545898e-01
3.014285862445831299e-01 6.985714435577392578e-01
6.854067444801330566e-01 3.145932555198669434e-01
2.967858016490936279e-01 7.032142281532287598e-01
6.908004879951477051e-01 3.091995120048522949e-01
2.203583419322967529e-01 7.796416878700256348e-01
3.786346614360809326e-01 6.213653683662414551e-01
2.438105493783950806e-01 7.561894655227661133e-01
8.464663624763488770e-01 1.535335779190063477e-01
2.621043026447296143e-01 7.378957271575927734e-01
6.957169175148010254e-01 3.042830526828765869e-01
2.629549801349639893e-01 7.370450496673583984e-01
6.708897352218627930e-01 3.291102349758148193e-01
2.966825067996978760e-01 7.033175230026245117e-01
7.626075744628906250e-01 2.373924106359481812e-01
2.534676790237426758e-01 7.465323805809020996e-01
3.880799412727355957e-01 6.119200587272644043e-01
2.934492528438568115e-01 7.065507769584655762e-01
6.124488711357116699e-01 3.875511586666107178e-01
2.441503405570983887e-01 7.558496594429016113e-01
6.418733596801757812e-01 3.581266105175018311e-01
2.806474566459655762e-01 7.193525433540344238e-01
7.157509326934814453e-01 2.842491269111633301e-01
2.097032517194747925e-01 7.902967333793640137e-01
4.527243375778198242e-01 5.472756028175354004e-01
2.402459383010864258e-01 7.597540616989135742e-01
4.729422926902770996e-01 5.270577073097229004e-01
2.239437252283096313e-01 7.760562896728515625e-01
6.869071722030639648e-01 3.130928277969360352e-01
2.308852970600128174e-01 7.691147327423095703e-01
7.194293141365051270e-01 2.805706262588500977e-01
2.097826302051544189e-01 7.902173995971679688e-01
6.379954218864440918e-01 3.620045781135559082e-01
2.531085014343261719e-01 7.468914985656738281e-01
4.072762131690979004e-01 5.927238464355468750e-01
2.685150802135467529e-01 7.314849495887756348e-01
6.068421006202697754e-01 3.931578695774078369e-01
2.036246061325073242e-01 7.963754534721374512e-01
4.998170435428619385e-01 5.001829862594604492e-01
2.799212336540222168e-01 7.200787663459777832e-01
6.205450296401977539e-01 3.794550299644470215e-01
2.329113632440567017e-01 7.670885920524597168e-01
6.404360532760620117e-01 3.595639169216156006e-01
3.921645283699035645e-01 6.078354716300964355e-01
5.902978181838989258e-01 4.097021222114562988e-01
2.598764896392822266e-01 7.401235103607177734e-01
6.438715457916259766e-01 3.561284244060516357e-01
2.805854380130767822e-01 7.194145917892456055e-01
6.080117225646972656e-01 3.919883072376251221e-01
2.146572172641754150e-01 7.853428125381469727e-01
5.312566757202148438e-01 4.687433242797851562e-01
2.404654920101165771e-01 7.595345377922058105e-01
4.041945934295654297e-01 5.958054065704345703e-01
2.153567224740982056e-01 7.846432924270629883e-01
6.039780974388122559e-01 3.960219621658325195e-01
2.760556638240814209e-01 7.239443659782409668e-01
4.202558994293212891e-01 5.797441005706787109e-01
2.954278886318206787e-01 7.045721411705017090e-01
7.238682508468627930e-01 2.761317491531372070e-01
2.487652301788330078e-01 7.512347698211669922e-01
6.463274955749511719e-01 3.536724746227264404e-01
3.424275219440460205e-01 6.575725078582763672e-01
4.704955518245697021e-01 5.295044779777526855e-01
3.206919431686401367e-01 6.793080568313598633e-01
7.342730760574340820e-01 2.657268941402435303e-01
2.282197922468185425e-01 7.717801928520202637e-01
3.946686983108520508e-01 6.053312420845031738e-01
